#DRSE 153 Mpc
#frequency seismic suspension_thermal mirror_thermal quantum quantum_squeezing total
1.000e+00 7.775e-16 9.711e-20 2.136e-23 2.974e-20 6.055e-20 7.775e-16
1.009e+00 7.226e-16 9.291e-20 2.126e-23 2.920e-20 5.945e-20 7.226e-16
1.019e+00 6.716e-16 8.898e-20 2.116e-23 2.867e-20 5.836e-20 6.716e-16
1.028e+00 6.241e-16 8.531e-20 2.107e-23 2.814e-20 5.730e-20 6.241e-16
1.038e+00 5.801e-16 8.187e-20 2.097e-23 2.763e-20 5.625e-20 5.801e-16
1.047e+00 5.391e-16 7.865e-20 2.088e-23 2.712e-20 5.522e-20 5.391e-16
1.057e+00 5.011e-16 7.562e-20 2.078e-23 2.663e-20 5.421e-20 5.011e-16
1.067e+00 4.657e-16 7.278e-20 2.069e-23 2.614e-20 5.322e-20 4.657e-16
1.077e+00 4.328e-16 7.010e-20 2.060e-23 2.566e-20 5.225e-20 4.328e-16
1.087e+00 4.023e-16 6.758e-20 2.050e-23 2.520e-20 5.130e-20 4.023e-16
1.097e+00 3.739e-16 6.521e-20 2.041e-23 2.474e-20 5.036e-20 3.739e-16
1.107e+00 3.476e-16 6.297e-20 2.032e-23 2.428e-20 4.944e-20 3.476e-16
1.117e+00 3.230e-16 6.085e-20 2.023e-23 2.384e-20 4.854e-20 3.230e-16
1.127e+00 3.003e-16 5.886e-20 2.013e-23 2.340e-20 4.765e-20 3.003e-16
1.138e+00 2.791e-16 5.697e-20 2.004e-23 2.298e-20 4.678e-20 2.791e-16
1.148e+00 2.594e-16 5.519e-20 1.995e-23 2.256e-20 4.593e-20 2.594e-16
1.159e+00 2.411e-16 5.351e-20 1.986e-23 2.214e-20 4.509e-20 2.411e-16
1.170e+00 2.242e-16 5.192e-20 1.977e-23 2.174e-20 4.427e-20 2.242e-16
1.181e+00 2.084e-16 5.042e-20 1.968e-23 2.134e-20 4.346e-20 2.084e-16
1.191e+00 1.937e-16 4.900e-20 1.959e-23 2.095e-20 4.266e-20 1.937e-16
1.202e+00 1.801e-16 4.766e-20 1.951e-23 2.057e-20 4.188e-20 1.801e-16
1.214e+00 1.674e-16 4.640e-20 1.942e-23 2.019e-20 4.112e-20 1.674e-16
1.225e+00 1.556e-16 4.520e-20 1.933e-23 1.982e-20 4.037e-20 1.556e-16
1.236e+00 1.447e-16 4.408e-20 1.924e-23 1.946e-20 3.963e-20 1.447e-16
1.248e+00 1.345e-16 4.303e-20 1.916e-23 1.911e-20 3.891e-20 1.345e-16
1.259e+00 1.250e-16 4.204e-20 1.907e-23 1.876e-20 3.820e-20 1.250e-16
1.271e+00 1.162e-16 4.111e-20 1.898e-23 1.841e-20 3.750e-20 1.162e-16
1.283e+00 1.081e-16 4.024e-20 1.890e-23 1.808e-20 3.682e-20 1.081e-16
1.295e+00 1.005e-16 3.943e-20 1.881e-23 1.775e-20 3.614e-20 1.005e-16
1.307e+00 9.340e-17 3.868e-20 1.873e-23 1.742e-20 3.548e-20 9.340e-17
1.319e+00 8.684e-17 3.799e-20 1.864e-23 1.710e-20 3.484e-20 8.684e-17
1.331e+00 8.074e-17 3.735e-20 1.856e-23 1.679e-20 3.420e-20 8.074e-17
1.343e+00 7.507e-17 3.677e-20 1.848e-23 1.649e-20 3.358e-20 7.507e-17
1.356e+00 6.980e-17 3.624e-20 1.839e-23 1.618e-20 3.296e-20 6.980e-17
1.368e+00 6.490e-17 3.577e-20 1.831e-23 1.589e-20 3.236e-20 6.490e-17
1.381e+00 6.035e-17 3.536e-20 1.823e-23 1.560e-20 3.177e-20 6.035e-17
1.394e+00 5.612e-17 3.500e-20 1.814e-23 1.531e-20 3.119e-20 5.612e-17
1.407e+00 5.218e-17 3.470e-20 1.806e-23 1.503e-20 3.062e-20 5.218e-17
1.420e+00 4.852e-17 3.446e-20 1.798e-23 1.476e-20 3.006e-20 4.852e-17
1.433e+00 4.512e-17 3.428e-20 1.790e-23 1.449e-20 2.951e-20 4.512e-17
1.446e+00 4.196e-17 3.417e-20 1.782e-23 1.422e-20 2.897e-20 4.196e-17
1.459e+00 3.902e-17 3.412e-20 1.774e-23 1.396e-20 2.845e-20 3.902e-17
1.473e+00 3.629e-17 3.414e-20 1.766e-23 1.371e-20 2.793e-20 3.629e-17
1.487e+00 3.375e-17 3.424e-20 1.758e-23 1.346e-20 2.742e-20 3.375e-17
1.500e+00 3.139e-17 3.442e-20 1.750e-23 1.321e-20 2.692e-20 3.139e-17
1.514e+00 2.919e-17 3.468e-20 1.742e-23 1.297e-20 2.642e-20 2.919e-17
1.528e+00 2.715e-17 3.504e-20 1.734e-23 1.273e-20 2.594e-20 2.715e-17
1.542e+00 2.525e-17 3.550e-20 1.726e-23 1.250e-20 2.547e-20 2.525e-17
1.557e+00 2.349e-17 3.608e-20 1.719e-23 1.227e-20 2.500e-20 2.349e-17
1.571e+00 2.185e-17 3.679e-20 1.711e-23 1.205e-20 2.455e-20 2.185e-17
1.586e+00 2.032e-17 3.764e-20 1.703e-23 1.183e-20 2.410e-20 2.032e-17
1.600e+00 1.890e-17 3.866e-20 1.695e-23 1.161e-20 2.366e-20 1.890e-17
1.615e+00 1.758e-17 3.988e-20 1.688e-23 1.140e-20 2.323e-20 1.758e-17
1.630e+00 1.636e-17 4.132e-20 1.680e-23 1.119e-20 2.280e-20 1.636e-17
1.645e+00 1.522e-17 4.303e-20 1.673e-23 1.099e-20 2.239e-20 1.522e-17
1.660e+00 1.416e-17 4.507e-20 1.665e-23 1.079e-20 2.198e-20 1.416e-17
1.676e+00 1.317e-17 4.751e-20 1.658e-23 1.059e-20 2.158e-20 1.317e-17
1.691e+00 1.225e-17 5.046e-20 1.650e-23 1.039e-20 2.118e-20 1.225e-17
1.707e+00 1.140e-17 5.404e-20 1.643e-23 1.020e-20 2.080e-20 1.140e-17
1.723e+00 1.061e-17 5.847e-20 1.635e-23 1.002e-20 2.042e-20 1.061e-17
1.739e+00 9.868e-18 6.404e-20 1.628e-23 9.835e-21 2.005e-20 9.868e-18
1.755e+00 9.182e-18 7.121e-20 1.621e-23 9.655e-21 1.968e-20 9.182e-18
1.771e+00 8.544e-18 8.072e-20 1.613e-23 9.479e-21 1.932e-20 8.544e-18
1.788e+00 7.950e-18 9.386e-20 1.606e-23 9.306e-21 1.897e-20 7.951e-18
1.804e+00 7.398e-18 1.131e-19 1.599e-23 9.136e-21 1.862e-20 7.399e-18
1.821e+00 6.885e-18 1.439e-19 1.592e-23 8.969e-21 1.828e-20 6.886e-18
1.838e+00 6.407e-18 2.008e-19 1.585e-23 8.805e-21 1.795e-20 6.410e-18
1.855e+00 5.963e-18 3.402e-19 1.577e-23 8.644e-21 1.762e-20 5.973e-18
1.872e+00 5.550e-18 1.210e-18 1.570e-23 8.486e-21 1.730e-20 5.680e-18
1.889e+00 5.165e-18 7.365e-19 1.563e-23 8.331e-21 1.698e-20 5.217e-18
1.907e+00 4.807e-18 2.769e-19 1.556e-23 8.178e-21 1.667e-20 4.815e-18
1.924e+00 4.475e-18 1.686e-19 1.549e-23 8.029e-21 1.637e-20 4.478e-18
1.942e+00 4.165e-18 1.202e-19 1.542e-23 7.882e-21 1.607e-20 4.167e-18
1.960e+00 3.877e-18 9.285e-20 1.535e-23 7.738e-21 1.578e-20 3.878e-18
1.978e+00 3.609e-18 7.526e-20 1.528e-23 7.596e-21 1.549e-20 3.610e-18
1.997e+00 3.360e-18 6.303e-20 1.521e-23 7.457e-21 1.521e-20 3.361e-18
2.015e+00 3.128e-18 5.403e-20 1.515e-23 7.321e-21 1.493e-20 3.129e-18
2.034e+00 2.912e-18 4.714e-20 1.508e-23 7.187e-21 1.466e-20 2.913e-18
2.053e+00 2.711e-18 4.171e-20 1.501e-23 7.056e-21 1.439e-20 2.712e-18
2.072e+00 2.525e-18 3.731e-20 1.494e-23 6.927e-21 1.413e-20 2.525e-18
2.091e+00 2.351e-18 3.368e-20 1.488e-23 6.800e-21 1.387e-20 2.351e-18
2.110e+00 2.189e-18 3.064e-20 1.481e-23 6.676e-21 1.362e-20 2.189e-18
2.130e+00 2.038e-18 2.805e-20 1.474e-23 6.554e-21 1.337e-20 2.038e-18
2.149e+00 1.898e-18 2.582e-20 1.468e-23 6.434e-21 1.313e-20 1.898e-18
2.169e+00 1.768e-18 2.389e-20 1.461e-23 6.316e-21 1.289e-20 1.768e-18
2.189e+00 1.646e-18 2.219e-20 1.454e-23 6.201e-21 1.265e-20 1.646e-18
2.210e+00 1.533e-18 2.070e-20 1.448e-23 6.087e-21 1.242e-20 1.533e-18
2.230e+00 1.428e-18 1.936e-20 1.441e-23 5.976e-21 1.219e-20 1.428e-18
2.251e+00 1.330e-18 1.817e-20 1.435e-23 5.867e-21 1.197e-20 1.330e-18
2.272e+00 1.239e-18 1.709e-20 1.429e-23 5.760e-21 1.175e-20 1.239e-18
2.293e+00 1.154e-18 1.612e-20 1.422e-23 5.654e-21 1.154e-20 1.154e-18
2.314e+00 1.075e-18 1.524e-20 1.416e-23 5.551e-21 1.133e-20 1.075e-18
2.335e+00 1.002e-18 1.443e-20 1.409e-23 5.449e-21 1.112e-20 1.002e-18
2.357e+00 9.334e-19 1.369e-20 1.403e-23 5.350e-21 1.092e-20 9.335e-19
2.379e+00 8.697e-19 1.301e-20 1.397e-23 5.252e-21 1.072e-20 8.698e-19
2.401e+00 8.103e-19 1.238e-20 1.390e-23 5.156e-21 1.053e-20 8.104e-19
2.423e+00 7.551e-19 1.180e-20 1.384e-23 5.062e-21 1.033e-20 7.552e-19
2.446e+00 7.036e-19 1.127e-20 1.378e-23 4.969e-21 1.015e-20 7.038e-19
2.468e+00 6.557e-19 1.076e-20 1.372e-23 4.878e-21 9.960e-21 6.559e-19
2.491e+00 6.111e-19 1.030e-20 1.366e-23 4.789e-21 9.779e-21 6.112e-19
2.514e+00 5.696e-19 9.860e-21 1.360e-23 4.701e-21 9.601e-21 5.697e-19
2.537e+00 5.309e-19 9.451e-21 1.353e-23 4.615e-21 9.426e-21 5.310e-19
2.561e+00 4.949e-19 9.067e-21 1.347e-23 4.531e-21 9.254e-21 4.950e-19
2.585e+00 4.613e-19 8.706e-21 1.341e-23 4.448e-21 9.085e-21 4.614e-19
2.609e+00 4.300e-19 8.366e-21 1.335e-23 4.367e-21 8.920e-21 4.301e-19
2.633e+00 4.009e-19 8.045e-21 1.329e-23 4.287e-21 8.757e-21 4.010e-19
2.657e+00 3.738e-19 7.742e-21 1.323e-23 4.208e-21 8.598e-21 3.739e-19
2.682e+00 3.485e-19 7.455e-21 1.317e-23 4.131e-21 8.441e-21 3.486e-19
2.707e+00 3.250e-19 7.183e-21 1.312e-23 4.056e-21 8.287e-21 3.251e-19
2.732e+00 3.030e-19 6.925e-21 1.306e-23 3.982e-21 8.136e-21 3.031e-19
2.757e+00 2.826e-19 6.680e-21 1.300e-23 3.909e-21 7.988e-21 2.827e-19
2.783e+00 2.635e-19 6.447e-21 1.294e-23 3.837e-21 7.843e-21 2.636e-19
2.808e+00 2.458e-19 6.226e-21 1.288e-23 3.767e-21 7.700e-21 2.459e-19
2.834e+00 2.292e-19 6.014e-21 1.282e-23 3.698e-21 7.560e-21 2.293e-19
2.861e+00 2.138e-19 5.812e-21 1.277e-23 3.631e-21 7.422e-21 2.139e-19
2.887e+00 1.995e-19 5.620e-21 1.271e-23 3.564e-21 7.287e-21 1.996e-19
2.914e+00 1.861e-19 5.436e-21 1.265e-23 3.499e-21 7.154e-21 1.862e-19
2.941e+00 1.736e-19 5.260e-21 1.260e-23 3.435e-21 7.024e-21 1.737e-19
2.968e+00 1.620e-19 5.091e-21 1.254e-23 3.372e-21 6.896e-21 1.621e-19
2.996e+00 1.511e-19 4.930e-21 1.248e-23 3.310e-21 6.771e-21 1.512e-19
3.023e+00 1.410e-19 4.775e-21 1.243e-23 3.250e-21 6.647e-21 1.411e-19
3.051e+00 1.316e-19 4.626e-21 1.237e-23 3.190e-21 6.526e-21 1.317e-19
3.080e+00 1.228e-19 4.484e-21 1.232e-23 3.132e-21 6.408e-21 1.229e-19
3.108e+00 1.146e-19 4.347e-21 1.226e-23 3.075e-21 6.291e-21 1.147e-19
3.137e+00 1.070e-19 4.215e-21 1.221e-23 3.018e-21 6.176e-21 1.071e-19
3.166e+00 9.985e-20 4.089e-21 1.215e-23 2.963e-21 6.064e-21 9.997e-20
3.195e+00 9.320e-20 3.967e-21 1.210e-23 2.909e-21 5.954e-21 9.333e-20
3.225e+00 8.701e-20 3.849e-21 1.204e-23 2.856e-21 5.845e-21 8.714e-20
3.255e+00 8.123e-20 3.736e-21 1.199e-23 2.803e-21 5.739e-21 8.136e-20
3.285e+00 7.584e-20 3.627e-21 1.194e-23 2.752e-21 5.635e-21 7.598e-20
3.315e+00 7.081e-20 3.522e-21 1.188e-23 2.702e-21 5.532e-21 7.095e-20
3.346e+00 6.612e-20 3.421e-21 1.183e-23 2.652e-21 5.432e-21 6.626e-20
3.377e+00 6.175e-20 3.323e-21 1.178e-23 2.604e-21 5.333e-21 6.189e-20
3.408e+00 5.767e-20 3.229e-21 1.172e-23 2.556e-21 5.236e-21 5.781e-20
3.440e+00 5.386e-20 3.138e-21 1.167e-23 2.509e-21 5.141e-21 5.401e-20
3.472e+00 5.030e-20 3.050e-21 1.162e-23 2.463e-21 5.047e-21 5.046e-20
3.504e+00 4.699e-20 2.964e-21 1.157e-23 2.418e-21 4.955e-21 4.714e-20
3.536e+00 4.389e-20 2.882e-21 1.152e-23 2.374e-21 4.865e-21 4.405e-20
3.569e+00 4.101e-20 2.803e-21 1.146e-23 2.330e-21 4.777e-21 4.117e-20
3.602e+00 3.831e-20 2.726e-21 1.141e-23 2.288e-21 4.690e-21 3.848e-20
3.635e+00 3.580e-20 2.651e-21 1.136e-23 2.246e-21 4.605e-21 3.596e-20
3.669e+00 3.345e-20 2.579e-21 1.131e-23 2.205e-21 4.521e-21 3.362e-20
3.703e+00 3.126e-20 2.509e-21 1.126e-23 2.164e-21 4.439e-21 3.143e-20
3.737e+00 2.921e-20 2.441e-21 1.121e-23 2.125e-21 4.358e-21 2.939e-20
3.772e+00 2.730e-20 2.376e-21 1.116e-23 2.086e-21 4.279e-21 2.748e-20
3.807e+00 2.552e-20 2.312e-21 1.111e-23 2.048e-21 4.202e-21 2.570e-20
3.842e+00 2.385e-20 2.251e-21 1.106e-23 2.010e-21 4.125e-21 2.404e-20
3.878e+00 2.229e-20 2.191e-21 1.101e-23 1.973e-21 4.050e-21 2.249e-20
3.914e+00 2.084e-20 2.133e-21 1.096e-23 1.937e-21 3.977e-21 2.104e-20
3.950e+00 1.949e-20 2.077e-21 1.091e-23 1.902e-21 3.905e-21 1.969e-20
3.987e+00 1.822e-20 2.023e-21 1.086e-23 1.867e-21 3.834e-21 1.843e-20
4.024e+00 1.704e-20 1.970e-21 1.082e-23 1.833e-21 3.764e-21 1.725e-20
4.061e+00 1.593e-20 1.918e-21 1.077e-23 1.799e-21 3.696e-21 1.615e-20
4.098e+00 1.490e-20 1.869e-21 1.072e-23 1.766e-21 3.629e-21 1.512e-20
4.136e+00 1.393e-20 1.820e-21 1.067e-23 1.734e-21 3.563e-21 1.416e-20
4.175e+00 1.303e-20 1.773e-21 1.062e-23 1.702e-21 3.498e-21 1.326e-20
4.213e+00 1.219e-20 1.728e-21 1.058e-23 1.671e-21 3.435e-21 1.242e-20
4.252e+00 1.140e-20 1.683e-21 1.053e-23 1.640e-21 3.372e-21 1.164e-20
4.292e+00 1.067e-20 1.640e-21 1.048e-23 1.610e-21 3.311e-21 1.091e-20
4.331e+00 9.979e-21 1.599e-21 1.044e-23 1.581e-21 3.251e-21 1.023e-20
4.372e+00 9.336e-21 1.558e-21 1.039e-23 1.552e-21 3.192e-21 9.592e-21
4.412e+00 8.736e-21 1.518e-21 1.034e-23 1.523e-21 3.134e-21 8.997e-21
4.453e+00 8.175e-21 1.480e-21 1.030e-23 1.495e-21 3.078e-21 8.441e-21
4.494e+00 7.650e-21 1.443e-21 1.025e-23 1.468e-21 3.022e-21 7.922e-21
4.536e+00 7.159e-21 1.406e-21 1.021e-23 1.441e-21 2.967e-21 7.437e-21
4.578e+00 6.701e-21 1.371e-21 1.016e-23 1.415e-21 2.913e-21 6.984e-21
4.620e+00 6.272e-21 1.337e-21 1.012e-23 1.389e-21 2.861e-21 6.561e-21
4.663e+00 5.871e-21 1.303e-21 1.007e-23 1.363e-21 2.809e-21 6.167e-21
4.706e+00 5.496e-21 1.271e-21 1.003e-23 1.338e-21 2.758e-21 5.798e-21
4.750e+00 5.145e-21 1.239e-21 9.981e-24 1.314e-21 2.708e-21 5.453e-21
4.794e+00 4.817e-21 1.209e-21 9.937e-24 1.290e-21 2.659e-21 5.131e-21
4.838e+00 4.511e-21 1.179e-21 9.892e-24 1.266e-21 2.611e-21 4.831e-21
4.883e+00 4.224e-21 1.150e-21 9.848e-24 1.243e-21 2.564e-21 4.550e-21
4.928e+00 3.955e-21 1.121e-21 9.804e-24 1.220e-21 2.517e-21 4.288e-21
4.974e+00 3.704e-21 1.094e-21 9.761e-24 1.197e-21 2.472e-21 4.044e-21
5.020e+00 3.469e-21 1.067e-21 9.717e-24 1.176e-21 2.427e-21 3.815e-21
5.066e+00 3.249e-21 1.041e-21 9.674e-24 1.154e-21 2.383e-21 3.602e-21
5.113e+00 3.044e-21 1.015e-21 9.631e-24 1.133e-21 2.340e-21 3.403e-21
5.161e+00 2.851e-21 9.905e-22 9.588e-24 1.112e-21 2.298e-21 3.217e-21
5.209e+00 2.671e-21 9.664e-22 9.546e-24 1.092e-21 2.256e-21 3.043e-21
5.257e+00 2.502e-21 9.429e-22 9.503e-24 1.072e-21 2.215e-21 2.881e-21
5.305e+00 2.345e-21 9.200e-22 9.461e-24 1.052e-21 2.175e-21 2.729e-21
5.355e+00 2.197e-21 8.977e-22 9.419e-24 1.033e-21 2.136e-21 2.588e-21
5.404e+00 2.059e-21 8.760e-22 9.377e-24 1.014e-21 2.098e-21 2.456e-21
5.454e+00 1.929e-21 8.549e-22 9.335e-24 9.950e-22 2.060e-21 2.333e-21
5.505e+00 1.808e-21 8.343e-22 9.294e-24 9.767e-22 2.023e-21 2.218e-21
5.556e+00 1.694e-21 8.142e-22 9.253e-24 9.588e-22 1.986e-21 2.110e-21
5.607e+00 1.588e-21 7.947e-22 9.212e-24 9.412e-22 1.950e-21 2.010e-21
5.659e+00 1.489e-21 7.757e-22 9.171e-24 9.239e-22 1.915e-21 1.916e-21
5.712e+00 1.396e-21 7.571e-22 9.130e-24 9.069e-22 1.880e-21 1.828e-21
5.764e+00 1.308e-21 7.391e-22 9.089e-24 8.903e-22 1.847e-21 1.747e-21
5.818e+00 1.227e-21 7.215e-22 9.049e-24 8.739e-22 1.813e-21 1.670e-21
5.872e+00 1.150e-21 7.043e-22 9.009e-24 8.578e-22 1.781e-21 1.598e-21
5.926e+00 1.078e-21 6.876e-22 8.969e-24 8.421e-22 1.749e-21 1.531e-21
5.981e+00 1.011e-21 6.713e-22 8.929e-24 8.266e-22 1.717e-21 1.468e-21
6.036e+00 9.482e-22 6.554e-22 8.890e-24 8.114e-22 1.686e-21 1.410e-21
6.092e+00 8.893e-22 6.400e-22 8.850e-24 7.965e-22 1.656e-21 1.355e-21
6.149e+00 8.340e-22 6.249e-22 8.811e-24 7.818e-22 1.626e-21 1.303e-21
6.206e+00 7.823e-22 6.102e-22 8.772e-24 7.675e-22 1.597e-21 1.254e-21
6.263e+00 7.338e-22 5.959e-22 8.733e-24 7.534e-22 1.568e-21 1.209e-21
6.321e+00 6.883e-22 5.820e-22 8.694e-24 7.395e-22 1.540e-21 1.166e-21
6.380e+00 6.457e-22 5.684e-22 8.656e-24 7.259e-22 1.512e-21 1.126e-21
6.439e+00 6.058e-22 5.551e-22 8.617e-24 7.125e-22 1.485e-21 1.088e-21
6.498e+00 5.684e-22 5.422e-22 8.579e-24 6.994e-22 1.458e-21 1.052e-21
6.559e+00 5.333e-22 5.297e-22 8.541e-24 6.866e-22 1.432e-21 1.018e-21
6.619e+00 5.004e-22 5.174e-22 8.503e-24 6.739e-22 1.406e-21 9.861e-22
6.681e+00 4.696e-22 5.055e-22 8.466e-24 6.615e-22 1.381e-21 9.559e-22
6.743e+00 4.407e-22 4.938e-22 8.428e-24 6.493e-22 1.356e-21 9.273e-22
6.805e+00 4.136e-22 4.825e-22 8.391e-24 6.374e-22 1.332e-21 9.001e-22
6.868e+00 3.882e-22 4.715e-22 8.354e-24 6.256e-22 1.308e-21 8.744e-22
6.932e+00 3.644e-22 4.607e-22 8.317e-24 6.141e-22 1.285e-21 8.499e-22
6.996e+00 3.420e-22 4.503e-22 8.280e-24 6.028e-22 1.262e-21 8.265e-22
7.061e+00 3.211e-22 4.401e-22 8.243e-24 5.917e-22 1.239e-21 8.043e-22
7.126e+00 3.014e-22 4.301e-22 8.207e-24 5.808e-22 1.217e-21 7.831e-22
7.192e+00 2.830e-22 4.205e-22 8.170e-24 5.701e-22 1.195e-21 7.629e-22
7.259e+00 2.657e-22 4.111e-22 8.134e-24 5.596e-22 1.174e-21 7.435e-22
7.326e+00 2.495e-22 4.019e-22 8.098e-24 5.493e-22 1.153e-21 7.250e-22
7.394e+00 2.343e-22 3.930e-22 8.062e-24 5.391e-22 1.132e-21 7.072e-22
7.462e+00 2.200e-22 3.843e-22 8.027e-24 5.292e-22 1.112e-21 6.901e-22
7.531e+00 2.066e-22 3.759e-22 7.991e-24 5.194e-22 1.092e-21 6.737e-22
7.601e+00 1.941e-22 3.677e-22 7.956e-24 5.099e-22 1.072e-21 6.580e-22
7.672e+00 1.823e-22 3.598e-22 7.921e-24 5.005e-22 1.053e-21 6.428e-22
7.743e+00 1.712e-22 3.520e-22 7.886e-24 4.912e-22 1.034e-21 6.282e-22
7.814e+00 1.608e-22 3.445e-22 7.851e-24 4.822e-22 1.016e-21 6.141e-22
7.887e+00 1.511e-22 3.372e-22 7.816e-24 4.732e-22 9.979e-22 6.005e-22
7.960e+00 1.420e-22 3.302e-22 7.782e-24 4.645e-22 9.801e-22 5.874e-22
8.034e+00 1.334e-22 3.233e-22 7.747e-24 4.559e-22 9.626e-22 5.747e-22
8.108e+00 1.253e-22 3.167e-22 7.713e-24 4.475e-22 9.455e-22 5.624e-22
8.183e+00 1.178e-22 3.103e-22 7.679e-24 4.392e-22 9.287e-22 5.506e-22
8.259e+00 1.107e-22 3.041e-22 7.645e-24 4.311e-22 9.121e-22 5.391e-22
8.335e+00 1.040e-22 2.981e-22 7.611e-24 4.232e-22 8.959e-22 5.280e-22
8.412e+00 9.774e-23 2.923e-22 7.578e-24 4.153e-22 8.800e-22 5.173e-22
8.490e+00 9.187e-23 2.868e-22 7.544e-24 4.077e-22 8.644e-22 5.069e-22
8.569e+00 8.635e-23 2.814e-22 7.511e-24 4.001e-22 8.490e-22 4.968e-22
8.648e+00 8.117e-23 2.763e-22 7.478e-24 3.927e-22 8.339e-22 4.871e-22
8.729e+00 7.631e-23 2.714e-22 7.445e-24 3.854e-22 8.191e-22 4.776e-22
8.809e+00 7.174e-23 2.668e-22 7.412e-24 3.783e-22 8.046e-22 4.685e-22
8.891e+00 6.745e-23 2.624e-22 7.379e-24 3.713e-22 7.903e-22 4.597e-22
8.973e+00 6.342e-23 2.582e-22 7.347e-24 3.644e-22 7.763e-22 4.512e-22
9.056e+00 5.964e-23 2.543e-22 7.314e-24 3.577e-22 7.626e-22 4.429e-22
9.140e+00 5.608e-23 2.506e-22 7.282e-24 3.510e-22 7.491e-22 4.350e-22
9.225e+00 5.274e-23 2.473e-22 7.250e-24 3.445e-22 7.358e-22 4.274e-22
9.310e+00 4.961e-23 2.442e-22 7.218e-24 3.382e-22 7.228e-22 4.201e-22
9.397e+00 4.666e-23 2.414e-22 7.186e-24 3.319e-22 7.101e-22 4.131e-22
9.484e+00 4.389e-23 2.390e-22 7.155e-24 3.257e-22 6.975e-22 4.065e-22
9.572e+00 4.129e-23 2.370e-22 7.123e-24 3.197e-22 6.852e-22 4.001e-22
9.660e+00 3.884e-23 2.353e-22 7.092e-24 3.138e-22 6.731e-22 3.942e-22
9.750e+00 3.655e-23 2.341e-22 7.060e-24 3.079e-22 6.613e-22 3.886e-22
9.840e+00 3.439e-23 2.334e-22 7.029e-24 3.022e-22 6.496e-22 3.834e-22
9.931e+00 3.236e-23 2.332e-22 6.998e-24 2.966e-22 6.382e-22 3.787e-22
1.002e+01 3.045e-23 2.336e-22 6.968e-24 2.911e-22 6.269e-22 3.745e-22
1.012e+01 2.866e-23 2.347e-22 6.937e-24 2.857e-22 6.159e-22 3.709e-22
1.021e+01 2.697e-23 2.367e-22 6.906e-24 2.804e-22 6.051e-22 3.680e-22
1.030e+01 2.539e-23 2.395e-22 6.876e-24 2.751e-22 5.945e-22 3.657e-22
1.040e+01 2.390e-23 2.435e-22 6.846e-24 2.700e-22 5.840e-22 3.644e-22
1.050e+01 2.250e-23 2.487e-22 6.816e-24 2.650e-22 5.738e-22 3.642e-22
1.059e+01 2.118e-23 2.555e-22 6.786e-24 2.601e-22 5.637e-22 3.652e-22
1.069e+01 1.994e-23 2.642e-22 6.756e-24 2.552e-22 5.539e-22 3.679e-22
1.079e+01 1.878e-23 2.752e-22 6.726e-24 2.505e-22 5.442e-22 3.727e-22
1.089e+01 1.768e-23 2.893e-22 6.696e-24 2.458e-22 5.347e-22 3.801e-22
1.099e+01 1.665e-23 3.072e-22 6.667e-24 2.412e-22 5.253e-22 3.910e-22
1.109e+01 1.569e-23 3.302e-22 6.638e-24 2.367e-22 5.161e-22 4.066e-22
1.120e+01 1.478e-23 3.602e-22 6.609e-24 2.323e-22 5.071e-22 4.289e-22
1.130e+01 1.392e-23 4.001e-22 6.580e-24 2.280e-22 4.983e-22 4.608e-22
1.140e+01 1.311e-23 4.550e-22 6.551e-24 2.237e-22 4.896e-22 5.073e-22
1.151e+01 1.236e-23 5.339e-22 6.522e-24 2.195e-22 4.811e-22 5.774e-22
1.162e+01 1.164e-23 6.548e-22 6.493e-24 2.154e-22 4.727e-22 6.894e-22
1.172e+01 1.097e-23 8.604e-22 6.465e-24 2.114e-22 4.645e-22 8.861e-22
1.183e+01 1.034e-23 1.281e-21 6.436e-24 2.074e-22 4.564e-22 1.298e-21
1.194e+01 9.746e-24 2.604e-21 6.408e-24 2.036e-22 4.485e-22 2.612e-21
1.205e+01 9.187e-24 4.107e-20 6.380e-24 1.998e-22 4.407e-22 4.107e-20
1.216e+01 8.661e-24 2.262e-21 6.352e-24 1.960e-22 4.331e-22 2.270e-21
1.228e+01 8.166e-24 1.153e-21 6.324e-24 1.923e-22 4.256e-22 1.169e-21
1.239e+01 7.700e-24 7.709e-22 6.296e-24 1.887e-22 4.182e-22 7.938e-22
1.251e+01 7.261e-24 5.780e-22 6.269e-24 1.852e-22 4.110e-22 6.070e-22
1.262e+01 6.848e-24 4.620e-22 6.241e-24 1.817e-22 4.039e-22 4.965e-22
1.274e+01 6.459e-24 3.848e-22 6.214e-24 1.783e-22 3.969e-22 4.242e-22
1.286e+01 6.093e-24 3.298e-22 6.187e-24 1.750e-22 3.901e-22 3.734e-22
1.298e+01 5.748e-24 2.887e-22 6.159e-24 1.717e-22 3.834e-22 3.360e-22
1.310e+01 5.424e-24 2.569e-22 6.132e-24 1.684e-22 3.768e-22 3.073e-22
1.322e+01 5.118e-24 2.315e-22 6.106e-24 1.653e-22 3.703e-22 2.846e-22
1.334e+01 4.830e-24 2.109e-22 6.079e-24 1.622e-22 3.640e-22 2.661e-22
1.346e+01 4.559e-24 1.937e-22 6.052e-24 1.591e-22 3.577e-22 2.508e-22
1.359e+01 4.303e-24 1.792e-22 6.026e-24 1.561e-22 3.516e-22 2.378e-22
1.371e+01 4.063e-24 1.669e-22 5.999e-24 1.532e-22 3.456e-22 2.266e-22
1.384e+01 3.836e-24 1.561e-22 5.973e-24 1.503e-22 3.396e-22 2.168e-22
1.397e+01 3.623e-24 1.468e-22 5.947e-24 1.474e-22 3.338e-22 2.081e-22
1.410e+01 3.421e-24 1.385e-22 5.921e-24 1.446e-22 3.281e-22 2.004e-22
1.423e+01 3.232e-24 1.311e-22 5.895e-24 1.419e-22 3.225e-22 1.933e-22
1.436e+01 3.053e-24 1.245e-22 5.869e-24 1.392e-22 3.170e-22 1.869e-22
1.449e+01 2.885e-24 1.185e-22 5.843e-24 1.366e-22 3.117e-22 1.810e-22
1.463e+01 2.726e-24 1.131e-22 5.818e-24 1.340e-22 3.064e-22 1.755e-22
1.476e+01 2.576e-24 1.082e-22 5.792e-24 1.315e-22 3.012e-22 1.704e-22
1.490e+01 2.435e-24 1.036e-22 5.767e-24 1.290e-22 2.960e-22 1.656e-22
1.504e+01 2.302e-24 9.944e-23 5.742e-24 1.265e-22 2.910e-22 1.610e-22
1.518e+01 2.176e-24 9.556e-23 5.717e-24 1.241e-22 2.861e-22 1.568e-22
1.532e+01 2.058e-24 9.196e-23 5.692e-24 1.218e-22 2.813e-22 1.527e-22
1.546e+01 1.947e-24 8.860e-23 5.667e-24 1.194e-22 2.765e-22 1.488e-22
1.560e+01 1.841e-24 8.546e-23 5.642e-24 1.172e-22 2.718e-22 1.451e-22
1.575e+01 1.742e-24 8.252e-23 5.618e-24 1.149e-22 2.673e-22 1.416e-22
1.589e+01 1.648e-24 7.975e-23 5.593e-24 1.127e-22 2.628e-22 1.382e-22
1.604e+01 1.560e-24 7.713e-23 5.569e-24 1.106e-22 2.583e-22 1.350e-22
1.619e+01 1.477e-24 7.466e-23 5.544e-24 1.085e-22 2.540e-22 1.318e-22
1.634e+01 1.398e-24 7.232e-23 5.520e-24 1.064e-22 2.497e-22 1.288e-22
1.649e+01 1.324e-24 7.010e-23 5.496e-24 1.044e-22 2.456e-22 1.259e-22
1.664e+01 1.254e-24 6.799e-23 5.472e-24 1.024e-22 2.414e-22 1.230e-22
1.680e+01 1.187e-24 6.598e-23 5.448e-24 1.004e-22 2.374e-22 1.203e-22
1.695e+01 1.125e-24 6.407e-23 5.424e-24 9.849e-23 2.334e-22 1.176e-22
1.711e+01 1.066e-24 6.224e-23 5.401e-24 9.659e-23 2.295e-22 1.150e-22
1.727e+01 1.010e-24 6.049e-23 5.377e-24 9.474e-23 2.257e-22 1.125e-22
1.743e+01 9.574e-25 5.882e-23 5.354e-24 9.292e-23 2.220e-22 1.101e-22
1.759e+01 9.077e-25 5.721e-23 5.330e-24 9.113e-23 2.183e-22 1.077e-22
1.775e+01 8.607e-25 5.568e-23 5.307e-24 8.937e-23 2.147e-22 1.054e-22
1.792e+01 8.163e-25 5.420e-23 5.284e-24 8.765e-23 2.111e-22 1.032e-22
1.808e+01 7.744e-25 5.278e-23 5.261e-24 8.596e-23 2.076e-22 1.010e-22
1.825e+01 7.347e-25 5.142e-23 5.238e-24 8.429e-23 2.042e-22 9.888e-23
1.842e+01 6.972e-25 5.011e-23 5.215e-24 8.266e-23 2.008e-22 9.681e-23
1.859e+01 6.618e-25 4.885e-23 5.192e-24 8.106e-23 1.975e-22 9.479e-23
1.876e+01 6.282e-25 4.763e-23 5.170e-24 7.949e-23 1.942e-22 9.282e-23
1.894e+01 5.965e-25 4.646e-23 5.147e-24 7.795e-23 1.910e-22 9.089e-23
1.911e+01 5.666e-25 4.533e-23 5.125e-24 7.643e-23 1.879e-22 8.901e-23
1.929e+01 5.382e-25 4.425e-23 5.103e-24 7.495e-23 1.848e-22 8.718e-23
1.947e+01 5.113e-25 4.320e-23 5.080e-24 7.349e-23 1.818e-22 8.539e-23
1.965e+01 4.859e-25 4.218e-23 5.058e-24 7.205e-23 1.788e-22 8.365e-23
1.983e+01 4.619e-25 4.121e-23 5.036e-24 7.065e-23 1.759e-22 8.194e-23
2.001e+01 4.391e-25 4.027e-23 5.014e-24 6.926e-23 1.730e-22 8.028e-23
2.020e+01 4.176e-25 3.936e-23 4.992e-24 6.791e-23 1.702e-22 7.865e-23
2.038e+01 3.972e-25 3.848e-23 4.971e-24 6.658e-23 1.674e-22 7.706e-23
2.057e+01 3.778e-25 3.763e-23 4.949e-24 6.527e-23 1.646e-22 7.551e-23
2.076e+01 3.595e-25 3.682e-23 4.928e-24 6.399e-23 1.620e-22 7.399e-23
2.096e+01 3.422e-25 3.603e-23 4.906e-24 6.273e-23 1.593e-22 7.251e-23
2.115e+01 3.257e-25 3.527e-23 4.885e-24 6.149e-23 1.567e-22 7.106e-23
2.135e+01 3.101e-25 3.454e-23 4.864e-24 6.028e-23 1.542e-22 6.965e-23
2.154e+01 2.954e-25 3.384e-23 4.843e-24 5.909e-23 1.517e-22 6.826e-23
2.174e+01 2.813e-25 3.316e-23 4.821e-24 5.792e-23 1.492e-22 6.692e-23
2.195e+01 2.680e-25 3.251e-23 4.801e-24 5.677e-23 1.468e-22 6.560e-23
2.215e+01 2.554e-25 3.189e-23 4.780e-24 5.564e-23 1.445e-22 6.431e-23
2.235e+01 2.435e-25 3.129e-23 4.759e-24 5.454e-23 1.421e-22 6.306e-23
2.256e+01 2.321e-25 3.072e-23 4.738e-24 5.345e-23 1.398e-22 6.183e-23
2.277e+01 2.213e-25 3.017e-23 4.718e-24 5.239e-23 1.376e-22 6.064e-23
2.298e+01 2.111e-25 2.965e-23 4.697e-24 5.134e-23 1.354e-22 5.947e-23
2.319e+01 2.014e-25 2.915e-23 4.677e-24 5.031e-23 1.332e-22 5.834e-23
2.341e+01 1.922e-25 2.869e-23 4.657e-24 4.930e-23 1.310e-22 5.723e-23
2.363e+01 1.834e-25 2.824e-23 4.636e-24 4.831e-23 1.289e-22 5.616e-23
2.384e+01 1.750e-25 2.783e-23 4.616e-24 4.734e-23 1.269e-22 5.511e-23
2.406e+01 1.671e-25 2.744e-23 4.596e-24 4.639e-23 1.248e-22 5.409e-23
2.429e+01 1.596e-25 2.708e-23 4.576e-24 4.545e-23 1.228e-22 5.311e-23
2.451e+01 1.524e-25 2.676e-23 4.556e-24 4.453e-23 1.209e-22 5.215e-23
2.474e+01 1.456e-25 2.646e-23 4.537e-24 4.363e-23 1.189e-22 5.123e-23
2.497e+01 1.392e-25 2.620e-23 4.517e-24 4.275e-23 1.170e-22 5.034e-23
2.520e+01 1.330e-25 2.598e-23 4.497e-24 4.188e-23 1.151e-22 4.949e-23
2.543e+01 1.271e-25 2.580e-23 4.478e-24 4.102e-23 1.133e-22 4.867e-23
2.567e+01 1.215e-25 2.565e-23 4.459e-24 4.019e-23 1.115e-22 4.789e-23
2.591e+01 1.162e-25 2.556e-23 4.439e-24 3.936e-23 1.097e-22 4.714e-23
2.615e+01 1.112e-25 2.552e-23 4.420e-24 3.856e-23 1.079e-22 4.645e-23
2.639e+01 1.063e-25 2.554e-23 4.401e-24 3.776e-23 1.062e-22 4.580e-23
2.663e+01 1.017e-25 2.562e-23 4.382e-24 3.699e-23 1.045e-22 4.521e-23
2.688e+01 9.736e-26 2.579e-23 4.363e-24 3.622e-23 1.028e-22 4.468e-23
2.713e+01 9.319e-26 2.604e-23 4.344e-24 3.548e-23 1.012e-22 4.422e-23
2.738e+01 8.921e-26 2.640e-23 4.325e-24 3.474e-23 9.958e-23 4.385e-23
2.763e+01 8.541e-26 2.689e-23 4.307e-24 3.402e-23 9.799e-23 4.358e-23
2.789e+01 8.179e-26 2.754e-23 4.288e-24 3.331e-23 9.642e-23 4.343e-23
2.815e+01 7.834e-26 2.837e-23 4.269e-24 3.261e-23 9.487e-23 4.344e-23
2.841e+01 7.505e-26 2.945e-23 4.251e-24 3.193e-23 9.335e-23 4.365e-23
2.867e+01 7.190e-26 3.085e-23 4.233e-24 3.126e-23 9.185e-23 4.412e-23
2.894e+01 6.890e-26 3.266e-23 4.214e-24 3.060e-23 9.038e-23 4.496e-23
2.921e+01 6.603e-26 3.505e-23 4.196e-24 2.996e-23 8.892e-23 4.630e-23
2.948e+01 6.329e-26 3.825e-23 4.178e-24 2.933e-23 8.749e-23 4.838e-23
2.975e+01 6.068e-26 4.268e-23 4.160e-24 2.870e-23 8.608e-23 5.160e-23
3.002e+01 5.818e-26 4.905e-23 4.142e-24 2.809e-23 8.469e-23 5.668e-23
3.030e+01 5.579e-26 5.885e-23 4.124e-24 2.750e-23 8.332e-23 6.508e-23
3.058e+01 5.351e-26 7.547e-23 4.106e-24 2.691e-23 8.197e-23 8.023e-23
3.087e+01 5.132e-26 1.092e-22 4.088e-24 2.633e-23 8.064e-23 1.124e-22
3.115e+01 4.924e-26 2.120e-22 4.071e-24 2.577e-23 7.933e-23 2.136e-22
3.144e+01 4.724e-26 2.068e-20 4.053e-24 2.521e-23 7.804e-23 2.068e-20
3.173e+01 4.533e-26 1.953e-22 4.036e-24 2.466e-23 7.677e-23 1.969e-22
3.203e+01 4.350e-26 9.552e-23 4.018e-24 2.413e-23 7.551e-23 9.861e-23
3.232e+01 4.176e-26 6.227e-23 4.001e-24 2.360e-23 7.428e-23 6.671e-23
3.262e+01 4.008e-26 4.576e-23 3.984e-24 2.309e-23 7.305e-23 5.141e-23
3.292e+01 3.848e-26 3.595e-23 3.967e-24 2.258e-23 7.185e-23 4.264e-23
3.323e+01 3.695e-26 2.951e-23 3.949e-24 2.209e-23 7.066e-23 3.707e-23
3.354e+01 3.548e-26 2.497e-23 3.932e-24 2.160e-23 6.949e-23 3.325e-23
3.385e+01 3.407e-26 2.162e-23 3.915e-24 2.112e-23 6.833e-23 3.048e-23
3.416e+01 3.273e-26 1.906e-23 3.899e-24 2.065e-23 6.719e-23 2.837e-23
3.448e+01 3.144e-26 1.705e-23 3.882e-24 2.019e-23 6.606e-23 2.671e-23
3.480e+01 3.020e-26 1.543e-23 3.865e-24 1.974e-23 6.495e-23 2.535e-23
3.512e+01 2.901e-26 1.410e-23 3.848e-24 1.930e-23 6.385e-23 2.421e-23
3.544e+01 2.788e-26 1.300e-23 3.832e-24 1.887e-23 6.277e-23 2.323e-23
3.577e+01 2.679e-26 1.207e-23 3.815e-24 1.844e-23 6.170e-23 2.236e-23
3.610e+01 2.575e-26 1.127e-23 3.799e-24 1.802e-23 6.064e-23 2.159e-23
3.644e+01 2.474e-26 1.058e-23 3.782e-24 1.761e-23 5.960e-23 2.089e-23
3.678e+01 2.378e-26 9.979e-24 3.766e-24 1.721e-23 5.856e-23 2.025e-23
3.712e+01 2.286e-26 9.449e-24 3.750e-24 1.681e-23 5.754e-23 1.965e-23
3.746e+01 2.198e-26 8.978e-24 3.734e-24 1.643e-23 5.654e-23 1.909e-23
3.781e+01 2.113e-26 8.556e-24 3.718e-24 1.605e-23 5.554e-23 1.856e-23
3.816e+01 2.032e-26 8.176e-24 3.702e-24 1.567e-23 5.455e-23 1.806e-23
3.851e+01 1.953e-26 7.830e-24 3.686e-24 1.531e-23 5.358e-23 1.759e-23
3.887e+01 1.879e-26 7.514e-24 3.670e-24 1.495e-23 5.262e-23 1.713e-23
3.923e+01 1.807e-26 7.224e-24 3.654e-24 1.460e-23 5.167e-23 1.669e-23
3.959e+01 1.737e-26 6.957e-24 3.639e-24 1.425e-23 5.072e-23 1.627e-23
3.996e+01 1.671e-26 6.709e-24 3.623e-24 1.391e-23 4.979e-23 1.587e-23
4.033e+01 1.607e-26 6.477e-24 3.607e-24 1.358e-23 4.887e-23 1.547e-23
4.070e+01 1.546e-26 6.261e-24 3.592e-24 1.326e-23 4.796e-23 1.510e-23
4.108e+01 1.488e-26 6.058e-24 3.576e-24 1.294e-23 4.706e-23 1.473e-23
4.146e+01 1.431e-26 5.867e-24 3.561e-24 1.263e-23 4.616e-23 1.437e-23
4.184e+01 1.377e-26 5.686e-24 3.546e-24 1.232e-23 4.528e-23 1.402e-23
4.223e+01 1.325e-26 5.515e-24 3.530e-24 1.202e-23 4.440e-23 1.369e-23
4.262e+01 1.275e-26 5.353e-24 3.515e-24 1.172e-23 4.354e-23 1.336e-23
4.302e+01 1.227e-26 5.198e-24 3.500e-24 1.144e-23 4.268e-23 1.304e-23
4.341e+01 1.180e-26 5.051e-24 3.485e-24 1.115e-23 4.183e-23 1.273e-23
4.382e+01 1.136e-26 4.910e-24 3.470e-24 1.087e-23 4.099e-23 1.243e-23
4.422e+01 1.093e-26 4.775e-24 3.455e-24 1.060e-23 4.016e-23 1.213e-23
4.463e+01 1.052e-26 4.646e-24 3.441e-24 1.034e-23 3.933e-23 1.184e-23
4.505e+01 1.013e-26 4.522e-24 3.426e-24 1.008e-23 3.851e-23 1.156e-23
4.546e+01 9.747e-27 4.402e-24 3.411e-24 9.819e-24 3.770e-23 1.129e-23
4.588e+01 9.382e-27 4.287e-24 3.396e-24 9.569e-24 3.690e-23 1.102e-23
4.631e+01 9.032e-27 4.177e-24 3.382e-24 9.323e-24 3.611e-23 1.076e-23
4.674e+01 8.694e-27 4.070e-24 3.367e-24 9.083e-24 3.532e-23 1.051e-23
4.717e+01 8.370e-27 3.967e-24 3.353e-24 8.847e-24 3.454e-23 1.026e-23
4.761e+01 8.058e-27 3.868e-24 3.339e-24 8.617e-24 3.377e-23 1.002e-23
4.805e+01 7.757e-27 3.771e-24 3.324e-24 8.391e-24 3.300e-23 9.782e-24
4.849e+01 7.469e-27 3.678e-24 3.310e-24 8.170e-24 3.225e-23 9.552e-24
4.894e+01 7.191e-27 3.588e-24 3.296e-24 7.954e-24 3.149e-23 9.327e-24
4.940e+01 6.924e-27 3.501e-24 3.282e-24 7.742e-24 3.075e-23 9.108e-24
4.985e+01 6.667e-27 3.416e-24 3.268e-24 7.535e-24 3.001e-23 8.895e-24
5.032e+01 6.420e-27 3.334e-24 3.254e-24 7.333e-24 2.928e-23 8.687e-24
5.078e+01 6.182e-27 3.255e-24 3.240e-24 7.134e-24 2.856e-23 8.485e-24
5.125e+01 5.953e-27 3.177e-24 3.226e-24 6.941e-24 2.784e-23 8.287e-24
5.173e+01 5.732e-27 3.103e-24 3.212e-24 6.752e-24 2.713e-23 8.095e-24
5.221e+01 5.520e-27 3.030e-24 3.198e-24 6.567e-24 2.643e-23 7.907e-24
5.269e+01 5.316e-27 2.959e-24 3.185e-24 6.386e-24 2.573e-23 7.725e-24
5.318e+01 5.120e-27 2.890e-24 3.171e-24 6.209e-24 2.504e-23 7.547e-24
5.367e+01 4.931e-27 2.824e-24 3.157e-24 6.037e-24 2.436e-23 7.375e-24
5.417e+01 4.749e-27 2.759e-24 3.144e-24 5.869e-24 2.368e-23 7.207e-24
5.467e+01 4.574e-27 2.696e-24 3.130e-24 5.704e-24 2.301e-23 7.043e-24
5.517e+01 4.405e-27 2.634e-24 3.117e-24 5.544e-24 2.235e-23 6.884e-24
5.569e+01 4.243e-27 2.575e-24 3.104e-24 5.388e-24 2.170e-23 6.730e-24
5.620e+01 4.087e-27 2.517e-24 3.090e-24 5.236e-24 2.105e-23 6.580e-24
5.672e+01 3.937e-27 2.460e-24 3.077e-24 5.088e-24 2.041e-23 6.435e-24
5.725e+01 3.792e-27 2.405e-24 3.064e-24 4.944e-24 1.977e-23 6.294e-24
5.778e+01 3.652e-27 2.352e-24 3.051e-24 4.803e-24 1.914e-23 6.157e-24
5.831e+01 3.518e-27 2.300e-24 3.038e-24 4.667e-24 1.852e-23 6.025e-24
5.885e+01 3.389e-27 2.250e-24 3.025e-24 4.534e-24 1.791e-23 5.897e-24
5.940e+01 3.265e-27 2.200e-24 3.012e-24 4.406e-24 1.731e-23 5.773e-24
5.995e+01 3.145e-27 2.153e-24 2.999e-24 4.281e-24 1.671e-23 5.653e-24
6.050e+01 3.030e-27 2.106e-24 2.986e-24 4.160e-24 1.612e-23 5.537e-24
6.106e+01 2.918e-27 2.061e-24 2.973e-24 4.042e-24 1.554e-23 5.425e-24
6.163e+01 2.812e-27 2.017e-24 2.961e-24 3.929e-24 1.496e-23 5.317e-24
6.220e+01 2.709e-27 1.974e-24 2.948e-24 3.819e-24 1.439e-23 5.213e-24
6.278e+01 2.609e-27 1.932e-24 2.936e-24 3.713e-24 1.383e-23 5.112e-24
6.336e+01 2.514e-27 1.891e-24 2.923e-24 3.611e-24 1.328e-23 5.016e-24
6.394e+01 2.422e-27 1.852e-24 2.911e-24 3.512e-24 1.274e-23 4.923e-24
6.454e+01 2.333e-27 1.813e-24 2.898e-24 3.418e-24 1.220e-23 4.834e-24
6.513e+01 2.248e-27 1.776e-24 2.886e-24 3.327e-24 1.168e-23 4.749e-24
6.574e+01 2.166e-27 1.740e-24 2.873e-24 3.240e-24 1.116e-23 4.667e-24
6.635e+01 2.087e-27 1.704e-24 2.861e-24 3.157e-24 1.065e-23 4.589e-24
6.696e+01 2.010e-27 1.670e-24 2.849e-24 3.077e-24 1.015e-23 4.514e-24
6.758e+01 1.937e-27 1.636e-24 2.837e-24 3.001e-24 9.655e-24 4.442e-24
6.821e+01 1.866e-27 1.604e-24 2.825e-24 2.930e-24 9.171e-24 4.374e-24
6.884e+01 1.798e-27 1.572e-24 2.813e-24 2.861e-24 8.696e-24 4.309e-24
6.948e+01 1.733e-27 1.542e-24 2.801e-24 2.797e-24 8.229e-24 4.248e-24
7.012e+01 1.669e-27 1.512e-24 2.789e-24 2.736e-24 7.772e-24 4.189e-24
7.077e+01 1.608e-27 1.483e-24 2.777e-24 2.679e-24 7.325e-24 4.134e-24
7.143e+01 1.550e-27 1.455e-24 2.765e-24 2.626e-24 6.887e-24 4.081e-24
7.209e+01 1.493e-27 1.427e-24 2.753e-24 2.576e-24 6.458e-24 4.032e-24
7.275e+01 1.439e-27 1.401e-24 2.741e-24 2.530e-24 6.040e-24 3.985e-24
7.343e+01 1.386e-27 1.375e-24 2.730e-24 2.487e-24 5.631e-24 3.941e-24
7.411e+01 1.336e-27 1.350e-24 2.718e-24 2.448e-24 5.234e-24 3.899e-24
7.480e+01 1.287e-27 1.326e-24 2.707e-24 2.413e-24 4.847e-24 3.861e-24
7.549e+01 1.240e-27 1.302e-24 2.695e-24 2.381e-24 4.471e-24 3.824e-24
7.619e+01 1.195e-27 1.279e-24 2.683e-24 2.352e-24 4.107e-24 3.790e-24
7.689e+01 1.152e-27 1.257e-24 2.672e-24 2.326e-24 3.756e-24 3.759e-24
7.761e+01 1.110e-27 1.236e-24 2.661e-24 2.303e-24 3.419e-24 3.730e-24
7.832e+01 1.069e-27 1.215e-24 2.649e-24 2.283e-24 3.096e-24 3.703e-24
7.905e+01 1.030e-27 1.195e-24 2.638e-24 2.266e-24 2.790e-24 3.677e-24
7.978e+01 9.929e-28 1.176e-24 2.627e-24 2.252e-24 2.503e-24 3.654e-24
8.052e+01 9.568e-28 1.157e-24 2.616e-24 2.240e-24 2.238e-24 3.633e-24
8.127e+01 9.220e-28 1.139e-24 2.604e-24 2.231e-24 2.000e-24 3.614e-24
8.202e+01 8.885e-28 1.121e-24 2.593e-24 2.224e-24 1.794e-24 3.596e-24
8.278e+01 8.562e-28 1.105e-24 2.582e-24 2.220e-24 1.628e-24 3.580e-24
8.355e+01 8.250e-28 1.088e-24 2.571e-24 2.217e-24 1.509e-24 3.565e-24
8.432e+01 7.951e-28 1.073e-24 2.560e-24 2.217e-24 1.444e-24 3.552e-24
8.510e+01 7.662e-28 1.058e-24 2.550e-24 2.218e-24 1.434e-24 3.541e-24
8.589e+01 7.383e-28 1.043e-24 2.539e-24 2.221e-24 1.476e-24 3.530e-24
8.668e+01 7.115e-28 1.029e-24 2.528e-24 2.225e-24 1.561e-24 3.521e-24
8.749e+01 6.856e-28 1.016e-24 2.517e-24 2.231e-24 1.678e-24 3.513e-24
8.830e+01 6.607e-28 1.003e-24 2.506e-24 2.238e-24 1.818e-24 3.506e-24
8.911e+01 6.367e-28 9.908e-25 2.496e-24 2.246e-24 1.973e-24 3.501e-24
8.994e+01 6.136e-28 9.791e-25 2.485e-24 2.255e-24 2.136e-24 3.496e-24
9.077e+01 5.913e-28 9.679e-25 2.475e-24 2.265e-24 2.304e-24 3.492e-24
9.161e+01 5.698e-28 9.572e-25 2.464e-24 2.276e-24 2.473e-24 3.488e-24
9.246e+01 5.491e-28 9.471e-25 2.454e-24 2.288e-24 2.641e-24 3.486e-24
9.332e+01 5.292e-28 9.374e-25 2.443e-24 2.300e-24 2.807e-24 3.484e-24
9.418e+01 5.100e-28 9.283e-25 2.433e-24 2.313e-24 2.969e-24 3.483e-24
9.506e+01 4.915e-28 9.197e-25 2.422e-24 2.327e-24 3.126e-24 3.482e-24
9.594e+01 4.736e-28 9.116e-25 2.412e-24 2.340e-24 3.279e-24 3.482e-24
9.682e+01 4.564e-28 9.040e-25 2.402e-24 2.355e-24 3.425e-24 3.483e-24
9.772e+01 4.399e-28 8.969e-25 2.392e-24 2.369e-24 3.566e-24 3.484e-24
9.863e+01 4.239e-28 8.903e-25 2.381e-24 2.384e-24 3.701e-24 3.485e-24
9.954e+01 4.085e-28 8.842e-25 2.371e-24 2.399e-24 3.830e-24 3.487e-24
1.005e+02 3.937e-28 8.786e-25 2.361e-24 2.414e-24 3.952e-24 3.489e-24
1.014e+02 3.794e-28 8.734e-25 2.351e-24 2.429e-24 4.068e-24 3.491e-24
1.023e+02 3.657e-28 8.688e-25 2.341e-24 2.444e-24 4.177e-24 3.494e-24
1.033e+02 3.524e-28 8.646e-25 2.331e-24 2.459e-24 4.279e-24 3.497e-24
1.042e+02 3.396e-28 8.610e-25 2.321e-24 2.474e-24 4.375e-24 3.500e-24
1.052e+02 3.273e-28 8.578e-25 2.311e-24 2.488e-24 4.464e-24 3.503e-24
1.062e+02 3.154e-28 8.552e-25 2.302e-24 2.503e-24 4.546e-24 3.506e-24
1.072e+02 3.040e-28 8.530e-25 2.292e-24 2.518e-24 4.622e-24 3.510e-24
1.082e+02 2.929e-28 8.514e-25 2.282e-24 2.532e-24 4.692e-24 3.514e-24
1.092e+02 2.823e-28 8.503e-25 2.272e-24 2.547e-24 4.755e-24 3.517e-24
1.102e+02 2.721e-28 8.497e-25 2.263e-24 2.561e-24 4.811e-24 3.521e-24
1.112e+02 2.622e-28 8.496e-25 2.253e-24 2.575e-24 4.862e-24 3.525e-24
1.122e+02 2.527e-28 8.501e-25 2.244e-24 2.588e-24 4.905e-24 3.529e-24
1.133e+02 2.435e-28 8.511e-25 2.234e-24 2.602e-24 4.943e-24 3.533e-24
1.143e+02 2.347e-28 8.528e-25 2.225e-24 2.615e-24 4.974e-24 3.537e-24
1.154e+02 2.262e-28 8.550e-25 2.215e-24 2.628e-24 5.000e-24 3.541e-24
1.164e+02 2.180e-28 8.578e-25 2.206e-24 2.640e-24 5.019e-24 3.546e-24
1.175e+02 2.101e-28 8.612e-25 2.196e-24 2.653e-24 5.032e-24 3.550e-24
1.186e+02 2.025e-28 8.653e-25 2.187e-24 2.665e-24 5.039e-24 3.554e-24
1.197e+02 1.951e-28 8.701e-25 2.178e-24 2.676e-24 5.041e-24 3.558e-24
1.208e+02 1.881e-28 8.756e-25 2.168e-24 2.688e-24 5.036e-24 3.563e-24
1.219e+02 1.813e-28 8.818e-25 2.159e-24 2.699e-24 5.026e-24 3.567e-24
1.231e+02 1.747e-28 8.889e-25 2.150e-24 2.710e-24 5.011e-24 3.572e-24
1.242e+02 1.684e-28 8.967e-25 2.141e-24 2.721e-24 4.990e-24 3.576e-24
1.253e+02 1.623e-28 9.054e-25 2.132e-24 2.731e-24 4.963e-24 3.581e-24
1.265e+02 1.564e-28 9.151e-25 2.123e-24 2.741e-24 4.931e-24 3.586e-24
1.277e+02 1.507e-28 9.257e-25 2.114e-24 2.751e-24 4.894e-24 3.591e-24
1.289e+02 1.452e-28 9.374e-25 2.105e-24 2.761e-24 4.852e-24 3.596e-24
1.301e+02 1.400e-28 9.503e-25 2.096e-24 2.770e-24 4.804e-24 3.601e-24
1.313e+02 1.349e-28 9.644e-25 2.087e-24 2.779e-24 4.752e-24 3.607e-24
1.325e+02 1.300e-28 9.798e-25 2.078e-24 2.788e-24 4.694e-24 3.613e-24
1.337e+02 1.253e-28 9.967e-25 2.069e-24 2.797e-24 4.632e-24 3.619e-24
1.349e+02 1.208e-28 1.015e-24 2.060e-24 2.805e-24 4.565e-24 3.626e-24
1.362e+02 1.164e-28 1.035e-24 2.052e-24 2.814e-24 4.493e-24 3.633e-24
1.374e+02 1.122e-28 1.058e-24 2.043e-24 2.822e-24 4.417e-24 3.641e-24
1.387e+02 1.081e-28 1.082e-24 2.034e-24 2.829e-24 4.336e-24 3.649e-24
1.400e+02 1.042e-28 1.109e-24 2.026e-24 2.837e-24 4.251e-24 3.658e-24
1.413e+02 1.004e-28 1.138e-24 2.017e-24 2.845e-24 4.162e-24 3.668e-24
1.426e+02 9.678e-29 1.171e-24 2.008e-24 2.852e-24 4.069e-24 3.679e-24
1.439e+02 9.327e-29 1.206e-24 2.000e-24 2.859e-24 3.971e-24 3.692e-24
1.453e+02 8.989e-29 1.246e-24 1.991e-24 2.866e-24 3.870e-24 3.706e-24
1.466e+02 8.664e-29 1.291e-24 1.983e-24 2.873e-24 3.765e-24 3.722e-24
1.480e+02 8.350e-29 1.340e-24 1.975e-24 2.880e-24 3.657e-24 3.740e-24
1.493e+02 8.047e-29 1.396e-24 1.966e-24 2.887e-24 3.545e-24 3.761e-24
1.507e+02 7.756e-29 1.459e-24 1.958e-24 2.894e-24 3.430e-24 3.786e-24
1.521e+02 7.475e-29 1.530e-24 1.949e-24 2.900e-24 3.312e-24 3.815e-24
1.535e+02 7.204e-29 1.612e-24 1.941e-24 2.907e-24 3.192e-24 3.849e-24
1.549e+02 6.943e-29 1.707e-24 1.933e-24 2.913e-24 3.069e-24 3.891e-24
1.564e+02 6.692e-29 1.817e-24 1.925e-24 2.920e-24 2.945e-24 3.941e-24
1.578e+02 6.449e-29 1.948e-24 1.917e-24 2.926e-24 2.819e-24 4.004e-24
1.593e+02 6.216e-29 2.103e-24 1.908e-24 2.933e-24 2.691e-24 4.083e-24
1.608e+02 5.990e-29 2.293e-24 1.900e-24 2.940e-24 2.564e-24 4.184e-24
1.623e+02 5.773e-29 2.528e-24 1.892e-24 2.946e-24 2.437e-24 4.319e-24
1.638e+02 5.564e-29 2.827e-24 1.884e-24 2.953e-24 2.311e-24 4.502e-24
1.653e+02 5.363e-29 3.221e-24 1.876e-24 2.960e-24 2.188e-24 4.760e-24
1.668e+02 5.169e-29 3.760e-24 1.868e-24 2.967e-24 2.069e-24 5.141e-24
1.684e+02 4.981e-29 4.545e-24 1.860e-24 2.974e-24 1.955e-24 5.741e-24
1.699e+02 4.801e-29 5.791e-24 1.852e-24 2.981e-24 1.850e-24 6.771e-24
1.715e+02 4.627e-29 8.068e-24 1.844e-24 2.988e-24 1.755e-24 8.799e-24
1.731e+02 4.459e-29 1.356e-23 1.837e-24 2.996e-24 1.673e-24 1.401e-23
1.747e+02 4.298e-29 4.527e-23 1.829e-24 3.004e-24 1.609e-24 4.540e-23
1.763e+02 4.142e-29 3.218e-23 1.821e-24 3.011e-24 1.565e-24 3.237e-23
1.779e+02 3.992e-29 1.166e-23 1.813e-24 3.019e-24 1.544e-24 1.218e-23
1.796e+02 3.848e-29 7.042e-24 1.806e-24 3.028e-24 1.550e-24 7.875e-24
1.812e+02 3.708e-29 5.004e-24 1.798e-24 3.036e-24 1.582e-24 6.123e-24
1.829e+02 3.574e-29 3.857e-24 1.790e-24 3.045e-24 1.641e-24 5.230e-24
1.846e+02 3.445e-29 3.122e-24 1.783e-24 3.054e-24 1.725e-24 4.717e-24
1.863e+02 3.320e-29 2.610e-24 1.775e-24 3.064e-24 1.833e-24 4.399e-24
1.881e+02 3.200e-29 2.235e-24 1.767e-24 3.074e-24 1.960e-24 4.191e-24
1.898e+02 3.084e-29 1.947e-24 1.760e-24 3.084e-24 2.105e-24 4.049e-24
1.916e+02 2.972e-29 1.720e-24 1.752e-24 3.094e-24 2.265e-24 3.950e-24
1.933e+02 2.864e-29 1.536e-24 1.745e-24 3.105e-24 2.439e-24 3.879e-24
1.951e+02 2.761e-29 1.384e-24 1.738e-24 3.116e-24 2.623e-24 3.827e-24
1.969e+02 2.661e-29 1.257e-24 1.730e-24 3.128e-24 2.818e-24 3.789e-24
1.987e+02 2.564e-29 1.149e-24 1.723e-24 3.140e-24 3.021e-24 3.761e-24
2.006e+02 2.471e-29 1.055e-24 1.715e-24 3.152e-24 3.232e-24 3.741e-24
2.024e+02 2.382e-29 9.745e-25 1.708e-24 3.165e-24 3.450e-24 3.726e-24
2.043e+02 2.296e-29 9.036e-25 1.701e-24 3.178e-24 3.675e-24 3.716e-24
2.062e+02 2.213e-29 8.410e-25 1.694e-24 3.192e-24 3.905e-24 3.710e-24
2.081e+02 2.132e-29 7.854e-25 1.686e-24 3.207e-24 4.141e-24 3.707e-24
2.100e+02 2.055e-29 7.356e-25 1.679e-24 3.221e-24 4.381e-24 3.706e-24
2.120e+02 1.981e-29 6.910e-25 1.672e-24 3.237e-24 4.627e-24 3.708e-24
2.140e+02 1.909e-29 6.506e-25 1.665e-24 3.252e-24 4.876e-24 3.711e-24
2.159e+02 1.840e-29 6.140e-25 1.658e-24 3.269e-24 5.130e-24 3.716e-24
2.179e+02 1.773e-29 5.808e-25 1.651e-24 3.286e-24 5.389e-24 3.723e-24
2.200e+02 1.709e-29 5.504e-25 1.644e-24 3.303e-24 5.651e-24 3.730e-24
2.220e+02 1.647e-29 5.226e-25 1.637e-24 3.321e-24 5.917e-24 3.739e-24
2.241e+02 1.588e-29 4.970e-25 1.630e-24 3.340e-24 6.186e-24 3.749e-24
2.261e+02 1.530e-29 4.735e-25 1.623e-24 3.359e-24 6.460e-24 3.760e-24
2.282e+02 1.475e-29 4.518e-25 1.616e-24 3.379e-24 6.736e-24 3.772e-24
2.303e+02 1.421e-29 4.318e-25 1.609e-24 3.399e-24 7.016e-24 3.786e-24
2.325e+02 1.370e-29 4.132e-25 1.602e-24 3.420e-24 7.300e-24 3.799e-24
2.346e+02 1.320e-29 3.960e-25 1.595e-24 3.442e-24 7.586e-24 3.814e-24
2.368e+02 1.272e-29 3.800e-25 1.589e-24 3.464e-24 7.876e-24 3.830e-24
2.390e+02 1.226e-29 3.652e-25 1.582e-24 3.487e-24 8.169e-24 3.846e-24
2.412e+02 1.182e-29 3.514e-25 1.575e-24 3.511e-24 8.466e-24 3.864e-24
2.434e+02 1.139e-29 3.385e-25 1.568e-24 3.535e-24 8.765e-24 3.882e-24
2.457e+02 1.098e-29 3.265e-25 1.562e-24 3.560e-24 9.067e-24 3.901e-24
2.480e+02 1.058e-29 3.154e-25 1.555e-24 3.585e-24 9.372e-24 3.921e-24
2.503e+02 1.020e-29 3.050e-25 1.548e-24 3.612e-24 9.681e-24 3.941e-24
2.526e+02 9.829e-30 2.953e-25 1.542e-24 3.638e-24 9.992e-24 3.963e-24
2.549e+02 9.473e-30 2.863e-25 1.535e-24 3.666e-24 1.031e-23 3.985e-24
2.573e+02 9.130e-30 2.779e-25 1.529e-24 3.694e-24 1.062e-23 4.008e-24
2.597e+02 8.799e-30 2.701e-25 1.522e-24 3.723e-24 1.094e-23 4.031e-24
2.621e+02 8.481e-30 2.628e-25 1.515e-24 3.753e-24 1.127e-23 4.056e-24
2.645e+02 8.174e-30 2.561e-25 1.509e-24 3.783e-24 1.159e-23 4.081e-24
2.669e+02 7.878e-30 2.499e-25 1.503e-24 3.814e-24 1.192e-23 4.107e-24
2.694e+02 7.592e-30 2.442e-25 1.496e-24 3.846e-24 1.225e-23 4.134e-24
2.719e+02 7.317e-30 2.389e-25 1.490e-24 3.878e-24 1.258e-23 4.162e-24
2.744e+02 7.052e-30 2.341e-25 1.483e-24 3.912e-24 1.292e-23 4.190e-24
2.770e+02 6.797e-30 2.297e-25 1.477e-24 3.945e-24 1.326e-23 4.219e-24
2.795e+02 6.551e-30 2.257e-25 1.471e-24 3.980e-24 1.360e-23 4.249e-24
2.821e+02 6.314e-30 2.221e-25 1.464e-24 4.015e-24 1.395e-23 4.280e-24
2.847e+02 6.085e-30 2.190e-25 1.458e-24 4.051e-24 1.430e-23 4.311e-24
2.874e+02 5.865e-30 2.162e-25 1.452e-24 4.088e-24 1.465e-23 4.344e-24
2.900e+02 5.652e-30 2.138e-25 1.446e-24 4.125e-24 1.500e-23 4.377e-24
2.927e+02 5.448e-30 2.117e-25 1.439e-24 4.164e-24 1.536e-23 4.411e-24
2.954e+02 5.251e-30 2.101e-25 1.433e-24 4.202e-24 1.572e-23 4.445e-24
2.982e+02 5.060e-30 2.088e-25 1.427e-24 4.242e-24 1.608e-23 4.481e-24
3.009e+02 4.877e-30 2.079e-25 1.421e-24 4.282e-24 1.644e-23 4.517e-24
3.037e+02 4.701e-30 2.074e-25 1.415e-24 4.323e-24 1.681e-23 4.554e-24
3.065e+02 4.530e-30 2.073e-25 1.409e-24 4.365e-24 1.718e-23 4.591e-24
3.094e+02 4.366e-30 2.076e-25 1.403e-24 4.407e-24 1.755e-23 4.630e-24
3.122e+02 4.208e-30 2.083e-25 1.397e-24 4.451e-24 1.793e-23 4.669e-24
3.151e+02 4.056e-30 2.095e-25 1.391e-24 4.494e-24 1.830e-23 4.709e-24
3.181e+02 3.909e-30 2.111e-25 1.385e-24 4.539e-24 1.869e-23 4.750e-24
3.210e+02 3.768e-30 2.132e-25 1.379e-24 4.584e-24 1.907e-23 4.792e-24
3.240e+02 3.631e-30 2.158e-25 1.373e-24 4.630e-24 1.946e-23 4.834e-24
3.270e+02 3.500e-30 2.189e-25 1.367e-24 4.677e-24 1.985e-23 4.878e-24
3.300e+02 3.373e-30 2.226e-25 1.361e-24 4.724e-24 2.024e-23 4.922e-24
3.331e+02 3.251e-30 2.270e-25 1.355e-24 4.773e-24 2.063e-23 4.966e-24
3.361e+02 3.133e-30 2.322e-25 1.349e-24 4.821e-24 2.103e-23 5.012e-24
3.393e+02 3.020e-30 2.381e-25 1.344e-24 4.871e-24 2.143e-23 5.058e-24
3.424e+02 2.910e-30 2.449e-25 1.338e-24 4.921e-24 2.183e-23 5.106e-24
3.456e+02 2.805e-30 2.527e-25 1.332e-24 4.972e-24 2.224e-23 5.154e-24
3.488e+02 2.703e-30 2.617e-25 1.326e-24 5.024e-24 2.265e-23 5.202e-24
3.520e+02 2.605e-30 2.721e-25 1.321e-24 5.076e-24 2.306e-23 5.252e-24
3.553e+02 2.511e-30 2.841e-25 1.315e-24 5.129e-24 2.348e-23 5.303e-24
3.586e+02 2.420e-30 2.981e-25 1.309e-24 5.183e-24 2.389e-23 5.354e-24
3.619e+02 2.333e-30 3.143e-25 1.304e-24 5.237e-24 2.431e-23 5.406e-24
3.652e+02 2.248e-30 3.334e-25 1.298e-24 5.293e-24 2.474e-23 5.460e-24
3.686e+02 2.167e-30 3.561e-25 1.292e-24 5.349e-24 2.516e-23 5.514e-24
3.720e+02 2.088e-30 3.834e-25 1.287e-24 5.405e-24 2.559e-23 5.569e-24
3.755e+02 2.013e-30 4.166e-25 1.281e-24 5.462e-24 2.602e-23 5.626e-24
3.789e+02 1.940e-30 4.580e-25 1.276e-24 5.520e-24 2.646e-23 5.684e-24
3.825e+02 1.870e-30 5.105e-25 1.270e-24 5.579e-24 2.690e-23 5.745e-24
3.860e+02 1.802e-30 5.793e-25 1.265e-24 5.639e-24 2.734e-23 5.808e-24
3.896e+02 1.737e-30 6.732e-25 1.259e-24 5.699e-24 2.778e-23 5.875e-24
3.932e+02 1.674e-30 8.086e-25 1.254e-24 5.759e-24 2.823e-23 5.950e-24
3.968e+02 1.613e-30 1.020e-24 1.248e-24 5.821e-24 2.868e-23 6.040e-24
4.005e+02 1.555e-30 1.396e-24 1.243e-24 5.883e-24 2.914e-23 6.173e-24
4.042e+02 1.498e-30 2.247e-24 1.238e-24 5.946e-24 2.959e-23 6.476e-24
4.080e+02 1.444e-30 6.023e-24 1.232e-24 6.010e-24 3.005e-23 8.597e-24
4.117e+02 1.392e-30 8.317e-24 1.227e-24 6.074e-24 3.052e-23 1.037e-23
4.155e+02 1.342e-30 2.417e-24 1.222e-24 6.139e-24 3.098e-23 6.710e-24
4.194e+02 1.293e-30 1.400e-24 1.216e-24 6.205e-24 3.145e-23 6.476e-24
4.233e+02 1.246e-30 9.786e-25 1.211e-24 6.272e-24 3.193e-23 6.462e-24
4.272e+02 1.201e-30 7.484e-25 1.206e-24 6.339e-24 3.240e-23 6.496e-24
4.312e+02 1.158e-30 6.034e-25 1.201e-24 6.407e-24 3.288e-23 6.546e-24
4.351e+02 1.116e-30 5.038e-25 1.195e-24 6.476e-24 3.337e-23 6.604e-24
4.392e+02 1.075e-30 4.313e-25 1.190e-24 6.545e-24 3.385e-23 6.666e-24
4.432e+02 1.036e-30 3.761e-25 1.185e-24 6.615e-24 3.434e-23 6.731e-24
4.474e+02 9.988e-31 3.329e-25 1.180e-24 6.686e-24 3.484e-23 6.797e-24
4.515e+02 9.626e-31 2.981e-25 1.175e-24 6.757e-24 3.533e-23 6.865e-24
4.557e+02 9.278e-31 2.695e-25 1.170e-24 6.830e-24 3.583e-23 6.934e-24
4.599e+02 8.942e-31 2.456e-25 1.165e-24 6.903e-24 3.634e-23 7.005e-24
4.642e+02 8.618e-31 2.254e-25 1.160e-24 6.976e-24 3.684e-23 7.076e-24
4.685e+02 8.306e-31 2.081e-25 1.155e-24 7.051e-24 3.735e-23 7.148e-24
4.728e+02 8.005e-31 1.932e-25 1.149e-24 7.126e-24 3.787e-23 7.221e-24
4.772e+02 7.715e-31 1.802e-25 1.144e-24 7.202e-24 3.839e-23 7.295e-24
4.816e+02 7.436e-31 1.688e-25 1.139e-24 7.279e-24 3.891e-23 7.370e-24
4.861e+02 7.167e-31 1.588e-25 1.135e-24 7.356e-24 3.943e-23 7.445e-24
4.906e+02 6.907e-31 1.499e-25 1.130e-24 7.435e-24 3.996e-23 7.522e-24
4.951e+02 6.657e-31 1.420e-25 1.125e-24 7.514e-24 4.050e-23 7.599e-24
4.997e+02 6.416e-31 1.349e-25 1.120e-24 7.593e-24 4.103e-23 7.677e-24
5.043e+02 6.184e-31 1.286e-25 1.115e-24 7.674e-24 4.157e-23 7.756e-24
5.090e+02 5.960e-31 1.229e-25 1.110e-24 7.755e-24 4.212e-23 7.835e-24
5.137e+02 5.744e-31 1.178e-25 1.105e-24 7.837e-24 4.267e-23 7.916e-24
5.185e+02 5.536e-31 1.133e-25 1.100e-24 7.920e-24 4.322e-23 7.997e-24
5.233e+02 5.336e-31 1.092e-25 1.095e-24 8.004e-24 4.378e-23 8.079e-24
5.281e+02 5.142e-31 1.055e-25 1.091e-24 8.088e-24 4.434e-23 8.162e-24
5.330e+02 4.956e-31 1.023e-25 1.086e-24 8.173e-24 4.490e-23 8.246e-24
5.379e+02 4.777e-31 9.937e-26 1.081e-24 8.259e-24 4.547e-23 8.330e-24
5.429e+02 4.604e-31 9.683e-26 1.076e-24 8.346e-24 4.604e-23 8.416e-24
5.479e+02 4.437e-31 9.461e-26 1.072e-24 8.434e-24 4.662e-23 8.502e-24
5.530e+02 4.277e-31 9.270e-26 1.067e-24 8.522e-24 4.720e-23 8.589e-24
5.581e+02 4.122e-31 9.108e-26 1.062e-24 8.611e-24 4.779e-23 8.677e-24
5.633e+02 3.972e-31 8.975e-26 1.058e-24 8.701e-24 4.838e-23 8.766e-24
5.685e+02 3.829e-31 8.870e-26 1.053e-24 8.792e-24 4.897e-23 8.856e-24
5.738e+02 3.690e-31 8.793e-26 1.048e-24 8.884e-24 4.957e-23 8.946e-24
5.791e+02 3.556e-31 8.744e-26 1.044e-24 8.977e-24 5.018e-23 9.038e-24
5.845e+02 3.428e-31 8.723e-26 1.039e-24 9.070e-24 5.078e-23 9.130e-24
5.899e+02 3.304e-31 8.731e-26 1.035e-24 9.164e-24 5.140e-23 9.223e-24
5.954e+02 3.184e-31 8.769e-26 1.030e-24 9.259e-24 5.201e-23 9.317e-24
6.009e+02 3.069e-31 8.840e-26 1.026e-24 9.355e-24 5.264e-23 9.412e-24
6.064e+02 2.958e-31 8.944e-26 1.021e-24 9.452e-24 5.326e-23 9.508e-24
6.120e+02 2.850e-31 9.085e-26 1.017e-24 9.550e-24 5.389e-23 9.604e-24
6.177e+02 2.747e-31 9.267e-26 1.012e-24 9.648e-24 5.453e-23 9.702e-24
6.234e+02 2.648e-31 9.495e-26 1.008e-24 9.748e-24 5.517e-23 9.800e-24
6.292e+02 2.552e-31 9.773e-26 1.003e-24 9.848e-24 5.582e-23 9.900e-24
6.350e+02 2.460e-31 1.011e-25 9.987e-25 9.949e-24 5.647e-23 1.000e-23
6.409e+02 2.370e-31 1.052e-25 9.943e-25 1.005e-23 5.712e-23 1.010e-23
6.469e+02 2.285e-31 1.101e-25 9.899e-25 1.015e-23 5.778e-23 1.020e-23
6.529e+02 2.202e-31 1.160e-25 9.855e-25 1.026e-23 5.845e-23 1.031e-23
6.589e+02 2.122e-31 1.232e-25 9.812e-25 1.036e-23 5.912e-23 1.041e-23
6.650e+02 2.045e-31 1.320e-25 9.768e-25 1.047e-23 5.980e-23 1.052e-23
6.712e+02 1.971e-31 1.428e-25 9.725e-25 1.058e-23 6.048e-23 1.062e-23
6.774e+02 1.900e-31 1.564e-25 9.682e-25 1.068e-23 6.117e-23 1.073e-23
6.837e+02 1.831e-31 1.739e-25 9.639e-25 1.079e-23 6.186e-23 1.084e-23
6.900e+02 1.765e-31 1.971e-25 9.596e-25 1.090e-23 6.256e-23 1.095e-23
6.964e+02 1.701e-31 2.291e-25 9.554e-25 1.101e-23 6.326e-23 1.106e-23
7.028e+02 1.639e-31 2.756e-25 9.511e-25 1.112e-23 6.397e-23 1.117e-23
7.093e+02 1.580e-31 3.493e-25 9.469e-25 1.124e-23 6.468e-23 1.128e-23
7.159e+02 1.523e-31 4.830e-25 9.427e-25 1.135e-23 6.540e-23 1.140e-23
7.225e+02 1.468e-31 7.985e-25 9.385e-25 1.147e-23 6.613e-23 1.153e-23
7.292e+02 1.415e-31 2.439e-24 9.343e-25 1.158e-23 6.686e-23 1.187e-23
7.360e+02 1.363e-31 2.196e-24 9.302e-25 1.170e-23 6.760e-23 1.194e-23
7.428e+02 1.314e-31 7.451e-25 9.260e-25 1.182e-23 6.834e-23 1.188e-23
7.497e+02 1.266e-31 4.447e-25 9.219e-25 1.193e-23 6.909e-23 1.198e-23
7.566e+02 1.221e-31 3.151e-25 9.178e-25 1.205e-23 6.984e-23 1.209e-23
7.636e+02 1.176e-31 2.430e-25 9.137e-25 1.218e-23 7.060e-23 1.221e-23
7.707e+02 1.134e-31 1.972e-25 9.096e-25 1.230e-23 7.137e-23 1.233e-23
7.778e+02 1.093e-31 1.656e-25 9.055e-25 1.242e-23 7.214e-23 1.245e-23
7.850e+02 1.053e-31 1.425e-25 9.015e-25 1.254e-23 7.292e-23 1.258e-23
7.923e+02 1.015e-31 1.249e-25 8.975e-25 1.267e-23 7.371e-23 1.270e-23
7.997e+02 9.782e-32 1.112e-25 8.935e-25 1.280e-23 7.450e-23 1.283e-23
8.071e+02 9.428e-32 1.001e-25 8.895e-25 1.292e-23 7.530e-23 1.295e-23
8.145e+02 9.087e-32 9.107e-26 8.855e-25 1.305e-23 7.611e-23 1.308e-23
8.221e+02 8.758e-32 8.357e-26 8.815e-25 1.318e-23 7.692e-23 1.321e-23
8.297e+02 8.441e-32 7.727e-26 8.775e-25 1.331e-23 7.774e-23 1.334e-23
8.374e+02 8.135e-32 7.194e-26 8.736e-25 1.344e-23 7.856e-23 1.347e-23
8.451e+02 7.841e-32 6.738e-26 8.697e-25 1.358e-23 7.939e-23 1.361e-23
8.530e+02 7.557e-32 6.347e-26 8.658e-25 1.371e-23 8.023e-23 1.374e-23
8.609e+02 7.283e-32 6.010e-26 8.619e-25 1.385e-23 8.108e-23 1.388e-23
8.688e+02 7.019e-32 5.721e-26 8.580e-25 1.398e-23 8.193e-23 1.401e-23
8.769e+02 6.765e-32 5.471e-26 8.541e-25 1.412e-23 8.279e-23 1.415e-23
8.850e+02 6.520e-32 5.257e-26 8.503e-25 1.426e-23 8.366e-23 1.429e-23
8.932e+02 6.284e-32 5.076e-26 8.465e-25 1.440e-23 8.453e-23 1.443e-23
9.015e+02 6.057e-32 4.923e-26 8.427e-25 1.454e-23 8.541e-23 1.457e-23
9.098e+02 5.837e-32 4.797e-26 8.388e-25 1.469e-23 8.630e-23 1.471e-23
9.183e+02 5.626e-32 4.697e-26 8.351e-25 1.483e-23 8.720e-23 1.486e-23
9.268e+02 5.422e-32 4.621e-26 8.313e-25 1.498e-23 8.810e-23 1.500e-23
9.353e+02 5.226e-32 4.570e-26 8.275e-25 1.512e-23 8.901e-23 1.515e-23
9.440e+02 5.037e-32 4.544e-26 8.238e-25 1.527e-23 8.993e-23 1.529e-23
9.528e+02 4.855e-32 4.544e-26 8.201e-25 1.542e-23 9.086e-23 1.544e-23
9.616e+02 4.679e-32 4.573e-26 8.163e-25 1.557e-23 9.179e-23 1.559e-23
9.705e+02 4.509e-32 4.634e-26 8.126e-25 1.572e-23 9.273e-23 1.575e-23
9.795e+02 4.346e-32 4.736e-26 8.090e-25 1.588e-23 9.368e-23 1.590e-23
9.885e+02 4.189e-32 4.889e-26 8.053e-25 1.603e-23 9.464e-23 1.605e-23
9.977e+02 4.037e-32 5.119e-26 8.016e-25 1.619e-23 9.560e-23 1.621e-23
1.007e+03 3.891e-32 5.476e-26 7.980e-25 1.635e-23 9.658e-23 1.637e-23
1.016e+03 3.750e-32 6.092e-26 7.944e-25 1.651e-23 9.756e-23 1.652e-23
1.026e+03 3.614e-32 7.422e-26 7.908e-25 1.667e-23 9.855e-23 1.668e-23
1.035e+03 3.483e-32 1.217e-25 7.872e-25 1.683e-23 9.955e-23 1.685e-23
1.045e+03 3.357e-32 1.623e-24 7.836e-25 1.699e-23 1.006e-22 1.709e-23
1.054e+03 3.236e-32 1.121e-25 7.800e-25 1.716e-23 1.016e-22 1.717e-23
1.064e+03 3.119e-32 8.239e-26 7.764e-25 1.732e-23 1.026e-22 1.734e-23
1.074e+03 3.006e-32 8.088e-26 7.729e-25 1.749e-23 1.036e-22 1.751e-23
1.084e+03 2.897e-32 8.722e-26 7.694e-25 1.766e-23 1.047e-22 1.768e-23
1.094e+03 2.792e-32 9.896e-26 7.659e-25 1.783e-23 1.057e-22 1.785e-23
1.104e+03 2.691e-32 1.175e-25 7.624e-25 1.800e-23 1.068e-22 1.802e-23
1.114e+03 2.593e-32 1.477e-25 7.589e-25 1.818e-23 1.079e-22 1.819e-23
1.125e+03 2.500e-32 2.029e-25 7.554e-25 1.835e-23 1.089e-22 1.837e-23
1.135e+03 2.409e-32 3.330e-25 7.519e-25 1.853e-23 1.100e-22 1.855e-23
1.146e+03 2.322e-32 9.917e-25 7.485e-25 1.871e-23 1.111e-22 1.875e-23
1.156e+03 2.238e-32 9.575e-25 7.451e-25 1.889e-23 1.122e-22 1.893e-23
1.167e+03 2.157e-32 3.178e-25 7.416e-25 1.907e-23 1.133e-22 1.909e-23
1.178e+03 2.079e-32 1.890e-25 7.382e-25 1.925e-23 1.145e-22 1.927e-23
1.189e+03 2.003e-32 1.339e-25 7.348e-25 1.944e-23 1.156e-22 1.945e-23
1.200e+03 1.931e-32 1.033e-25 7.315e-25 1.962e-23 1.168e-22 1.964e-23
1.211e+03 1.861e-32 8.403e-26 7.281e-25 1.981e-23 1.179e-22 1.983e-23
1.222e+03 1.794e-32 7.075e-26 7.247e-25 2.000e-23 1.191e-22 2.002e-23
1.233e+03 1.729e-32 6.110e-26 7.214e-25 2.019e-23 1.203e-22 2.021e-23
1.245e+03 1.666e-32 5.379e-26 7.181e-25 2.039e-23 1.214e-22 2.040e-23
1.256e+03 1.606e-32 4.810e-26 7.148e-25 2.058e-23 1.226e-22 2.060e-23
1.268e+03 1.548e-32 4.356e-26 7.115e-25 2.078e-23 1.238e-22 2.079e-23
1.280e+03 1.492e-32 3.988e-26 7.082e-25 2.098e-23 1.251e-22 2.099e-23
1.292e+03 1.438e-32 3.687e-26 7.049e-25 2.118e-23 1.263e-22 2.119e-23
1.304e+03 1.385e-32 3.437e-26 7.016e-25 2.138e-23 1.275e-22 2.139e-23
1.316e+03 1.335e-32 3.229e-26 6.984e-25 2.159e-23 1.288e-22 2.160e-23
1.328e+03 1.287e-32 3.056e-26 6.951e-25 2.179e-23 1.300e-22 2.180e-23
1.340e+03 1.240e-32 2.912e-26 6.919e-25 2.200e-23 1.313e-22 2.201e-23
1.352e+03 1.195e-32 2.793e-26 6.887e-25 2.221e-23 1.326e-22 2.222e-23
1.365e+03 1.152e-32 2.697e-26 6.855e-25 2.242e-23 1.339e-22 2.243e-23
1.378e+03 1.110e-32 2.621e-26 6.823e-25 2.263e-23 1.352e-22 2.264e-23
1.390e+03 1.070e-32 2.563e-26 6.791e-25 2.285e-23 1.365e-22 2.286e-23
1.403e+03 1.032e-32 2.523e-26 6.760e-25 2.307e-23 1.378e-22 2.308e-23
1.416e+03 9.942e-33 2.500e-26 6.728e-25 2.329e-23 1.392e-22 2.330e-23
1.429e+03 9.582e-33 2.495e-26 6.697e-25 2.351e-23 1.405e-22 2.352e-23
1.443e+03 9.235e-33 2.508e-26 6.666e-25 2.373e-23 1.419e-22 2.374e-23
1.456e+03 8.900e-33 2.540e-26 6.635e-25 2.396e-23 1.433e-22 2.397e-23
1.469e+03 8.578e-33 2.593e-26 6.604e-25 2.418e-23 1.447e-22 2.419e-23
1.483e+03 8.268e-33 2.669e-26 6.573e-25 2.441e-23 1.461e-22 2.442e-23
1.497e+03 7.968e-33 2.774e-26 6.542e-25 2.465e-23 1.475e-22 2.465e-23
1.511e+03 7.680e-33 2.914e-26 6.511e-25 2.488e-23 1.489e-22 2.489e-23
1.525e+03 7.402e-33 3.096e-26 6.481e-25 2.512e-23 1.503e-22 2.512e-23
1.539e+03 7.134e-33 3.333e-26 6.451e-25 2.535e-23 1.518e-22 2.536e-23
1.553e+03 6.875e-33 3.646e-26 6.420e-25 2.559e-23 1.533e-22 2.560e-23
1.567e+03 6.626e-33 4.067e-26 6.390e-25 2.584e-23 1.547e-22 2.584e-23
1.582e+03 6.387e-33 4.649e-26 6.360e-25 2.608e-23 1.562e-22 2.609e-23
1.597e+03 6.155e-33 5.492e-26 6.330e-25 2.633e-23 1.577e-22 2.633e-23
1.611e+03 5.932e-33 6.805e-26 6.301e-25 2.658e-23 1.593e-22 2.658e-23
1.626e+03 5.718e-33 9.094e-26 6.271e-25 2.683e-23 1.608e-22 2.684e-23
1.641e+03 5.511e-33 1.403e-25 6.241e-25 2.708e-23 1.623e-22 2.709e-23
1.657e+03 5.311e-33 3.216e-25 6.212e-25 2.734e-23 1.639e-22 2.735e-23
1.672e+03 5.119e-33 9.638e-25 6.183e-25 2.760e-23 1.655e-22 2.762e-23
1.687e+03 4.933e-33 1.889e-25 6.153e-25 2.786e-23 1.670e-22 2.786e-23
1.703e+03 4.755e-33 1.038e-25 6.124e-25 2.812e-23 1.686e-22 2.813e-23
1.719e+03 4.583e-33 7.121e-26 6.095e-25 2.838e-23 1.703e-22 2.839e-23
1.735e+03 4.417e-33 5.408e-26 6.067e-25 2.865e-23 1.719e-22 2.866e-23
1.751e+03 4.257e-33 4.358e-26 6.038e-25 2.892e-23 1.735e-22 2.893e-23
1.767e+03 4.103e-33 3.651e-26 6.009e-25 2.919e-23 1.752e-22 2.920e-23
1.783e+03 3.954e-33 3.147e-26 5.981e-25 2.947e-23 1.769e-22 2.948e-23
1.800e+03 3.811e-33 2.772e-26 5.952e-25 2.975e-23 1.786e-22 2.975e-23
1.817e+03 3.673e-33 2.486e-26 5.924e-25 3.003e-23 1.803e-22 3.003e-23
1.833e+03 3.540e-33 2.264e-26 5.896e-25 3.031e-23 1.820e-22 3.032e-23
1.850e+03 3.412e-33 2.091e-26 5.868e-25 3.059e-23 1.837e-22 3.060e-23
1.868e+03 3.288e-33 1.957e-26 5.840e-25 3.088e-23 1.855e-22 3.089e-23
1.885e+03 3.169e-33 1.857e-26 5.812e-25 3.117e-23 1.872e-22 3.118e-23
1.902e+03 3.055e-33 1.793e-26 5.785e-25 3.147e-23 1.890e-22 3.147e-23
1.920e+03 2.944e-33 1.769e-26 5.757e-25 3.176e-23 1.908e-22 3.177e-23
1.938e+03 2.837e-33 1.809e-26 5.730e-25 3.206e-23 1.926e-22 3.207e-23
1.956e+03 2.735e-33 1.975e-26 5.702e-25 3.236e-23 1.945e-22 3.237e-23
1.974e+03 2.636e-33 2.497e-26 5.675e-25 3.267e-23 1.963e-22 3.267e-23
1.992e+03 2.540e-33 4.761e-26 5.648e-25 3.297e-23 1.982e-22 3.298e-23
2.010e+03 2.448e-33 2.587e-25 5.621e-25 3.328e-23 2.000e-22 3.329e-23
2.029e+03 2.360e-33 3.910e-26 5.594e-25 3.359e-23 2.019e-22 3.360e-23
2.048e+03 2.274e-33 2.544e-26 5.567e-25 3.391e-23 2.039e-22 3.391e-23
2.067e+03 2.192e-33 2.155e-26 5.540e-25 3.423e-23 2.058e-22 3.423e-23
2.086e+03 2.112e-33 2.031e-26 5.514e-25 3.455e-23 2.077e-22 3.455e-23
2.105e+03 2.036e-33 2.026e-26 5.487e-25 3.487e-23 2.097e-22 3.488e-23
2.125e+03 1.962e-33 2.099e-26 5.461e-25 3.520e-23 2.117e-22 3.520e-23
2.145e+03 1.891e-33 2.245e-26 5.435e-25 3.553e-23 2.137e-22 3.553e-23
2.164e+03 1.823e-33 2.477e-26 5.409e-25 3.586e-23 2.157e-22 3.587e-23
2.184e+03 1.757e-33 2.832e-26 5.382e-25 3.620e-23 2.178e-22 3.620e-23
2.205e+03 1.693e-33 3.386e-26 5.357e-25 3.654e-23 2.198e-22 3.654e-23
2.225e+03 1.632e-33 4.323e-26 5.331e-25 3.688e-23 2.219e-22 3.688e-23
2.246e+03 1.573e-33 6.167e-26 5.305e-25 3.723e-23 2.240e-22 3.723e-23
2.266e+03 1.516e-33 1.127e-25 5.279e-25 3.757e-23 2.261e-22 3.758e-23
2.287e+03 1.461e-33 8.471e-25 5.254e-25 3.793e-23 2.282e-22 3.794e-23
2.309e+03 1.408e-33 1.477e-25 5.228e-25 3.828e-23 2.304e-22 3.829e-23
2.330e+03 1.357e-33 6.707e-26 5.203e-25 3.864e-23 2.326e-22 3.864e-23
2.352e+03 1.308e-33 4.319e-26 5.178e-25 3.900e-23 2.348e-22 3.900e-23
2.373e+03 1.261e-33 3.182e-26 5.153e-25 3.937e-23 2.370e-22 3.937e-23
2.395e+03 1.215e-33 2.521e-26 5.128e-25 3.973e-23 2.392e-22 3.974e-23
2.418e+03 1.171e-33 2.094e-26 5.103e-25 4.011e-23 2.415e-22 4.011e-23
2.440e+03 1.129e-33 1.797e-26 5.078e-25 4.048e-23 2.437e-22 4.048e-23
2.463e+03 1.088e-33 1.582e-26 5.054e-25 4.086e-23 2.460e-22 4.086e-23
2.485e+03 1.048e-33 1.421e-26 5.029e-25 4.124e-23 2.483e-22 4.124e-23
2.508e+03 1.010e-33 1.298e-26 5.005e-25 4.163e-23 2.507e-22 4.163e-23
2.532e+03 9.737e-34 1.203e-26 4.980e-25 4.201e-23 2.530e-22 4.202e-23
2.555e+03 9.385e-34 1.130e-26 4.956e-25 4.241e-23 2.554e-22 4.241e-23
2.579e+03 9.045e-34 1.075e-26 4.932e-25 4.280e-23 2.578e-22 4.281e-23
2.603e+03 8.718e-34 1.035e-26 4.908e-25 4.320e-23 2.602e-22 4.321e-23
2.627e+03 8.402e-34 1.008e-26 4.884e-25 4.361e-23 2.627e-22 4.361e-23
2.651e+03 8.098e-34 9.933e-27 4.860e-25 4.401e-23 2.652e-22 4.402e-23
2.676e+03 7.805e-34 9.906e-27 4.836e-25 4.442e-23 2.677e-22 4.443e-23
2.700e+03 7.522e-34 1.000e-26 4.812e-25 4.484e-23 2.702e-22 4.484e-23
2.725e+03 7.250e-34 1.024e-26 4.789e-25 4.526e-23 2.727e-22 4.526e-23
2.751e+03 6.987e-34 1.063e-26 4.765e-25 4.568e-23 2.753e-22 4.568e-23
2.776e+03 6.734e-34 1.121e-26 4.742e-25 4.611e-23 2.778e-22 4.611e-23
2.802e+03 6.490e-34 1.205e-26 4.719e-25 4.654e-23 2.804e-22 4.654e-23
2.828e+03 6.255e-34 1.323e-26 4.696e-25 4.697e-23 2.831e-22 4.697e-23
2.854e+03 6.029e-34 1.492e-26 4.673e-25 4.741e-23 2.857e-22 4.741e-23
2.880e+03 5.811e-34 1.744e-26 4.650e-25 4.785e-23 2.884e-22 4.785e-23
2.907e+03 5.600e-34 2.140e-26 4.627e-25 4.830e-23 2.911e-22 4.830e-23
2.934e+03 5.397e-34 2.837e-26 4.604e-25 4.875e-23 2.938e-22 4.875e-23
2.961e+03 5.202e-34 4.342e-26 4.581e-25 4.920e-23 2.966e-22 4.920e-23
2.989e+03 5.014e-34 9.794e-26 4.559e-25 4.966e-23 2.994e-22 4.966e-23
3.016e+03 4.832e-34 3.241e-25 4.536e-25 5.012e-23 3.022e-22 5.013e-23
3.044e+03 4.657e-34 5.983e-26 4.514e-25 5.059e-23 3.050e-22 5.059e-23
3.072e+03 4.489e-34 3.276e-26 4.492e-25 5.106e-23 3.079e-22 5.106e-23
3.101e+03 4.326e-34 2.253e-26 4.469e-25 5.154e-23 3.107e-22 5.154e-23
3.130e+03 4.169e-34 1.721e-26 4.447e-25 5.202e-23 3.136e-22 5.202e-23
3.159e+03 4.018e-34 1.398e-26 4.425e-25 5.250e-23 3.166e-22 5.250e-23
3.188e+03 3.873e-34 1.183e-26 4.403e-25 5.299e-23 3.195e-22 5.299e-23
3.217e+03 3.733e-34 1.033e-26 4.382e-25 5.348e-23 3.225e-22 5.349e-23
3.247e+03 3.598e-34 9.239e-27 4.360e-25 5.398e-23 3.255e-22 5.398e-23
3.277e+03 3.467e-34 8.432e-27 4.338e-25 5.448e-23 3.286e-22 5.449e-23
3.308e+03 3.342e-34 7.834e-27 4.317e-25 5.499e-23 3.317e-22 5.499e-23
3.338e+03 3.221e-34 7.397e-27 4.295e-25 5.550e-23 3.348e-22 5.550e-23
3.369e+03 3.104e-34 7.092e-27 4.274e-25 5.602e-23 3.379e-22 5.602e-23
3.400e+03 2.992e-34 6.902e-27 4.253e-25 5.654e-23 3.410e-22 5.654e-23
3.432e+03 2.883e-34 6.819e-27 4.232e-25 5.707e-23 3.442e-22 5.707e-23
3.464e+03 2.779e-34 6.841e-27 4.211e-25 5.760e-23 3.474e-22 5.760e-23
3.496e+03 2.678e-34 6.976e-27 4.190e-25 5.813e-23 3.507e-22 5.814e-23
3.528e+03 2.581e-34 7.240e-27 4.169e-25 5.868e-23 3.540e-22 5.868e-23
3.561e+03 2.488e-34 7.663e-27 4.148e-25 5.922e-23 3.573e-22 5.922e-23
3.594e+03 2.398e-34 8.296e-27 4.127e-25 5.977e-23 3.606e-22 5.977e-23
3.627e+03 2.311e-34 9.230e-27 4.107e-25 6.033e-23 3.640e-22 6.033e-23
3.661e+03 2.227e-34 1.063e-26 4.086e-25 6.089e-23 3.674e-22 6.089e-23
3.695e+03 2.147e-34 1.283e-26 4.066e-25 6.146e-23 3.708e-22 6.146e-23
3.729e+03 2.069e-34 1.663e-26 4.046e-25 6.203e-23 3.743e-22 6.203e-23
3.763e+03 1.994e-34 2.444e-26 4.025e-25 6.260e-23 3.777e-22 6.260e-23
3.798e+03 1.922e-34 4.865e-26 4.005e-25 6.319e-23 3.813e-22 6.319e-23
3.833e+03 1.852e-34 1.508e-24 3.985e-25 6.377e-23 3.848e-22 6.379e-23
3.869e+03 1.785e-34 4.453e-26 3.965e-25 6.437e-23 3.884e-22 6.437e-23
3.905e+03 1.721e-34 2.246e-26 3.945e-25 6.496e-23 3.920e-22 6.497e-23
3.941e+03 1.658e-34 1.502e-26 3.925e-25 6.557e-23 3.957e-22 6.557e-23
3.977e+03 1.598e-34 1.133e-26 3.906e-25 6.618e-23 3.994e-22 6.618e-23
4.014e+03 1.540e-34 9.158e-27 3.886e-25 6.679e-23 4.031e-22 6.679e-23
4.051e+03 1.485e-34 7.748e-27 3.867e-25 6.741e-23 4.069e-22 6.741e-23
4.089e+03 1.431e-34 6.780e-27 3.847e-25 6.804e-23 4.106e-22 6.804e-23
4.127e+03 1.379e-34 6.096e-27 3.828e-25 6.867e-23 4.145e-22 6.867e-23
4.165e+03 1.329e-34 5.607e-27 3.809e-25 6.931e-23 4.183e-22 6.931e-23
4.204e+03 1.281e-34 5.265e-27 3.790e-25 6.995e-23 4.222e-22 6.996e-23
4.243e+03 1.235e-34 5.039e-27 3.770e-25 7.060e-23 4.262e-22 7.061e-23
4.282e+03 1.190e-34 4.913e-27 3.751e-25 7.126e-23 4.301e-22 7.126e-23
4.322e+03 1.147e-34 4.881e-27 3.733e-25 7.192e-23 4.341e-22 7.192e-23
4.362e+03 1.105e-34 4.944e-27 3.714e-25 7.259e-23 4.382e-22 7.259e-23
4.402e+03 1.065e-34 5.114e-27 3.695e-25 7.327e-23 4.423e-22 7.327e-23
4.443e+03 1.027e-34 5.414e-27 3.676e-25 7.395e-23 4.464e-22 7.395e-23
4.484e+03 9.896e-35 5.888e-27 3.658e-25 7.463e-23 4.505e-22 7.463e-23
4.525e+03 9.538e-35 6.615e-27 3.639e-25 7.533e-23 4.547e-22 7.533e-23
4.567e+03 9.192e-35 7.752e-27 3.621e-25 7.603e-23 4.590e-22 7.603e-23
4.610e+03 8.859e-35 9.646e-27 3.603e-25 7.673e-23 4.632e-22 7.673e-23
4.652e+03 8.539e-35 1.322e-26 3.584e-25 7.744e-23 4.675e-22 7.744e-23
4.695e+03 8.229e-35 2.201e-26 3.566e-25 7.816e-23 4.719e-22 7.816e-23
4.739e+03 7.932e-35 7.393e-26 3.548e-25 7.889e-23 4.763e-22 7.889e-23
4.783e+03 7.644e-35 5.127e-26 3.530e-25 7.962e-23 4.807e-22 7.962e-23
4.827e+03 7.368e-35 1.883e-26 3.512e-25 8.036e-23 4.852e-22 8.036e-23
4.872e+03 7.101e-35 1.154e-26 3.495e-25 8.111e-23 4.897e-22 8.111e-23
4.917e+03 6.844e-35 8.364e-27 3.477e-25 8.186e-23 4.942e-22 8.186e-23
4.962e+03 6.596e-35 6.616e-27 3.459e-25 8.262e-23 4.988e-22 8.262e-23
5.008e+03 6.357e-35 5.531e-27 3.442e-25 8.339e-23 5.035e-22 8.339e-23
5.055e+03 6.127e-35 4.814e-27 3.424e-25 8.416e-23 5.082e-22 8.416e-23
5.102e+03 5.905e-35 4.324e-27 3.407e-25 8.494e-23 5.129e-22 8.494e-23
5.149e+03 5.691e-35 3.990e-27 3.390e-25 8.573e-23 5.177e-22 8.573e-23
5.197e+03 5.485e-35 3.772e-27 3.372e-25 8.653e-23 5.225e-22 8.653e-23
5.245e+03 5.287e-35 3.648e-27 3.355e-25 8.733e-23 5.273e-22 8.733e-23
5.293e+03 5.095e-35 3.609e-27 3.338e-25 8.814e-23 5.322e-22 8.814e-23
5.342e+03 4.911e-35 3.655e-27 3.321e-25 8.896e-23 5.372e-22 8.896e-23
5.392e+03 4.733e-35 3.797e-27 3.304e-25 8.978e-23 5.422e-22 8.978e-23
5.442e+03 4.562e-35 4.056e-27 3.287e-25 9.062e-23 5.472e-22 9.062e-23
5.492e+03 4.396e-35 4.480e-27 3.271e-25 9.146e-23 5.523e-22 9.146e-23
5.543e+03 4.237e-35 5.160e-27 3.254e-25 9.231e-23 5.574e-22 9.231e-23
5.594e+03 4.084e-35 6.292e-27 3.237e-25 9.316e-23 5.626e-22 9.316e-23
5.646e+03 3.936e-35 8.378e-27 3.221e-25 9.403e-23 5.678e-22 9.403e-23
5.698e+03 3.793e-35 1.317e-26 3.204e-25 9.490e-23 5.731e-22 9.490e-23
5.751e+03 3.656e-35 3.385e-26 3.188e-25 9.578e-23 5.784e-22 9.578e-23
5.804e+03 3.524e-35 5.323e-26 3.172e-25 9.667e-23 5.838e-22 9.667e-23
5.858e+03 3.396e-35 1.470e-26 3.156e-25 9.756e-23 5.892e-22 9.757e-23
5.913e+03 3.273e-35 8.537e-27 3.140e-25 9.847e-23 5.947e-22 9.847e-23
5.967e+03 3.155e-35 6.061e-27 3.123e-25 9.938e-23 6.002e-22 9.938e-23
6.023e+03 3.040e-35 4.752e-27 3.108e-25 1.003e-22 6.058e-22 1.003e-22
6.078e+03 2.930e-35 3.964e-27 3.092e-25 1.012e-22 6.114e-22 1.012e-22
6.135e+03 2.824e-35 3.457e-27 3.076e-25 1.022e-22 6.171e-22 1.022e-22
6.191e+03 2.722e-35 3.123e-27 3.060e-25 1.031e-22 6.228e-22 1.031e-22
6.249e+03 2.623e-35 2.909e-27 3.044e-25 1.041e-22 6.286e-22 1.041e-22
6.307e+03 2.528e-35 2.786e-27 3.029e-25 1.050e-22 6.344e-22 1.050e-22
6.365e+03 2.437e-35 2.741e-27 3.013e-25 1.060e-22 6.403e-22 1.060e-22
6.424e+03 2.349e-35 2.774e-27 2.998e-25 1.070e-22 6.463e-22 1.070e-22
6.484e+03 2.264e-35 2.892e-27 2.983e-25 1.080e-22 6.523e-22 1.080e-22
6.544e+03 2.182e-35 3.118e-27 2.967e-25 1.090e-22 6.583e-22 1.090e-22
6.604e+03 2.103e-35 3.502e-27 2.952e-25 1.100e-22 6.645e-22 1.100e-22
6.665e+03 2.027e-35 4.145e-27 2.937e-25 1.110e-22 6.706e-22 1.110e-22
6.727e+03 1.953e-35 5.296e-27 2.922e-25 1.121e-22 6.768e-22 1.121e-22
6.789e+03 1.882e-35 7.715e-27 2.907e-25 1.131e-22 6.831e-22 1.131e-22
6.852e+03 1.814e-35 1.533e-26 2.892e-25 1.141e-22 6.895e-22 1.141e-22
6.916e+03 1.749e-35 3.665e-25 2.877e-25 1.152e-22 6.959e-22 1.152e-22
6.980e+03 1.685e-35 1.379e-26 2.863e-25 1.163e-22 7.023e-22 1.163e-22
7.044e+03 1.624e-35 7.029e-27 2.848e-25 1.173e-22 7.088e-22 1.173e-22
7.110e+03 1.565e-35 4.758e-27 2.833e-25 1.184e-22 7.154e-22 1.184e-22
7.176e+03 1.509e-35 3.646e-27 2.819e-25 1.195e-22 7.221e-22 1.195e-22
7.242e+03 1.454e-35 3.007e-27 2.804e-25 1.206e-22 7.288e-22 1.206e-22
7.309e+03 1.402e-35 2.611e-27 2.790e-25 1.218e-22 7.355e-22 1.218e-22
7.377e+03 1.351e-35 2.361e-27 2.776e-25 1.229e-22 7.423e-22 1.229e-22
7.445e+03 1.302e-35 2.211e-27 2.761e-25 1.240e-22 7.492e-22 1.240e-22
7.514e+03 1.255e-35 2.139e-27 2.747e-25 1.252e-22 7.562e-22 1.252e-22
7.584e+03 1.209e-35 2.137e-27 2.733e-25 1.263e-22 7.632e-22 1.263e-22
7.654e+03 1.166e-35 2.209e-27 2.719e-25 1.275e-22 7.703e-22 1.275e-22
7.725e+03 1.123e-35 2.371e-27 2.705e-25 1.287e-22 7.774e-22 1.287e-22
7.796e+03 1.083e-35 2.663e-27 2.691e-25 1.299e-22 7.846e-22 1.299e-22
7.869e+03 1.043e-35 3.171e-27 2.677e-25 1.311e-22 7.919e-22 1.311e-22
7.941e+03 1.006e-35 4.117e-27 2.664e-25 1.323e-22 7.993e-22 1.323e-22
8.015e+03 9.693e-36 6.236e-27 2.650e-25 1.335e-22 8.067e-22 1.335e-22
8.089e+03 9.342e-36 1.422e-26 2.636e-25 1.348e-22 8.142e-22 1.348e-22
8.164e+03 9.004e-36 4.091e-26 2.623e-25 1.360e-22 8.217e-22 1.360e-22
8.240e+03 8.678e-36 8.259e-27 2.609e-25 1.373e-22 8.293e-22 1.373e-22
8.316e+03 8.363e-36 4.617e-27 2.596e-25 1.386e-22 8.370e-22 1.386e-22
8.393e+03 8.061e-36 3.248e-27 2.582e-25 1.398e-22 8.448e-22 1.398e-22
8.471e+03 7.769e-36 2.553e-27 2.569e-25 1.411e-22 8.526e-22 1.411e-22
8.549e+03 7.487e-36 2.151e-27 2.556e-25 1.424e-22 8.605e-22 1.424e-22
8.629e+03 7.216e-36 1.907e-27 2.543e-25 1.438e-22 8.685e-22 1.438e-22
8.708e+03 6.955e-36 1.764e-27 2.530e-25 1.451e-22 8.766e-22 1.451e-22
8.789e+03 6.703e-36 1.696e-27 2.517e-25 1.464e-22 8.847e-22 1.464e-22
8.870e+03 6.461e-36 1.693e-27 2.504e-25 1.478e-22 8.929e-22 1.478e-22
8.953e+03 6.227e-36 1.757e-27 2.491e-25 1.492e-22 9.012e-22 1.492e-22
9.036e+03 6.001e-36 1.907e-27 2.478e-25 1.506e-22 9.096e-22 1.506e-22
9.119e+03 5.784e-36 2.185e-27 2.465e-25 1.519e-22 9.180e-22 1.519e-22
9.204e+03 5.574e-36 2.695e-27 2.453e-25 1.534e-22 9.265e-22 1.534e-22
9.289e+03 5.373e-36 3.737e-27 2.440e-25 1.548e-22 9.351e-22 1.548e-22
9.375e+03 5.178e-36 6.618e-27 2.428e-25 1.562e-22 9.438e-22 1.562e-22
9.462e+03 4.991e-36 3.897e-26 2.415e-25 1.577e-22 9.525e-22 1.577e-22
9.549e+03 4.810e-36 9.594e-27 2.403e-25 1.591e-22 9.613e-22 1.591e-22
9.638e+03 4.636e-36 4.275e-27 2.390e-25 1.606e-22 9.703e-22 1.606e-22
9.727e+03 4.468e-36 2.789e-27 2.378e-25 1.621e-22 9.793e-22 1.621e-22
9.817e+03 4.306e-36 2.113e-27 2.366e-25 1.636e-22 9.883e-22 1.636e-22
9.908e+03 4.150e-36 1.746e-27 2.354e-25 1.651e-22 9.975e-22 1.651e-22
1.000e+04 4.000e-36 1.532e-27 2.341e-25 1.666e-22 1.007e-21 1.666e-22
