 0.10000000E+01  0.13053178E-15
 0.10030759E+01  0.12867817E-15
 0.10061612E+01  0.12687130E-15
 0.10092560E+01  0.12510998E-15
 0.10123603E+01  0.12339307E-15
 0.10154742E+01  0.12171948E-15
 0.10185976E+01  0.12008815E-15
 0.10217307E+01  0.11849806E-15
 0.10248734E+01  0.11694825E-15
 0.10280258E+01  0.11543778E-15
 0.10311878E+01  0.11396575E-15
 0.10343596E+01  0.11253130E-15
 0.10375412E+01  0.11113361E-15
 0.10407325E+01  0.10977188E-15
 0.10439336E+01  0.10844536E-15
 0.10471446E+01  0.10715332E-15
 0.10503655E+01  0.10589505E-15
 0.10535963E+01  0.10466991E-15
 0.10568370E+01  0.10347724E-15
 0.10600877E+01  0.10231646E-15
 0.10633483E+01  0.10118697E-15
 0.10666191E+01  0.10008822E-15
 0.10698998E+01  0.99019703E-16
 0.10731907E+01  0.97980913E-16
 0.10764917E+01  0.96971383E-16
 0.10798028E+01  0.95990671E-16
 0.10831241E+01  0.95038360E-16
 0.10864557E+01  0.94114060E-16
 0.10897974E+01  0.93217407E-16
 0.10931495E+01  0.92348061E-16
 0.10965119E+01  0.91505710E-16
 0.10998846E+01  0.90690067E-16
 0.11032677E+01  0.89900871E-16
 0.11066612E+01  0.89137888E-16
 0.11100651E+01  0.88400909E-16
 0.11134795E+01  0.87689754E-16
 0.11169044E+01  0.87004270E-16
 0.11203398E+01  0.86344331E-16
 0.11237859E+01  0.85709842E-16
 0.11272425E+01  0.85100736E-16
 0.11307097E+01  0.84516977E-16
 0.11341876E+01  0.83958561E-16
 0.11376762E+01  0.83425516E-16
 0.11411755E+01  0.82917905E-16
 0.11446856E+01  0.82435826E-16
 0.11482065E+01  0.81979416E-16
 0.11517382E+01  0.81548850E-16
 0.11552808E+01  0.81144345E-16
 0.11588343E+01  0.80766160E-16
 0.11623987E+01  0.80414605E-16
 0.11659741E+01  0.80090035E-16
 0.11695605E+01  0.79792859E-16
 0.11731579E+01  0.79523545E-16
 0.11767663E+01  0.79282619E-16
 0.11803859E+01  0.79070672E-16
 0.11840166E+01  0.78888368E-16
 0.11876585E+01  0.78736445E-16
 0.11913115E+01  0.78615724E-16
 0.11949758E+01  0.78527117E-16
 0.11986514E+01  0.78471633E-16
 0.12023383E+01  0.78450387E-16
 0.12060365E+01  0.78464615E-16
 0.12097461E+01  0.78515679E-16
 0.12134671E+01  0.78605084E-16
 0.12171996E+01  0.78734495E-16
 0.12209435E+01  0.78905748E-16
 0.12246989E+01  0.79120874E-16
 0.12284659E+01  0.79382123E-16
 0.12322445E+01  0.79691982E-16
 0.12360347E+01  0.80053214E-16
 0.12398366E+01  0.80468883E-16
 0.12436502E+01  0.80942399E-16
 0.12474755E+01  0.81477562E-16
 0.12513125E+01  0.82078615E-16
 0.12551614E+01  0.82750306E-16
 0.12590221E+01  0.83497961E-16
 0.12628946E+01  0.84327572E-16
 0.12667791E+01  0.85245897E-16
 0.12706756E+01  0.86260586E-16
 0.12745840E+01  0.87380323E-16
 0.12785044E+01  0.88615009E-16
 0.12824369E+01  0.89975969E-16
 0.12863815E+01  0.91476221E-16
 0.12903382E+01  0.93130793E-16
 0.12943071E+01  0.94957125E-16
 0.12982882E+01  0.96975564E-16
 0.13022816E+01  0.99209992E-16
 0.13062872E+01  0.10168862E-15
 0.13103052E+01  0.10444502E-15
 0.13143355E+01  0.10751941E-15
 0.13183782E+01  0.11096046E-15
 0.13224333E+01  0.11482755E-15
 0.13265010E+01  0.11919390E-15
 0.13305811E+01  0.12415084E-15
 0.13346738E+01  0.12981383E-15
 0.13387790E+01  0.13633084E-15
 0.13428969E+01  0.14389480E-15
 0.13470275E+01  0.15276195E-15
 0.13511708E+01  0.16328019E-15
 0.13553268E+01  0.17593399E-15
 0.13594956E+01  0.19141876E-15
 0.13636772E+01  0.21076959E-15
 0.13678716E+01  0.23559745E-15
 0.13720790E+01  0.26855440E-15
 0.13762993E+01  0.31433651E-15
 0.13805326E+01  0.38212305E-15
 0.13847790E+01  0.49260334E-15
 0.13890384E+01  0.70425505E-15
 0.13933108E+01  0.12721151E-14
 0.13975965E+01  0.78196013E-14
 0.14018953E+01  0.18008209E-14
 0.14062073E+01  0.79108230E-15
 0.14105326E+01  0.50021996E-15
 0.14148712E+01  0.36218235E-15
 0.14192231E+01  0.28164968E-15
 0.14235885E+01  0.22892714E-15
 0.14279672E+01  0.19176193E-15
 0.14323594E+01  0.16417673E-15
 0.14367652E+01  0.14290815E-15
 0.14411845E+01  0.12602346E-15
 0.14456173E+01  0.11230512E-15
 0.14500639E+01  0.10094798E-15
 0.14545241E+01  0.91398336E-16
 0.14589980E+01  0.83262860E-16
 0.14634856E+01  0.76254481E-16
 0.14679871E+01  0.70158770E-16
 0.14725024E+01  0.64812332E-16
 0.14770316E+01  0.60088484E-16
 0.14815748E+01  0.55887489E-16
 0.14861319E+01  0.52129762E-16
 0.14907030E+01  0.48751021E-16
 0.14952882E+01  0.45698782E-16
 0.14998875E+01  0.42929775E-16
 0.15045009E+01  0.40408004E-16
 0.15091286E+01  0.38103283E-16
 0.15137704E+01  0.35990112E-16
 0.15184266E+01  0.34046799E-16
 0.15230970E+01  0.32254781E-16
 0.15277819E+01  0.30598074E-16
 0.15324811E+01  0.29062847E-16
 0.15371948E+01  0.27637066E-16
 0.15419230E+01  0.26310218E-16
 0.15466657E+01  0.25073073E-16
 0.15514231E+01  0.23917499E-16
 0.15561950E+01  0.22836300E-16
 0.15609817E+01  0.21823090E-16
 0.15657830E+01  0.20872179E-16
 0.15705991E+01  0.19978481E-16
 0.15754301E+01  0.19137440E-16
 0.15802759E+01  0.18344959E-16
 0.15851366E+01  0.17597344E-16
 0.15900122E+01  0.16891261E-16
 0.15949029E+01  0.16223686E-16
 0.15998086E+01  0.15591876E-16
 0.16047294E+01  0.14993334E-16
 0.16096653E+01  0.14425784E-16
 0.16146164E+01  0.13887146E-16
 0.16195827E+01  0.13375517E-16
 0.16245643E+01  0.12889151E-16
 0.16295613E+01  0.12426445E-16
 0.16345736E+01  0.11985922E-16
 0.16396013E+01  0.11566224E-16
 0.16446445E+01  0.11166094E-16
 0.16497031E+01  0.10784373E-16
 0.16547774E+01  0.10419986E-16
 0.16598673E+01  0.10071937E-16
 0.16649728E+01  0.97393039E-17
 0.16700940E+01  0.94212262E-17
 0.16752310E+01  0.91169054E-17
 0.16803837E+01  0.88255970E-17
 0.16855524E+01  0.85466070E-17
 0.16907369E+01  0.82792873E-17
 0.16959373E+01  0.80230323E-17
 0.17011538E+01  0.77772756E-17
 0.17063863E+01  0.75414866E-17
 0.17116349E+01  0.73151681E-17
 0.17168997E+01  0.70978537E-17
 0.17221806E+01  0.68891055E-17
 0.17274778E+01  0.66885119E-17
 0.17327913E+01  0.64956859E-17
 0.17381211E+01  0.63102632E-17
 0.17434673E+01  0.61319008E-17
 0.17488300E+01  0.59602752E-17
 0.17542091E+01  0.57950812E-17
 0.17596048E+01  0.56360311E-17
 0.17650171E+01  0.54828527E-17
 0.17704460E+01  0.53352890E-17
 0.17758917E+01  0.51930970E-17
 0.17813541E+01  0.50560464E-17
 0.17868333E+01  0.49239197E-17
 0.17923293E+01  0.47965104E-17
 0.17978423E+01  0.46736229E-17
 0.18033722E+01  0.45550719E-17
 0.18089191E+01  0.44406814E-17
 0.18144831E+01  0.43302844E-17
 0.18200642E+01  0.42237224E-17
 0.18256624E+01  0.41208448E-17
 0.18312779E+01  0.40215084E-17
 0.18369106E+01  0.39255771E-17
 0.18425607E+01  0.38329215E-17
 0.18482282E+01  0.37434187E-17
 0.18539131E+01  0.36569513E-17
 0.18596154E+01  0.35734081E-17
 0.18653353E+01  0.34926828E-17
 0.18710728E+01  0.34146745E-17
 0.18768280E+01  0.33392869E-17
 0.18826009E+01  0.32664285E-17
 0.18883915E+01  0.31960119E-17
 0.18941999E+01  0.31279542E-17
 0.19000262E+01  0.30621761E-17
 0.19058704E+01  0.29986024E-17
 0.19117326E+01  0.29371612E-17
 0.19176128E+01  0.28777843E-17
 0.19235111E+01  0.28204067E-17
 0.19294276E+01  0.27649667E-17
 0.19353622E+01  0.27114054E-17
 0.19413151E+01  0.26596671E-17
 0.19472863E+01  0.26096988E-17
 0.19532759E+01  0.25614503E-17
 0.19592839E+01  0.25148740E-17
 0.19653104E+01  0.24699249E-17
 0.19713554E+01  0.24265606E-17
 0.19774190E+01  0.23847410E-17
 0.19835012E+01  0.23444284E-17
 0.19896022E+01  0.23055876E-17
 0.19957219E+01  0.22681857E-17
 0.20018605E+01  0.22321919E-17
 0.20080179E+01  0.21975779E-17
 0.20141943E+01  0.21643176E-17
 0.20203897E+01  0.21323872E-17
 0.20266041E+01  0.21017652E-17
 0.20328377E+01  0.20724325E-17
 0.20390904E+01  0.20443722E-17
 0.20453623E+01  0.20175701E-17
 0.20516536E+01  0.19920144E-17
 0.20579642E+01  0.19676958E-17
 0.20642942E+01  0.19446079E-17
 0.20706437E+01  0.19227471E-17
 0.20770127E+01  0.19021128E-17
 0.20834013E+01  0.18827078E-17
 0.20898095E+01  0.18645382E-17
 0.20962375E+01  0.18476139E-17
 0.21026852E+01  0.18319488E-17
 0.21091528E+01  0.18175613E-17
 0.21156402E+01  0.18044747E-17
 0.21221476E+01  0.17927177E-17
 0.21286750E+01  0.17823249E-17
 0.21352226E+01  0.17733379E-17
 0.21417902E+01  0.17658055E-17
 0.21483780E+01  0.17597856E-17
 0.21549861E+01  0.17553457E-17
 0.21616146E+01  0.17525647E-17
 0.21682634E+01  0.17515347E-17
 0.21749327E+01  0.17523631E-17
 0.21816224E+01  0.17551754E-17
 0.21883328E+01  0.17601184E-17
 0.21950638E+01  0.17673645E-17
 0.22018155E+01  0.17771172E-17
 0.22085880E+01  0.17896175E-17
 0.22153813E+01  0.18051530E-17
 0.22221955E+01  0.18240702E-17
 0.22290306E+01  0.18467898E-17
 0.22358868E+01  0.18738298E-17
 0.22427641E+01  0.19058375E-17
 0.22496625E+01  0.19436375E-17
 0.22565822E+01  0.19883073E-17
 0.22635231E+01  0.20413008E-17
 0.22704854E+01  0.21046674E-17
 0.22774691E+01  0.21814725E-17
 0.22844742E+01  0.22766921E-17
 0.22915009E+01  0.23993830E-17
 0.22985493E+01  0.25689233E-17
 0.23056193E+01  0.28377347E-17
 0.23127110E+01  0.34107215E-17
 0.23198246E+01  0.59745274E-17
 0.23269601E+01  0.12238774E-16
 0.23341175E+01  0.42843108E-17
 0.23412969E+01  0.39450762E-17
 0.23484984E+01  0.42391752E-17
 0.23557220E+01  0.48377689E-17
 0.23629679E+01  0.58100115E-17
 0.23702360E+01  0.74688366E-17
 0.23775265E+01  0.10801321E-16
 0.23848395E+01  0.20683838E-16
 0.23921749E+01  0.84113750E-15
 0.23995329E+01  0.20423477E-16
 0.24069135E+01  0.97841626E-17
 0.24143168E+01  0.63027998E-17
 0.24217429E+01  0.45775958E-17
 0.24291919E+01  0.35494643E-17
 0.24366637E+01  0.28682999E-17
 0.24441586E+01  0.23847786E-17
 0.24516764E+01  0.20244791E-17
 0.24592175E+01  0.17461533E-17
 0.24667817E+01  0.15250974E-17
 0.24743691E+01  0.13456138E-17
 0.24819799E+01  0.11972504E-17
 0.24896142E+01  0.10727790E-17
 0.24972719E+01  0.96704127E-18
 0.25049531E+01  0.87625792E-18
 0.25126580E+01  0.79759678E-18
 0.25203866E+01  0.72889383E-18
 0.25281389E+01  0.66846729E-18
 0.25359151E+01  0.61499050E-18
 0.25437152E+01  0.56740303E-18
 0.25515393E+01  0.52484718E-18
 0.25593875E+01  0.48662183E-18
 0.25672598E+01  0.45214835E-18
 0.25751563E+01  0.42094507E-18
 0.25830772E+01  0.39260780E-18
 0.25910223E+01  0.36679497E-18
 0.25989920E+01  0.34321596E-18
 0.26069861E+01  0.32162202E-18
 0.26150048E+01  0.30179899E-18
 0.26230482E+01  0.28356160E-18
 0.26311163E+01  0.26674871E-18
 0.26392092E+01  0.25121961E-18
 0.26473271E+01  0.23685084E-18
 0.26554699E+01  0.22353371E-18
 0.26636377E+01  0.21117214E-18
 0.26718307E+01  0.19968093E-18
 0.26800489E+01  0.18898425E-18
 0.26882923E+01  0.17901444E-18
 0.26965611E+01  0.16971094E-18
 0.27048554E+01  0.16101937E-18
 0.27131751E+01  0.15289083E-18
 0.27215205E+01  0.14528120E-18
 0.27298915E+01  0.13815057E-18
 0.27382882E+01  0.13146281E-18
 0.27467108E+01  0.12518509E-18
 0.27551593E+01  0.11928755E-18
 0.27636338E+01  0.11374299E-18
 0.27721343E+01  0.10852655E-18
 0.27806610E+01  0.10361550E-18
 0.27892139E+01  0.98989011E-19
 0.27977932E+01  0.94627980E-19
 0.28063988E+01  0.90514846E-19
 0.28150309E+01  0.86633448E-19
 0.28236895E+01  0.82968896E-19
 0.28323748E+01  0.79507446E-19
 0.28410868E+01  0.76236406E-19
 0.28498255E+01  0.73144033E-19
 0.28585912E+01  0.70219452E-19
 0.28673838E+01  0.67452583E-19
 0.28762035E+01  0.64834071E-19
 0.28850503E+01  0.62355224E-19
 0.28939243E+01  0.60007961E-19
 0.29028256E+01  0.57784760E-19
 0.29117543E+01  0.55678614E-19
 0.29207104E+01  0.53682990E-19
 0.29296941E+01  0.51791792E-19
 0.29387054E+01  0.49999325E-19
 0.29477444E+01  0.48300270E-19
 0.29568113E+01  0.46689650E-19
 0.29659060E+01  0.45162810E-19
 0.29750287E+01  0.43715389E-19
 0.29841795E+01  0.42343301E-19
 0.29933584E+01  0.41042718E-19
 0.30025656E+01  0.39810047E-19
 0.30118010E+01  0.38641918E-19
 0.30210649E+01  0.37535168E-19
 0.30303573E+01  0.36486828E-19
 0.30396782E+01  0.35494108E-19
 0.30490278E+01  0.34554390E-19
 0.30584062E+01  0.33665213E-19
 0.30678134E+01  0.32824268E-19
 0.30772496E+01  0.32029385E-19
 0.30867148E+01  0.31278529E-19
 0.30962091E+01  0.30569789E-19
 0.31057326E+01  0.29901375E-19
 0.31152853E+01  0.29271611E-19
 0.31248675E+01  0.28678929E-19
 0.31344792E+01  0.28121864E-19
 0.31441204E+01  0.27599052E-19
 0.31537913E+01  0.27109224E-19
 0.31634919E+01  0.26651204E-19
 0.31732223E+01  0.26223907E-19
 0.31829827E+01  0.25826334E-19
 0.31927731E+01  0.25457574E-19
 0.32025936E+01  0.25116802E-19
 0.32124443E+01  0.24803275E-19
 0.32223254E+01  0.24516337E-19
 0.32322368E+01  0.24255415E-19
 0.32421787E+01  0.24020022E-19
 0.32521512E+01  0.23809759E-19
 0.32621543E+01  0.23624317E-19
 0.32721882E+01  0.23463478E-19
 0.32822530E+01  0.23327125E-19
 0.32923488E+01  0.23215239E-19
 0.33024756E+01  0.23127911E-19
 0.33126335E+01  0.23065348E-19
 0.33228227E+01  0.23027881E-19
 0.33330432E+01  0.23015978E-19
 0.33432952E+01  0.23030255E-19
 0.33535787E+01  0.23071493E-19
 0.33638938E+01  0.23140657E-19
 0.33742407E+01  0.23238916E-19
 0.33846194E+01  0.23367675E-19
 0.33950300E+01  0.23528603E-19
 0.34054726E+01  0.23723675E-19
 0.34159474E+01  0.23955219E-19
 0.34264543E+01  0.24225977E-19
 0.34369936E+01  0.24539174E-19
 0.34475653E+01  0.24898612E-19
 0.34581695E+01  0.25308776E-19
 0.34688064E+01  0.25774979E-19
 0.34794759E+01  0.26303535E-19
 0.34901783E+01  0.26901988E-19
 0.35009136E+01  0.27579404E-19
 0.35116819E+01  0.28346750E-19
 0.35224834E+01  0.29217398E-19
 0.35333180E+01  0.30207798E-19
 0.35441860E+01  0.31338398E-19
 0.35550874E+01  0.32634901E-19
 0.35660224E+01  0.34130049E-19
 0.35769909E+01  0.35866182E-19
 0.35879932E+01  0.37898993E-19
 0.35990294E+01  0.40303219E-19
 0.36100995E+01  0.43181497E-19
 0.36212037E+01  0.46678680E-19
 0.36323420E+01  0.51005991E-19
 0.36435145E+01  0.56483877E-19
 0.36547215E+01  0.63623041E-19
 0.36659629E+01  0.73290143E-19
 0.36772389E+01  0.87083250E-19
 0.36885495E+01  0.10830954E-18
 0.36998950E+01  0.14510354E-18
 0.37112753E+01  0.22429402E-18
 0.37226907E+01  0.51756090E-18
 0.37341412E+01  0.14427849E-17
 0.37456268E+01  0.29334859E-18
 0.37571479E+01  0.16066479E-18
 0.37687043E+01  0.10942821E-18
 0.37802963E+01  0.82284632E-19
 0.37919240E+01  0.65492251E-19
 0.38035874E+01  0.54089740E-19
 0.38152867E+01  0.45849272E-19
 0.38270220E+01  0.39621885E-19
 0.38387933E+01  0.34754951E-19
 0.38506009E+01  0.30850297E-19
 0.38624448E+01  0.27651212E-19
 0.38743251E+01  0.24984755E-19
 0.38862420E+01  0.22730168E-19
 0.38981955E+01  0.20800575E-19
 0.39101858E+01  0.19131884E-19
 0.39222130E+01  0.17675777E-19
 0.39342772E+01  0.16395143E-19
 0.39463785E+01  0.15261007E-19
 0.39585170E+01  0.14250418E-19
 0.39706928E+01  0.13344962E-19
 0.39829061E+01  0.12529695E-19
 0.39951569E+01  0.11792363E-19
 0.40074455E+01  0.11122824E-19
 0.40197718E+01  0.10512613E-19
 0.40321361E+01  0.99546094E-20
 0.40445383E+01  0.94427796E-20
 0.40569788E+01  0.89719800E-20
 0.40694575E+01  0.85377979E-20
 0.40819745E+01  0.81364271E-20
 0.40945301E+01  0.77645672E-20
 0.41071243E+01  0.74193432E-20
 0.41197572E+01  0.70982393E-20
 0.41324290E+01  0.67990445E-20
 0.41451398E+01  0.65198090E-20
 0.41578896E+01  0.62588062E-20
 0.41706787E+01  0.60145028E-20
 0.41835071E+01  0.57855323E-20
 0.41963750E+01  0.55706733E-20
 0.42092825E+01  0.53688315E-20
 0.42222296E+01  0.51790233E-20
 0.42352166E+01  0.50003633E-20
 0.42482435E+01  0.48320519E-20
 0.42613105E+01  0.46733659E-20
 0.42744177E+01  0.45236502E-20
 0.42875652E+01  0.43823098E-20
 0.43007531E+01  0.42488039E-20
 0.43139816E+01  0.41226402E-20
 0.43272508E+01  0.40033700E-20
 0.43405608E+01  0.38905837E-20
 0.43539118E+01  0.37839077E-20
 0.43673038E+01  0.36830006E-20
 0.43807370E+01  0.35875504E-20
 0.43942115E+01  0.34972724E-20
 0.44077275E+01  0.34119064E-20
 0.44212851E+01  0.33312154E-20
 0.44348843E+01  0.32549835E-20
 0.44485254E+01  0.31830145E-20
 0.44622084E+01  0.31151310E-20
 0.44759335E+01  0.30511730E-20
 0.44897009E+01  0.29909971E-20
 0.45035105E+01  0.29344759E-20
 0.45173627E+01  0.28814976E-20
 0.45312575E+01  0.28319650E-20
 0.45451950E+01  0.27857963E-20
 0.45591753E+01  0.27429240E-20
 0.45731987E+01  0.27032960E-20
 0.45872652E+01  0.26668752E-20
 0.46013750E+01  0.26336404E-20
 0.46155282E+01  0.26035873E-20
 0.46297249E+01  0.25767291E-20
 0.46439653E+01  0.25530985E-20
 0.46582494E+01  0.25327491E-20
 0.46725776E+01  0.25157578E-20
 0.46869497E+01  0.25022278E-20
 0.47013661E+01  0.24922925E-20
 0.47158269E+01  0.24861192E-20
 0.47303321E+01  0.24839158E-20
 0.47448819E+01  0.24859371E-20
 0.47594765E+01  0.24924944E-20
 0.47741160E+01  0.25039665E-20
 0.47888005E+01  0.25208147E-20
 0.48035301E+01  0.25436020E-20
 0.48183051E+01  0.25730174E-20
 0.48331255E+01  0.26099093E-20
 0.48479915E+01  0.26553297E-20
 0.48629033E+01  0.27105937E-20
 0.48778609E+01  0.27773628E-20
 0.48928645E+01  0.28577617E-20
 0.49079142E+01  0.29545459E-20
 0.49230103E+01  0.30713490E-20
 0.49381528E+01  0.32130558E-20
 0.49533418E+01  0.33863844E-20
 0.49685776E+01  0.36008279E-20
 0.49838602E+01  0.38702413E-20
 0.49991899E+01  0.42156619E-20
 0.50145667E+01  0.46706420E-20
 0.50299908E+01  0.52921636E-20
 0.50454623E+01  0.61853902E-20
 0.50609814E+01  0.75682066E-20
 0.50765483E+01  0.99774683E-20
 0.50921630E+01  0.15189479E-19
 0.51078258E+01  0.34678772E-19
 0.51235368E+01  0.91733200E-19
 0.51392960E+01  0.18689400E-19
 0.51551038E+01  0.10088699E-19
 0.51709601E+01  0.67618622E-20
 0.51868653E+01  0.50010433E-20
 0.52028193E+01  0.39141028E-20
 0.52188225E+01  0.31782947E-20
 0.52348748E+01  0.26485209E-20
 0.52509766E+01  0.22498919E-20
 0.52671278E+01  0.19398469E-20
 0.52833288E+01  0.16924105E-20
 0.52995795E+01  0.14908324E-20
 0.53158803E+01  0.13238273E-20
 0.53322312E+01  0.11835151E-20
 0.53486324E+01  0.10642276E-20
 0.53650840E+01  0.96178377E-21
 0.53815862E+01  0.87303277E-21
 0.53981392E+01  0.79555540E-21
 0.54147431E+01  0.72746382E-21
 0.54313981E+01  0.66726359E-21
 0.54481043E+01  0.61375653E-21
 0.54648619E+01  0.56597102E-21
 0.54816711E+01  0.52311109E-21
 0.54985319E+01  0.48451860E-21
 0.55154446E+01  0.44964481E-21
 0.55324093E+01  0.41802869E-21
 0.55494262E+01  0.38928020E-21
 0.55664955E+01  0.36306722E-21
 0.55836172E+01  0.33910528E-21
 0.56007916E+01  0.31714938E-21
 0.56180189E+01  0.29698748E-21
 0.56352991E+01  0.27843518E-21
 0.56526325E+01  0.26133140E-21
 0.56700192E+01  0.24553488E-21
 0.56874594E+01  0.23092127E-21
 0.57049532E+01  0.21738069E-21
 0.57225008E+01  0.20481575E-21
 0.57401024E+01  0.19313983E-21
 0.57577581E+01  0.18227570E-21
 0.57754682E+01  0.17215425E-21
 0.57932327E+01  0.16271353E-21
 0.58110519E+01  0.15389783E-21
 0.58289258E+01  0.14565697E-21
 0.58468548E+01  0.13794560E-21
 0.58648389E+01  0.13072269E-21
 0.58828783E+01  0.12395104E-21
 0.59009732E+01  0.11759683E-21
 0.59191237E+01  0.11162927E-21
 0.59373301E+01  0.10602029E-21
 0.59555925E+01  0.10074425E-21
 0.59739111E+01  0.95777686E-22
 0.59922860E+01  0.91099103E-22
 0.60107174E+01  0.86688771E-22
 0.60292055E+01  0.82528561E-22
 0.60477505E+01  0.78601789E-22
 0.60663525E+01  0.74893085E-22
 0.60850117E+01  0.71388269E-22
 0.61037284E+01  0.68074246E-22
 0.61225026E+01  0.64938904E-22
 0.61413345E+01  0.61971033E-22
 0.61602244E+01  0.59160247E-22
 0.61791724E+01  0.56496908E-22
 0.61981786E+01  0.53972071E-22
 0.62172433E+01  0.51577419E-22
 0.62363667E+01  0.49305216E-22
 0.62555489E+01  0.47148261E-22
 0.62747901E+01  0.45099841E-22
 0.62940904E+01  0.43153697E-22
 0.63134501E+01  0.41303986E-22
 0.63328694E+01  0.39545250E-22
 0.63523484E+01  0.37872388E-22
 0.63718874E+01  0.36280625E-22
 0.63914864E+01  0.34765495E-22
 0.64111457E+01  0.33322811E-22
 0.64308655E+01  0.31948649E-22
 0.64506459E+01  0.30639328E-22
 0.64704871E+01  0.29391395E-22
 0.64903894E+01  0.28201604E-22
 0.65103530E+01  0.27066907E-22
 0.65303779E+01  0.25984437E-22
 0.65504644E+01  0.24951496E-22
 0.65706127E+01  0.23965546E-22
 0.65908230E+01  0.23024195E-22
 0.66110954E+01  0.22125191E-22
 0.66314302E+01  0.21266410E-22
 0.66518275E+01  0.20445848E-22
 0.66722876E+01  0.19661614E-22
 0.66928106E+01  0.18911923E-22
 0.67133968E+01  0.18195090E-22
 0.67340462E+01  0.17509521E-22
 0.67547592E+01  0.16853709E-22
 0.67755359E+01  0.16226231E-22
 0.67963764E+01  0.15625738E-22
 0.68172811E+01  0.15050955E-22
 0.68382501E+01  0.14500673E-22
 0.68592836E+01  0.13973748E-22
 0.68803818E+01  0.13469095E-22
 0.69015449E+01  0.12985686E-22
 0.69227730E+01  0.12522546E-22
 0.69440665E+01  0.12078750E-22
 0.69654255E+01  0.11653419E-22
 0.69868501E+01  0.11245720E-22
 0.70083407E+01  0.10854862E-22
 0.70298973E+01  0.10480091E-22
 0.70515203E+01  0.10120694E-22
 0.70732098E+01  0.97759908E-23
 0.70949660E+01  0.94453349E-23
 0.71167891E+01  0.91281116E-23
 0.71386793E+01  0.88237360E-23
 0.71606369E+01  0.85316512E-23
 0.71826620E+01  0.82513267E-23
 0.72047548E+01  0.79822576E-23
 0.72269156E+01  0.77239626E-23
 0.72491446E+01  0.74759830E-23
 0.72714419E+01  0.72378815E-23
 0.72938079E+01  0.70092411E-23
 0.73162426E+01  0.67896639E-23
 0.73387463E+01  0.65787704E-23
 0.73613192E+01  0.63761982E-23
 0.73839616E+01  0.61816013E-23
 0.74066736E+01  0.59946492E-23
 0.74294555E+01  0.58150264E-23
 0.74523074E+01  0.56424311E-23
 0.74752297E+01  0.54765749E-23
 0.74982224E+01  0.53171821E-23
 0.75212859E+01  0.51639890E-23
 0.75444203E+01  0.50167431E-23
 0.75676259E+01  0.48752031E-23
 0.75909028E+01  0.47391378E-23
 0.76142514E+01  0.46083257E-23
 0.76376717E+01  0.44825549E-23
 0.76611641E+01  0.43616223E-23
 0.76847288E+01  0.42453332E-23
 0.77083659E+01  0.41335009E-23
 0.77320757E+01  0.40259467E-23
 0.77558585E+01  0.39224989E-23
 0.77797144E+01  0.38229930E-23
 0.78036437E+01  0.37272709E-23
 0.78276466E+01  0.36351813E-23
 0.78517233E+01  0.35465785E-23
 0.78758741E+01  0.34613230E-23
 0.79000992E+01  0.33792806E-23
 0.79243988E+01  0.33003225E-23
 0.79487731E+01  0.32243249E-23
 0.79732224E+01  0.31511691E-23
 0.79977469E+01  0.30807407E-23
 0.80223468E+01  0.30129300E-23
 0.80470224E+01  0.29476315E-23
 0.80717739E+01  0.28847438E-23
 0.80966016E+01  0.28241695E-23
 0.81215056E+01  0.27658149E-23
 0.81464861E+01  0.27095899E-23
 0.81715436E+01  0.26554079E-23
 0.81966781E+01  0.26031858E-23
 0.82218899E+01  0.25528434E-23
 0.82471793E+01  0.25043040E-23
 0.82725464E+01  0.24574936E-23
 0.82979916E+01  0.24123411E-23
 0.83235150E+01  0.23687783E-23
 0.83491170E+01  0.23267396E-23
 0.83747977E+01  0.22861618E-23
 0.84005574E+01  0.22469845E-23
 0.84263963E+01  0.22091494E-23
 0.84523147E+01  0.21726006E-23
 0.84783128E+01  0.21372845E-23
 0.85043909E+01  0.21031495E-23
 0.85305492E+01  0.20701462E-23
 0.85567880E+01  0.20382271E-23
 0.85831074E+01  0.20073467E-23
 0.86095078E+01  0.19774611E-23
 0.86359895E+01  0.19485285E-23
 0.86625525E+01  0.19205087E-23
 0.86891973E+01  0.18933632E-23
 0.87159241E+01  0.18670549E-23
 0.87427330E+01  0.18415484E-23
 0.87696244E+01  0.18168099E-23
 0.87965985E+01  0.17928068E-23
 0.88236556E+01  0.17695080E-23
 0.88507959E+01  0.17468837E-23
 0.88780197E+01  0.17249054E-23
 0.89053272E+01  0.17035457E-23
 0.89327188E+01  0.16827785E-23
 0.89601945E+01  0.16625789E-23
 0.89877548E+01  0.16429229E-23
 0.90153999E+01  0.16237877E-23
 0.90431300E+01  0.16051514E-23
 0.90709454E+01  0.15869932E-23
 0.90988463E+01  0.15692931E-23
 0.91268331E+01  0.15520320E-23
 0.91549059E+01  0.15351918E-23
 0.91830651E+01  0.15187550E-23
 0.92113109E+01  0.15027051E-23
 0.92396436E+01  0.14870262E-23
 0.92680634E+01  0.14717032E-23
 0.92965707E+01  0.14567217E-23
 0.93251656E+01  0.14420678E-23
 0.93538485E+01  0.14277286E-23
 0.93826196E+01  0.14136914E-23
 0.94114792E+01  0.13999443E-23
 0.94404276E+01  0.13864760E-23
 0.94694650E+01  0.13732756E-23
 0.94985917E+01  0.13603328E-23
 0.95278080E+01  0.13476377E-23
 0.95571142E+01  0.13351810E-23
 0.95865105E+01  0.13229538E-23
 0.96159973E+01  0.13109475E-23
 0.96455747E+01  0.12991540E-23
 0.96752431E+01  0.12875658E-23
 0.97050028E+01  0.12761754E-23
 0.97348540E+01  0.12649758E-23
 0.97647970E+01  0.12539606E-23
 0.97948322E+01  0.12431233E-23
 0.98249597E+01  0.12324580E-23
 0.98551799E+01  0.12219590E-23
 0.98854930E+01  0.12116209E-23
 0.99158994E+01  0.12014385E-23
 0.99463993E+01  0.11914070E-23
 0.99769930E+01  0.11815218E-23
 0.10007681E+02  0.11717785E-23
 0.10038463E+02  0.11621741E-23
 0.10069340E+02  0.11527048E-23
 0.10100312E+02  0.11433668E-23
 0.10131379E+02  0.11341561E-23
 0.10162542E+02  0.11250694E-23
 0.10193800E+02  0.11161032E-23
 0.10225155E+02  0.11072543E-23
 0.10256606E+02  0.10985198E-23
 0.10288154E+02  0.10898968E-23
 0.10319799E+02  0.10813827E-23
 0.10351541E+02  0.10729748E-23
 0.10383381E+02  0.10646708E-23
 0.10415319E+02  0.10564684E-23
 0.10447355E+02  0.10483655E-23
 0.10479489E+02  0.10403600E-23
 0.10511723E+02  0.10324500E-23
 0.10544055E+02  0.10246338E-23
 0.10576487E+02  0.10169096E-23
 0.10609019E+02  0.10092757E-23
 0.10641651E+02  0.10017307E-23
 0.10674383E+02  0.99427297E-24
 0.10707216E+02  0.98690127E-24
 0.10740150E+02  0.97961423E-24
 0.10773185E+02  0.97241061E-24
 0.10806322E+02  0.96528922E-24
 0.10839560E+02  0.95824893E-24
 0.10872901E+02  0.95128865E-24
 0.10906345E+02  0.94440736E-24
 0.10939891E+02  0.93760407E-24
 0.10973541E+02  0.93087784E-24
 0.11007294E+02  0.92422777E-24
 0.11041151E+02  0.91765298E-24
 0.11075112E+02  0.91115263E-24
 0.11109177E+02  0.90472593E-24
 0.11143347E+02  0.89837208E-24
 0.11177623E+02  0.89209034E-24
 0.11212004E+02  0.88587996E-24
 0.11246490E+02  0.87974024E-24
 0.11281083E+02  0.87367047E-24
 0.11315782E+02  0.86766998E-24
 0.11350587E+02  0.86173811E-24
 0.11385500E+02  0.85587418E-24
 0.11420520E+02  0.85007758E-24
 0.11455648E+02  0.84434765E-24
 0.11490884E+02  0.83868379E-24
 0.11526229E+02  0.83308536E-24
 0.11561682E+02  0.82755176E-24
 0.11597244E+02  0.82208239E-24
 0.11632915E+02  0.81667665E-24
 0.11668696E+02  0.81133392E-24
 0.11704588E+02  0.80605363E-24
 0.11740589E+02  0.80083519E-24
 0.11776702E+02  0.79567799E-24
 0.11812925E+02  0.79058145E-24
 0.11849260E+02  0.78554498E-24
 0.11885707E+02  0.78056800E-24
 0.11922265E+02  0.77564992E-24
 0.11958937E+02  0.77079014E-24
 0.11995721E+02  0.76598810E-24
 0.12032618E+02  0.76124318E-24
 0.12069628E+02  0.75655482E-24
 0.12106753E+02  0.75192243E-24
 0.12143991E+02  0.74734540E-24
 0.12181345E+02  0.74282316E-24
 0.12218813E+02  0.73835513E-24
 0.12256396E+02  0.73394070E-24
 0.12294095E+02  0.72957929E-24
 0.12331910E+02  0.72527032E-24
 0.12369841E+02  0.72101319E-24
 0.12407889E+02  0.71680733E-24
 0.12446054E+02  0.71265213E-24
 0.12484336E+02  0.70854703E-24
 0.12522736E+02  0.70449143E-24
 0.12561254E+02  0.70048475E-24
 0.12599891E+02  0.69652641E-24
 0.12638646E+02  0.69261583E-24
 0.12677521E+02  0.68875244E-24
 0.12716515E+02  0.68493565E-24
 0.12755630E+02  0.68116489E-24
 0.12794864E+02  0.67743960E-24
 0.12834219E+02  0.67375920E-24
 0.12873696E+02  0.67012314E-24
 0.12913293E+02  0.66653085E-24
 0.12953013E+02  0.66298177E-24
 0.12992854E+02  0.65947534E-24
 0.13032818E+02  0.65601103E-24
 0.13072906E+02  0.65258828E-24
 0.13113116E+02  0.64920655E-24
 0.13153450E+02  0.64586530E-24
 0.13193908E+02  0.64256399E-24
 0.13234491E+02  0.63930211E-24
 0.13275198E+02  0.63607912E-24
 0.13316031E+02  0.63289451E-24
 0.13356989E+02  0.62974776E-24
 0.13398073E+02  0.62663836E-24
 0.13439284E+02  0.62356581E-24
 0.13480621E+02  0.62052961E-24
 0.13522086E+02  0.61752927E-24
 0.13563678E+02  0.61456429E-24
 0.13605398E+02  0.61163420E-24
 0.13647246E+02  0.60873852E-24
 0.13689223E+02  0.60587678E-24
 0.13731329E+02  0.60304851E-24
 0.13773565E+02  0.60025325E-24
 0.13815930E+02  0.59749055E-24
 0.13858426E+02  0.59475995E-24
 0.13901052E+02  0.59206102E-24
 0.13943810E+02  0.58939332E-24
 0.13986699E+02  0.58675641E-24
 0.14029720E+02  0.58414987E-24
 0.14072874E+02  0.58157328E-24
 0.14116160E+02  0.57902623E-24
 0.14159579E+02  0.57650830E-24
 0.14203132E+02  0.57401909E-24
 0.14246819E+02  0.57155821E-24
 0.14290640E+02  0.56912526E-24
 0.14334596E+02  0.56671985E-24
 0.14378687E+02  0.56434161E-24
 0.14422914E+02  0.56199016E-24
 0.14467277E+02  0.55966512E-24
 0.14511776E+02  0.55736614E-24
 0.14556412E+02  0.55509285E-24
 0.14601186E+02  0.55284490E-24
 0.14646097E+02  0.55062193E-24
 0.14691146E+02  0.54842362E-24
 0.14736334E+02  0.54624960E-24
 0.14781661E+02  0.54409957E-24
 0.14827127E+02  0.54197317E-24
 0.14872734E+02  0.53987009E-24
 0.14918480E+02  0.53779001E-24
 0.14964367E+02  0.53573261E-24
 0.15010395E+02  0.53369759E-24
 0.15056565E+02  0.53168464E-24
 0.15102877E+02  0.52969346E-24
 0.15149331E+02  0.52772375E-24
 0.15195929E+02  0.52577521E-24
 0.15242669E+02  0.52384758E-24
 0.15289553E+02  0.52194055E-24
 0.15336582E+02  0.52005385E-24
 0.15383755E+02  0.51818721E-24
 0.15431073E+02  0.51634036E-24
 0.15478537E+02  0.51451302E-24
 0.15526147E+02  0.51270494E-24
 0.15573903E+02  0.51091587E-24
 0.15621806E+02  0.50914553E-24
 0.15669857E+02  0.50739369E-24
 0.15718055E+02  0.50566009E-24
 0.15766401E+02  0.50394450E-24
 0.15814897E+02  0.50224667E-24
 0.15863541E+02  0.50056636E-24
 0.15912335E+02  0.49890336E-24
 0.15961279E+02  0.49725741E-24
 0.16010374E+02  0.49562830E-24
 0.16059619E+02  0.49401581E-24
 0.16109016E+02  0.49241972E-24
 0.16158565E+02  0.49083981E-24
 0.16208267E+02  0.48927587E-24
 0.16258121E+02  0.48772768E-24
 0.16308129E+02  0.48619505E-24
 0.16358290E+02  0.48467777E-24
 0.16408606E+02  0.48317563E-24
 0.16459077E+02  0.48168845E-24
 0.16509702E+02  0.48021602E-24
 0.16560484E+02  0.47875815E-24
 0.16611422E+02  0.47731466E-24
 0.16662516E+02  0.47588535E-24
 0.16713768E+02  0.47447005E-24
 0.16765177E+02  0.47306857E-24
 0.16816744E+02  0.47168074E-24
 0.16868470E+02  0.47030637E-24
 0.16920355E+02  0.46894530E-24
 0.16972400E+02  0.46759735E-24
 0.17024604E+02  0.46626235E-24
 0.17076970E+02  0.46494015E-24
 0.17129496E+02  0.46363057E-24
 0.17182184E+02  0.46233345E-24
 0.17235034E+02  0.46104864E-24
 0.17288046E+02  0.45977597E-24
 0.17341222E+02  0.45851530E-24
 0.17394561E+02  0.45726646E-24
 0.17448064E+02  0.45602932E-24
 0.17501732E+02  0.45480372E-24
 0.17555565E+02  0.45358951E-24
 0.17609563E+02  0.45238655E-24
 0.17663728E+02  0.45119470E-24
 0.17718059E+02  0.45001382E-24
 0.17772557E+02  0.44884377E-24
 0.17827223E+02  0.44768441E-24
 0.17882057E+02  0.44653561E-24
 0.17937060E+02  0.44539724E-24
 0.17992231E+02  0.44426916E-24
 0.18047573E+02  0.44315125E-24
 0.18103085E+02  0.44204338E-24
 0.18158767E+02  0.44094542E-24
 0.18214621E+02  0.43985725E-24
 0.18270647E+02  0.43877875E-24
 0.18326845E+02  0.43770980E-24
 0.18383215E+02  0.43665027E-24
 0.18439759E+02  0.43560006E-24
 0.18496478E+02  0.43455905E-24
 0.18553370E+02  0.43352711E-24
 0.18610438E+02  0.43250415E-24
 0.18667681E+02  0.43149004E-24
 0.18725100E+02  0.43048469E-24
 0.18782696E+02  0.42948798E-24
 0.18840468E+02  0.42849980E-24
 0.18898419E+02  0.42752005E-24
 0.18956548E+02  0.42654863E-24
 0.19014856E+02  0.42558544E-24
 0.19073343E+02  0.42463037E-24
 0.19132009E+02  0.42368332E-24
 0.19190857E+02  0.42274420E-24
 0.19249885E+02  0.42181291E-24
 0.19309095E+02  0.42088936E-24
 0.19368487E+02  0.41997345E-24
 0.19428062E+02  0.41906508E-24
 0.19487820E+02  0.41816417E-24
 0.19547762E+02  0.41727063E-24
 0.19607888E+02  0.41638436E-24
 0.19668199E+02  0.41550528E-24
 0.19728695E+02  0.41463331E-24
 0.19789378E+02  0.41376835E-24
 0.19850247E+02  0.41291032E-24
 0.19911304E+02  0.41205914E-24
 0.19972548E+02  0.41121473E-24
 0.20033981E+02  0.41037700E-24
 0.20095603E+02  0.40954588E-24
 0.20157414E+02  0.40872128E-24
 0.20219415E+02  0.40790313E-24
 0.20281607E+02  0.40709136E-24
 0.20343991E+02  0.40628588E-24
 0.20406566E+02  0.40548662E-24
 0.20469333E+02  0.40469351E-24
 0.20532294E+02  0.40390647E-24
 0.20595449E+02  0.40312544E-24
 0.20658797E+02  0.40235034E-24
 0.20722341E+02  0.40158110E-24
 0.20786080E+02  0.40081765E-24
 0.20850015E+02  0.40005993E-24
 0.20914147E+02  0.39930787E-24
 0.20978475E+02  0.39856140E-24
 0.21043002E+02  0.39782045E-24
 0.21107728E+02  0.39708497E-24
 0.21172652E+02  0.39635488E-24
 0.21237776E+02  0.39563013E-24
 0.21303100E+02  0.39491066E-24
 0.21368626E+02  0.39419639E-24
 0.21434353E+02  0.39348728E-24
 0.21500282E+02  0.39278326E-24
 0.21566413E+02  0.39208428E-24
 0.21632749E+02  0.39139027E-24
 0.21699288E+02  0.39070118E-24
 0.21766032E+02  0.39001696E-24
 0.21832981E+02  0.38933754E-24
 0.21900136E+02  0.38866287E-24
 0.21967498E+02  0.38799290E-24
 0.22035067E+02  0.38732758E-24
 0.22102844E+02  0.38666685E-24
 0.22170829E+02  0.38601065E-24
 0.22239023E+02  0.38535895E-24
 0.22307427E+02  0.38471168E-24
 0.22376042E+02  0.38406881E-24
 0.22444867E+02  0.38343027E-24
 0.22513904E+02  0.38279602E-24
 0.22583154E+02  0.38216601E-24
 0.22652617E+02  0.38154020E-24
 0.22722293E+02  0.38091854E-24
 0.22792183E+02  0.38030098E-24
 0.22862289E+02  0.37968748E-24
 0.22932610E+02  0.37907798E-24
 0.23003147E+02  0.37847246E-24
 0.23073902E+02  0.37787086E-24
 0.23144874E+02  0.37727314E-24
 0.23216064E+02  0.37667926E-24
 0.23287474E+02  0.37608917E-24
 0.23359102E+02  0.37550284E-24
 0.23430952E+02  0.37492022E-24
 0.23503022E+02  0.37434128E-24
 0.23575314E+02  0.37376597E-24
 0.23647828E+02  0.37319425E-24
 0.23720566E+02  0.37262610E-24
 0.23793527E+02  0.37206145E-24
 0.23866712E+02  0.37150029E-24
 0.23940123E+02  0.37094257E-24
 0.24013759E+02  0.37038826E-24
 0.24087622E+02  0.36983732E-24
 0.24161712E+02  0.36928971E-24
 0.24236030E+02  0.36874540E-24
 0.24310577E+02  0.36820436E-24
 0.24385353E+02  0.36766654E-24
 0.24460359E+02  0.36713192E-24
 0.24535595E+02  0.36660046E-24
 0.24611063E+02  0.36607213E-24
 0.24686763E+02  0.36554690E-24
 0.24762696E+02  0.36502473E-24
 0.24838863E+02  0.36450560E-24
 0.24915264E+02  0.36398946E-24
 0.24991900E+02  0.36347630E-24
 0.25068771E+02  0.36296608E-24
 0.25145879E+02  0.36245877E-24
 0.25223224E+02  0.36195433E-24
 0.25300807E+02  0.36145275E-24
 0.25378629E+02  0.36095399E-24
 0.25456690E+02  0.36045803E-24
 0.25534991E+02  0.35996483E-24
 0.25613533E+02  0.35947437E-24
 0.25692317E+02  0.35898661E-24
 0.25771343E+02  0.35850154E-24
 0.25850612E+02  0.35801913E-24
 0.25930124E+02  0.35753935E-24
 0.26009882E+02  0.35706217E-24
 0.26089885E+02  0.35658757E-24
 0.26170133E+02  0.35611552E-24
 0.26250629E+02  0.35564601E-24
 0.26331372E+02  0.35517899E-24
 0.26412364E+02  0.35471445E-24
 0.26493604E+02  0.35425237E-24
 0.26575095E+02  0.35379272E-24
 0.26656836E+02  0.35333548E-24
 0.26738829E+02  0.35288062E-24
 0.26821074E+02  0.35242813E-24
 0.26903571E+02  0.35197797E-24
 0.26986323E+02  0.35153013E-24
 0.27069329E+02  0.35108458E-24
 0.27152591E+02  0.35064131E-24
 0.27236108E+02  0.35020029E-24
 0.27319882E+02  0.34976150E-24
 0.27403915E+02  0.34932493E-24
 0.27488205E+02  0.34889054E-24
 0.27572755E+02  0.34845832E-24
 0.27657565E+02  0.34802825E-24
 0.27742636E+02  0.34760031E-24
 0.27827968E+02  0.34717447E-24
 0.27913563E+02  0.34675073E-24
 0.27999421E+02  0.34632907E-24
 0.28085543E+02  0.34590945E-24
 0.28171930E+02  0.34549187E-24
 0.28258583E+02  0.34507630E-24
 0.28345503E+02  0.34466273E-24
 0.28432689E+02  0.34425114E-24
 0.28520144E+02  0.34384152E-24
 0.28607868E+02  0.34343383E-24
 0.28695862E+02  0.34302808E-24
 0.28784126E+02  0.34262424E-24
 0.28872662E+02  0.34222229E-24
 0.28961470E+02  0.34182222E-24
 0.29050552E+02  0.34142401E-24
 0.29139907E+02  0.34102764E-24
 0.29229537E+02  0.34063310E-24
 0.29319443E+02  0.34024038E-24
 0.29409626E+02  0.33984946E-24
 0.29500085E+02  0.33946031E-24
 0.29590824E+02  0.33907294E-24
 0.29681841E+02  0.33868731E-24
 0.29773138E+02  0.33830343E-24
 0.29864716E+02  0.33792127E-24
 0.29956575E+02  0.33754081E-24
 0.30048718E+02  0.33716206E-24
 0.30141143E+02  0.33678498E-24
 0.30233853E+02  0.33640957E-24
 0.30326848E+02  0.33603581E-24
 0.30420129E+02  0.33566369E-24
 0.30513697E+02  0.33529320E-24
 0.30607553E+02  0.33492432E-24
 0.30701697E+02  0.33455704E-24
 0.30796131E+02  0.33419134E-24
 0.30890856E+02  0.33382722E-24
 0.30985872E+02  0.33346467E-24
 0.31081180E+02  0.33310366E-24
 0.31176781E+02  0.33274419E-24
 0.31272677E+02  0.33238624E-24
 0.31368867E+02  0.33202981E-24
 0.31465353E+02  0.33167488E-24
 0.31562136E+02  0.33132144E-24
 0.31659217E+02  0.33096948E-24
 0.31756596E+02  0.33061898E-24
 0.31854275E+02  0.33026994E-24
 0.31952254E+02  0.32992234E-24
 0.32050535E+02  0.32957618E-24
 0.32149118E+02  0.32923144E-24
 0.32248004E+02  0.32888811E-24
 0.32347194E+02  0.32854619E-24
 0.32446689E+02  0.32820565E-24
 0.32546491E+02  0.32786650E-24
 0.32646599E+02  0.32752871E-24
 0.32747015E+02  0.32719229E-24
 0.32847741E+02  0.32685721E-24
 0.32948776E+02  0.32652348E-24
 0.33050121E+02  0.32619108E-24
 0.33151779E+02  0.32586000E-24
 0.33253749E+02  0.32553023E-24
 0.33356033E+02  0.32520176E-24
 0.33458631E+02  0.32487459E-24
 0.33561545E+02  0.32454870E-24
 0.33664776E+02  0.32422408E-24
 0.33768324E+02  0.32390073E-24
 0.33872190E+02  0.32357864E-24
 0.33976376E+02  0.32325780E-24
 0.34080883E+02  0.32293819E-24
 0.34185711E+02  0.32261982E-24
 0.34290861E+02  0.32230267E-24
 0.34396335E+02  0.32198673E-24
 0.34502133E+02  0.32167201E-24
 0.34608257E+02  0.32135847E-24
 0.34714707E+02  0.32104613E-24
 0.34821485E+02  0.32073497E-24
 0.34928590E+02  0.32042499E-24
 0.35036026E+02  0.32011617E-24
 0.35143792E+02  0.31980851E-24
 0.35251889E+02  0.31950200E-24
 0.35360319E+02  0.31919664E-24
 0.35469082E+02  0.31889241E-24
 0.35578180E+02  0.31858931E-24
 0.35687613E+02  0.31828733E-24
 0.35797383E+02  0.31798646E-24
 0.35907491E+02  0.31768671E-24
 0.36017937E+02  0.31738805E-24
 0.36128724E+02  0.31709049E-24
 0.36239850E+02  0.31679401E-24
 0.36351319E+02  0.31649861E-24
 0.36463130E+02  0.31620429E-24
 0.36575286E+02  0.31591103E-24
 0.36687786E+02  0.31561883E-24
 0.36800633E+02  0.31532768E-24
 0.36913826E+02  0.31503759E-24
 0.37027368E+02  0.31474853E-24
 0.37141259E+02  0.31446050E-24
 0.37255500E+02  0.31417351E-24
 0.37370093E+02  0.31388753E-24
 0.37485038E+02  0.31360258E-24
 0.37600336E+02  0.31331863E-24
 0.37715990E+02  0.31303568E-24
 0.37831999E+02  0.31275374E-24
 0.37948365E+02  0.31247278E-24
 0.38065088E+02  0.31219281E-24
 0.38182171E+02  0.31191382E-24
 0.38299614E+02  0.31163581E-24
 0.38417418E+02  0.31135877E-24
 0.38535585E+02  0.31108269E-24
 0.38654115E+02  0.31080757E-24
 0.38773009E+02  0.31053340E-24
 0.38892270E+02  0.31026018E-24
 0.39011897E+02  0.30998790E-24
 0.39131892E+02  0.30971656E-24
 0.39252256E+02  0.30944615E-24
 0.39372990E+02  0.30917667E-24
 0.39494096E+02  0.30890811E-24
 0.39615574E+02  0.30864047E-24
 0.39737426E+02  0.30837374E-24
 0.39859653E+02  0.30810792E-24
 0.39982255E+02  0.30784299E-24
 0.40105235E+02  0.30757897E-24
 0.40228593E+02  0.30731584E-24
 0.40352331E+02  0.30705359E-24
 0.40476449E+02  0.30679223E-24
 0.40600948E+02  0.30653175E-24
 0.40725831E+02  0.30627214E-24
 0.40851098E+02  0.30601340E-24
 0.40976750E+02  0.30575553E-24
 0.41102789E+02  0.30549852E-24
 0.41229215E+02  0.30524236E-24
 0.41356030E+02  0.30498705E-24
 0.41483236E+02  0.30473259E-24
 0.41610832E+02  0.30447898E-24
 0.41738821E+02  0.30422620E-24
 0.41867204E+02  0.30397426E-24
 0.41995982E+02  0.30372315E-24
 0.42125155E+02  0.30347287E-24
 0.42254726E+02  0.30322341E-24
 0.42384696E+02  0.30297477E-24
 0.42515065E+02  0.30272694E-24
 0.42645835E+02  0.30247992E-24
 0.42777008E+02  0.30223371E-24
 0.42908584E+02  0.30198831E-24
 0.43040565E+02  0.30174370E-24
 0.43172951E+02  0.30149988E-24
 0.43305745E+02  0.30125686E-24
 0.43438947E+02  0.30101463E-24
 0.43572559E+02  0.30077318E-24
 0.43706582E+02  0.30053251E-24
 0.43841018E+02  0.30029262E-24
 0.43975866E+02  0.30005350E-24
 0.44111130E+02  0.29981515E-24
 0.44246810E+02  0.29957757E-24
 0.44382906E+02  0.29934075E-24
 0.44519422E+02  0.29910469E-24
 0.44656357E+02  0.29886938E-24
 0.44793714E+02  0.29863483E-24
 0.44931493E+02  0.29840103E-24
 0.45069696E+02  0.29816797E-24
 0.45208324E+02  0.29793566E-24
 0.45347378E+02  0.29770408E-24
 0.45486860E+02  0.29747324E-24
 0.45626772E+02  0.29724313E-24
 0.45767113E+02  0.29701376E-24
 0.45907886E+02  0.29678511E-24
 0.46049092E+02  0.29655718E-24
 0.46190733E+02  0.29632998E-24
 0.46332809E+02  0.29610349E-24
 0.46475322E+02  0.29587771E-24
 0.46618273E+02  0.29565265E-24
 0.46761665E+02  0.29542829E-24
 0.46905497E+02  0.29520464E-24
 0.47049772E+02  0.29498170E-24
 0.47194490E+02  0.29475945E-24
 0.47339654E+02  0.29453790E-24
 0.47485264E+02  0.29431704E-24
 0.47631321E+02  0.29409687E-24
 0.47777829E+02  0.29387739E-24
 0.47924786E+02  0.29365860E-24
 0.48072196E+02  0.29344049E-24
 0.48220060E+02  0.29322306E-24
 0.48368378E+02  0.29300631E-24
 0.48517152E+02  0.29279023E-24
 0.48666384E+02  0.29257482E-24
 0.48816075E+02  0.29236008E-24
 0.48966226E+02  0.29214601E-24
 0.49116839E+02  0.29193260E-24
 0.49267916E+02  0.29171986E-24
 0.49419457E+02  0.29150777E-24
 0.49571464E+02  0.29129634E-24
 0.49723939E+02  0.29108556E-24
 0.49876882E+02  0.29087543E-24
 0.50030297E+02  0.29066596E-24
 0.50184183E+02  0.29045712E-24
 0.50338542E+02  0.29024894E-24
 0.50493376E+02  0.29004139E-24
 0.50648687E+02  0.28983449E-24
 0.50804475E+02  0.28962822E-24
 0.50960742E+02  0.28942258E-24
 0.51117490E+02  0.28921758E-24
 0.51274720E+02  0.28901320E-24
 0.51432434E+02  0.28880946E-24
 0.51590633E+02  0.28860634E-24
 0.51749319E+02  0.28840384E-24
 0.51908492E+02  0.28820196E-24
 0.52068155E+02  0.28800070E-24
 0.52228309E+02  0.28780006E-24
 0.52388956E+02  0.28760003E-24
 0.52550097E+02  0.28740061E-24
 0.52711734E+02  0.28720181E-24
 0.52873868E+02  0.28700361E-24
 0.53036500E+02  0.28680601E-24
 0.53199633E+02  0.28660902E-24
 0.53363268E+02  0.28641263E-24
 0.53527405E+02  0.28621684E-24
 0.53692048E+02  0.28602165E-24
 0.53857197E+02  0.28582705E-24
 0.54022854E+02  0.28563304E-24
 0.54189021E+02  0.28543963E-24
 0.54355699E+02  0.28524680E-24
 0.54522889E+02  0.28505456E-24
 0.54690594E+02  0.28486291E-24
 0.54858814E+02  0.28467184E-24
 0.55027552E+02  0.28448135E-24
 0.55196809E+02  0.28429144E-24
 0.55366587E+02  0.28410211E-24
 0.55536886E+02  0.28391335E-24
 0.55707710E+02  0.28372517E-24
 0.55879059E+02  0.28353755E-24
 0.56050935E+02  0.28335051E-24
 0.56223340E+02  0.28316404E-24
 0.56396275E+02  0.28297813E-24
 0.56569742E+02  0.28279278E-24
 0.56743742E+02  0.28260800E-24
 0.56918278E+02  0.28242378E-24
 0.57093350E+02  0.28224012E-24
 0.57268961E+02  0.28205701E-24
 0.57445113E+02  0.28187446E-24
 0.57621806E+02  0.28169247E-24
 0.57799042E+02  0.28151102E-24
 0.57976824E+02  0.28133013E-24
 0.58155152E+02  0.28114978E-24
 0.58334029E+02  0.28096999E-24
 0.58513456E+02  0.28079073E-24
 0.58693435E+02  0.28061202E-24
 0.58873968E+02  0.28043385E-24
 0.59055056E+02  0.28025623E-24
 0.59236701E+02  0.28007914E-24
 0.59418905E+02  0.27990258E-24
 0.59601669E+02  0.27972657E-24
 0.59784995E+02  0.27955108E-24
 0.59968885E+02  0.27937613E-24
 0.60153341E+02  0.27920171E-24
 0.60338364E+02  0.27902782E-24
 0.60523956E+02  0.27885445E-24
 0.60710119E+02  0.27868161E-24
 0.60896855E+02  0.27850930E-24
 0.61084165E+02  0.27833751E-24
 0.61272051E+02  0.27816624E-24
 0.61460516E+02  0.27799549E-24
 0.61649559E+02  0.27782525E-24
 0.61839185E+02  0.27765554E-24
 0.62029393E+02  0.27748634E-24
 0.62220187E+02  0.27731765E-24
 0.62411567E+02  0.27714947E-24
 0.62603536E+02  0.27698181E-24
 0.62796096E+02  0.27681466E-24
 0.62989248E+02  0.27664801E-24
 0.63182994E+02  0.27648187E-24
 0.63377336E+02  0.27631624E-24
 0.63572275E+02  0.27615110E-24
 0.63767815E+02  0.27598648E-24
 0.63963955E+02  0.27582235E-24
 0.64160699E+02  0.27565872E-24
 0.64358049E+02  0.27549559E-24
 0.64556005E+02  0.27533296E-24
 0.64754570E+02  0.27517082E-24
 0.64953746E+02  0.27500918E-24
 0.65153534E+02  0.27484803E-24
 0.65353937E+02  0.27468737E-24
 0.65554957E+02  0.27452721E-24
 0.65756594E+02  0.27436753E-24
 0.65958852E+02  0.27420834E-24
 0.66161732E+02  0.27404963E-24
 0.66365237E+02  0.27389141E-24
 0.66569367E+02  0.27373368E-24
 0.66774125E+02  0.27357642E-24
 0.66979512E+02  0.27341965E-24
 0.67185532E+02  0.27326336E-24
 0.67392185E+02  0.27310755E-24
 0.67599474E+02  0.27295221E-24
 0.67807400E+02  0.27279735E-24
 0.68015966E+02  0.27264297E-24
 0.68225173E+02  0.27248906E-24
 0.68435024E+02  0.27233562E-24
 0.68645521E+02  0.27218266E-24
 0.68856665E+02  0.27203016E-24
 0.69068458E+02  0.27187814E-24
 0.69280903E+02  0.27172658E-24
 0.69494001E+02  0.27157549E-24
 0.69707755E+02  0.27142486E-24
 0.69922166E+02  0.27127470E-24
 0.70137236E+02  0.27112500E-24
 0.70352969E+02  0.27097577E-24
 0.70569364E+02  0.27082700E-24
 0.70786426E+02  0.27067868E-24
 0.71004155E+02  0.27053083E-24
 0.71222553E+02  0.27038343E-24
 0.71441624E+02  0.27023649E-24
 0.71661368E+02  0.27009001E-24
 0.71881788E+02  0.26994398E-24
 0.72102886E+02  0.26979840E-24
 0.72324665E+02  0.26965328E-24
 0.72547125E+02  0.26950860E-24
 0.72770270E+02  0.26936438E-24
 0.72994101E+02  0.26922061E-24
 0.73218620E+02  0.26907728E-24
 0.73443830E+02  0.26893441E-24
 0.73669733E+02  0.26879198E-24
 0.73896331E+02  0.26864999E-24
 0.74123625E+02  0.26850845E-24
 0.74351619E+02  0.26836735E-24
 0.74580314E+02  0.26822669E-24
 0.74809713E+02  0.26808648E-24
 0.75039817E+02  0.26794670E-24
 0.75270628E+02  0.26780736E-24
 0.75502150E+02  0.26766847E-24
 0.75734384E+02  0.26753000E-24
 0.75967332E+02  0.26739198E-24
 0.76200997E+02  0.26725439E-24
 0.76435380E+02  0.26711723E-24
 0.76670485E+02  0.26698051E-24
 0.76906312E+02  0.26684422E-24
 0.77142865E+02  0.26670836E-24
 0.77380146E+02  0.26657294E-24
 0.77618156E+02  0.26643794E-24
 0.77856898E+02  0.26630337E-24
 0.78096375E+02  0.26616923E-24
 0.78336589E+02  0.26603551E-24
 0.78577541E+02  0.26590222E-24
 0.78819234E+02  0.26576936E-24
 0.79061671E+02  0.26563692E-24
 0.79304853E+02  0.26550491E-24
 0.79548784E+02  0.26537331E-24
 0.79793465E+02  0.26524214E-24
 0.80038898E+02  0.26511139E-24
 0.80285086E+02  0.26498106E-24
 0.80532032E+02  0.26485114E-24
 0.80779737E+02  0.26472165E-24
 0.81028204E+02  0.26459257E-24
 0.81277435E+02  0.26446391E-24
 0.81527433E+02  0.26433567E-24
 0.81778200E+02  0.26420784E-24
 0.82029738E+02  0.26408042E-24
 0.82282050E+02  0.26395342E-24
 0.82535138E+02  0.26382683E-24
 0.82789004E+02  0.26370065E-24
 0.83043651E+02  0.26357488E-24
 0.83299082E+02  0.26344953E-24
 0.83555298E+02  0.26332458E-24
 0.83812302E+02  0.26320004E-24
 0.84070097E+02  0.26307590E-24
 0.84328684E+02  0.26295218E-24
 0.84588067E+02  0.26282886E-24
 0.84848248E+02  0.26270595E-24
 0.85109230E+02  0.26258344E-24
 0.85371013E+02  0.26246133E-24
 0.85633603E+02  0.26233963E-24
 0.85896999E+02  0.26221833E-24
 0.86161206E+02  0.26209743E-24
 0.86426226E+02  0.26197693E-24
 0.86692061E+02  0.26185684E-24
 0.86958713E+02  0.26173714E-24
 0.87226186E+02  0.26161784E-24
 0.87494481E+02  0.26149894E-24
 0.87763602E+02  0.26138044E-24
 0.88033550E+02  0.26126233E-24
 0.88304329E+02  0.26114462E-24
 0.88575940E+02  0.26102731E-24
 0.88848387E+02  0.26091039E-24
 0.89121672E+02  0.26079386E-24
 0.89395798E+02  0.26067773E-24
 0.89670767E+02  0.26056199E-24
 0.89946581E+02  0.26044664E-24
 0.90223244E+02  0.26033168E-24
 0.90500758E+02  0.26021712E-24
 0.90779126E+02  0.26010294E-24
 0.91058349E+02  0.25998915E-24
 0.91338432E+02  0.25987576E-24
 0.91619376E+02  0.25976275E-24
 0.91901184E+02  0.25965012E-24
 0.92183859E+02  0.25953789E-24
 0.92467404E+02  0.25942604E-24
 0.92751820E+02  0.25931458E-24
 0.93037112E+02  0.25920350E-24
 0.93323280E+02  0.25909281E-24
 0.93610330E+02  0.25898250E-24
 0.93898262E+02  0.25887257E-24
 0.94187079E+02  0.25876303E-24
 0.94476786E+02  0.25865387E-24
 0.94767383E+02  0.25854509E-24
 0.95058874E+02  0.25843669E-24
 0.95351261E+02  0.25832867E-24
 0.95644548E+02  0.25822104E-24
 0.95938737E+02  0.25811378E-24
 0.96233831E+02  0.25800690E-24
 0.96529833E+02  0.25790040E-24
 0.96826745E+02  0.25779427E-24
 0.97124570E+02  0.25768853E-24
 0.97423312E+02  0.25758316E-24
 0.97722972E+02  0.25747817E-24
 0.98023554E+02  0.25737355E-24
 0.98325060E+02  0.25726931E-24
 0.98627494E+02  0.25716544E-24
 0.98930858E+02  0.25706195E-24
 0.99235156E+02  0.25695883E-24
 0.99540389E+02  0.25685608E-24
 0.99846561E+02  0.25675371E-24
 0.10015367E+03  0.25665171E-24
 0.10046173E+03  0.25655008E-24
 0.10077074E+03  0.25644882E-24
 0.10108070E+03  0.25634794E-24
 0.10139161E+03  0.25624742E-24
 0.10170347E+03  0.25614727E-24
 0.10201630E+03  0.25604750E-24
 0.10233008E+03  0.25594809E-24
 0.10264484E+03  0.25584905E-24
 0.10296056E+03  0.25575038E-24
 0.10327725E+03  0.25565207E-24
 0.10359492E+03  0.25555414E-24
 0.10391356E+03  0.25545657E-24
 0.10423318E+03  0.25535937E-24
 0.10455379E+03  0.25526253E-24
 0.10487538E+03  0.25516606E-24
 0.10519796E+03  0.25506996E-24
 0.10552154E+03  0.25497422E-24
 0.10584611E+03  0.25487884E-24
 0.10617168E+03  0.25478383E-24
 0.10649824E+03  0.25468918E-24
 0.10682582E+03  0.25459490E-24
 0.10715440E+03  0.25450098E-24
 0.10748399E+03  0.25440742E-24
 0.10781460E+03  0.25431422E-24
 0.10814622E+03  0.25422139E-24
 0.10847886E+03  0.25412891E-24
 0.10881253E+03  0.25403680E-24
 0.10914722E+03  0.25394505E-24
 0.10948294E+03  0.25385366E-24
 0.10981969E+03  0.25376263E-24
 0.11015748E+03  0.25367196E-24
 0.11049631E+03  0.25358165E-24
 0.11083618E+03  0.25349170E-24
 0.11117710E+03  0.25340211E-24
 0.11151906E+03  0.25331288E-24
 0.11186208E+03  0.25322400E-24
 0.11220615E+03  0.25313549E-24
 0.11255128E+03  0.25304733E-24
 0.11289747E+03  0.25295953E-24
 0.11324473E+03  0.25287209E-24
 0.11359306E+03  0.25278500E-24
 0.11394245E+03  0.25269827E-24
 0.11429292E+03  0.25261190E-24
 0.11464447E+03  0.25252588E-24
 0.11499710E+03  0.25244022E-24
 0.11535082E+03  0.25235492E-24
 0.11570562E+03  0.25226997E-24
 0.11606151E+03  0.25218537E-24
 0.11641850E+03  0.25210114E-24
 0.11677659E+03  0.25201725E-24
 0.11713578E+03  0.25193372E-24
 0.11749607E+03  0.25185055E-24
 0.11785747E+03  0.25176773E-24
 0.11821998E+03  0.25168526E-24
 0.11858361E+03  0.25160315E-24
 0.11894836E+03  0.25152139E-24
 0.11931423E+03  0.25143999E-24
 0.11968122E+03  0.25135893E-24
 0.12004934E+03  0.25127823E-24
 0.12041860E+03  0.25119789E-24
 0.12078899E+03  0.25111790E-24
 0.12116052E+03  0.25103825E-24
 0.12153319E+03  0.25095897E-24
 0.12190701E+03  0.25088003E-24
 0.12228198E+03  0.25080145E-24
 0.12265810E+03  0.25072322E-24
 0.12303538E+03  0.25064534E-24
 0.12341382E+03  0.25056781E-24
 0.12379342E+03  0.25049063E-24
 0.12417419E+03  0.25041381E-24
 0.12455613E+03  0.25033734E-24
 0.12493925E+03  0.25026121E-24
 0.12532355E+03  0.25018544E-24
 0.12570902E+03  0.25011003E-24
 0.12609569E+03  0.25003496E-24
 0.12648354E+03  0.24996024E-24
 0.12687259E+03  0.24988587E-24
 0.12726283E+03  0.24981186E-24
 0.12765427E+03  0.24973819E-24
 0.12804692E+03  0.24966488E-24
 0.12844077E+03  0.24959192E-24
 0.12883584E+03  0.24951931E-24
 0.12923212E+03  0.24944704E-24
 0.12962962E+03  0.24937513E-24
 0.13002834E+03  0.24930357E-24
 0.13042829E+03  0.24923236E-24
 0.13082947E+03  0.24916150E-24
 0.13123188E+03  0.24909099E-24
 0.13163553E+03  0.24902084E-24
 0.13204042E+03  0.24895103E-24
 0.13244656E+03  0.24888157E-24
 0.13285395E+03  0.24881246E-24
 0.13326259E+03  0.24874371E-24
 0.13367248E+03  0.24867530E-24
 0.13408364E+03  0.24860725E-24
 0.13449606E+03  0.24853954E-24
 0.13490975E+03  0.24847219E-24
 0.13532472E+03  0.24840518E-24
 0.13574096E+03  0.24833853E-24
 0.13615848E+03  0.24827223E-24
 0.13657728E+03  0.24820628E-24
 0.13699737E+03  0.24814068E-24
 0.13741876E+03  0.24807543E-24
 0.13784144E+03  0.24801053E-24
 0.13826542E+03  0.24794598E-24
 0.13869070E+03  0.24788179E-24
 0.13911730E+03  0.24781794E-24
 0.13954520E+03  0.24775445E-24
 0.13997442E+03  0.24769131E-24
 0.14040496E+03  0.24762852E-24
 0.14083683E+03  0.24756608E-24
 0.14127002E+03  0.24750400E-24
 0.14170455E+03  0.24744226E-24
 0.14214041E+03  0.24738088E-24
 0.14257762E+03  0.24731985E-24
 0.14301617E+03  0.24725918E-24
 0.14345606E+03  0.24719885E-24
 0.14389731E+03  0.24713888E-24
 0.14433992E+03  0.24707927E-24
 0.14478389E+03  0.24702000E-24
 0.14522922E+03  0.24696109E-24
 0.14567593E+03  0.24690253E-24
 0.14612401E+03  0.24684433E-24
 0.14657346E+03  0.24678648E-24
 0.14702430E+03  0.24672898E-24
 0.14747653E+03  0.24667184E-24
 0.14793015E+03  0.24661506E-24
 0.14838516E+03  0.24655863E-24
 0.14884157E+03  0.24650255E-24
 0.14929939E+03  0.24644683E-24
 0.14975861E+03  0.24639146E-24
 0.15021925E+03  0.24633646E-24
 0.15068130E+03  0.24628180E-24
 0.15114477E+03  0.24622751E-24
 0.15160967E+03  0.24617357E-24
 0.15207600E+03  0.24611998E-24
 0.15254377E+03  0.24606676E-24
 0.15301297E+03  0.24601389E-24
 0.15348362E+03  0.24596138E-24
 0.15395571E+03  0.24590923E-24
 0.15442926E+03  0.24585744E-24
 0.15490426E+03  0.24580600E-24
 0.15538072E+03  0.24575493E-24
 0.15585865E+03  0.24570421E-24
 0.15633805E+03  0.24565386E-24
 0.15681892E+03  0.24560386E-24
 0.15730128E+03  0.24555423E-24
 0.15778511E+03  0.24550495E-24
 0.15827044E+03  0.24545604E-24
 0.15875725E+03  0.24540749E-24
 0.15924557E+03  0.24535930E-24
 0.15973539E+03  0.24531147E-24
 0.16022671E+03  0.24526401E-24
 0.16071954E+03  0.24521691E-24
 0.16121389E+03  0.24517017E-24
 0.16170976E+03  0.24512380E-24
 0.16220716E+03  0.24507779E-24
 0.16270609E+03  0.24503215E-24
 0.16320655E+03  0.24498687E-24
 0.16370855E+03  0.24494196E-24
 0.16421209E+03  0.24489742E-24
 0.16471719E+03  0.24485324E-24
 0.16522383E+03  0.24480943E-24
 0.16573204E+03  0.24476599E-24
 0.16624181E+03  0.24472291E-24
 0.16675314E+03  0.24468021E-24
 0.16726605E+03  0.24463787E-24
 0.16778054E+03  0.24459590E-24
 0.16829661E+03  0.24455431E-24
 0.16881426E+03  0.24451308E-24
 0.16933351E+03  0.24447223E-24
 0.16985436E+03  0.24443174E-24
 0.17037681E+03  0.24439163E-24
 0.17090086E+03  0.24435190E-24
 0.17142653E+03  0.24431253E-24
 0.17195381E+03  0.24427354E-24
 0.17248272E+03  0.24423493E-24
 0.17301325E+03  0.24419669E-24
 0.17354541E+03  0.24415883E-24
 0.17407921E+03  0.24412134E-24
 0.17461466E+03  0.24408423E-24
 0.17515175E+03  0.24404750E-24
 0.17569049E+03  0.24401115E-24
 0.17623089E+03  0.24397517E-24
 0.17677295E+03  0.24393958E-24
 0.17731668E+03  0.24390436E-24
 0.17786208E+03  0.24386953E-24
 0.17840916E+03  0.24383508E-24
 0.17895792E+03  0.24380101E-24
 0.17950837E+03  0.24376732E-24
 0.18006051E+03  0.24373402E-24
 0.18061435E+03  0.24370110E-24
 0.18116989E+03  0.24366856E-24
 0.18172715E+03  0.24363642E-24
 0.18228611E+03  0.24360465E-24
 0.18284680E+03  0.24357328E-24
 0.18340921E+03  0.24354229E-24
 0.18397335E+03  0.24351170E-24
 0.18453923E+03  0.24348149E-24
 0.18510684E+03  0.24345167E-24
 0.18567621E+03  0.24342224E-24
 0.18624732E+03  0.24339321E-24
 0.18682019E+03  0.24336457E-24
 0.18739482E+03  0.24333632E-24
 0.18797122E+03  0.24330846E-24
 0.18854939E+03  0.24328100E-24
 0.18912935E+03  0.24325394E-24
 0.18971108E+03  0.24322727E-24
 0.19029460E+03  0.24320100E-24
 0.19087992E+03  0.24317513E-24
 0.19146704E+03  0.24314966E-24
 0.19205597E+03  0.24312459E-24
 0.19264671E+03  0.24309992E-24
 0.19323926E+03  0.24307565E-24
 0.19383364E+03  0.24305178E-24
 0.19442984E+03  0.24302832E-24
 0.19502788E+03  0.24300526E-24
 0.19562776E+03  0.24298261E-24
 0.19622948E+03  0.24296036E-24
 0.19683305E+03  0.24293852E-24
 0.19743849E+03  0.24291709E-24
 0.19804578E+03  0.24289607E-24
 0.19865494E+03  0.24287546E-24
 0.19926597E+03  0.24285526E-24
 0.19987889E+03  0.24283547E-24
 0.20049369E+03  0.24281609E-24
 0.20111038E+03  0.24279713E-24
 0.20172896E+03  0.24277859E-24
 0.20234945E+03  0.24276046E-24
 0.20297185E+03  0.24274275E-24
 0.20359616E+03  0.24272545E-24
 0.20422240E+03  0.24270858E-24
 0.20485056E+03  0.24269213E-24
 0.20548065E+03  0.24267609E-24
 0.20611268E+03  0.24266048E-24
 0.20674665E+03  0.24264530E-24
 0.20738257E+03  0.24263054E-24
 0.20802045E+03  0.24261620E-24
 0.20866029E+03  0.24260229E-24
 0.20930210E+03  0.24258881E-24
 0.20994589E+03  0.24257576E-24
 0.21059165E+03  0.24256314E-24
 0.21123940E+03  0.24255095E-24
 0.21188914E+03  0.24253919E-24
 0.21254088E+03  0.24252787E-24
 0.21319463E+03  0.24251698E-24
 0.21385039E+03  0.24250653E-24
 0.21450816E+03  0.24249652E-24
 0.21516796E+03  0.24248694E-24
 0.21582978E+03  0.24247781E-24
 0.21649364E+03  0.24246911E-24
 0.21715955E+03  0.24246086E-24
 0.21782750E+03  0.24245305E-24
 0.21849750E+03  0.24244569E-24
 0.21916957E+03  0.24243877E-24
 0.21984371E+03  0.24243230E-24
 0.22051991E+03  0.24242628E-24
 0.22119820E+03  0.24242071E-24
 0.22187858E+03  0.24241559E-24
 0.22256104E+03  0.24241093E-24
 0.22324561E+03  0.24240672E-24
 0.22393228E+03  0.24240296E-24
 0.22462107E+03  0.24239966E-24
 0.22531197E+03  0.24239682E-24
 0.22600500E+03  0.24239444E-24
 0.22670016E+03  0.24239251E-24
 0.22739745E+03  0.24239106E-24
 0.22809689E+03  0.24239006E-24
 0.22879849E+03  0.24238953E-24
 0.22950224E+03  0.24238947E-24
 0.23020816E+03  0.24238987E-24
 0.23091624E+03  0.24239075E-24
 0.23162651E+03  0.24239209E-24
 0.23233896E+03  0.24239391E-24
 0.23305360E+03  0.24239621E-24
 0.23377044E+03  0.24239897E-24
 0.23448949E+03  0.24240222E-24
 0.23521074E+03  0.24240594E-24
 0.23593422E+03  0.24241015E-24
 0.23665992E+03  0.24241483E-24
 0.23738785E+03  0.24242000E-24
 0.23811802E+03  0.24242565E-24
 0.23885044E+03  0.24243179E-24
 0.23958511E+03  0.24243842E-24
 0.24032204E+03  0.24244554E-24
 0.24106123E+03  0.24245315E-24
 0.24180270E+03  0.24246125E-24
 0.24254646E+03  0.24246985E-24
 0.24329249E+03  0.24247894E-24
 0.24404083E+03  0.24248853E-24
 0.24479146E+03  0.24249862E-24
 0.24554441E+03  0.24250921E-24
 0.24629967E+03  0.24252030E-24
 0.24705725E+03  0.24253190E-24
 0.24781716E+03  0.24254401E-24
 0.24857941E+03  0.24255662E-24
 0.24934401E+03  0.24256974E-24
 0.25011095E+03  0.24258338E-24
 0.25088026E+03  0.24259752E-24
 0.25165193E+03  0.24261219E-24
 0.25242598E+03  0.24262737E-24
 0.25320240E+03  0.24264307E-24
 0.25398122E+03  0.24265929E-24
 0.25476243E+03  0.24267603E-24
 0.25554604E+03  0.24269329E-24
 0.25633206E+03  0.24271109E-24
 0.25712050E+03  0.24272941E-24
 0.25791137E+03  0.24274826E-24
 0.25870467E+03  0.24276764E-24
 0.25950041E+03  0.24278756E-24
 0.26029859E+03  0.24280801E-24
 0.26109924E+03  0.24282900E-24
 0.26190234E+03  0.24285053E-24
 0.26270792E+03  0.24287260E-24
 0.26351597E+03  0.24289521E-24
 0.26432650E+03  0.24291837E-24
 0.26513954E+03  0.24294208E-24
 0.26595507E+03  0.24296634E-24
 0.26677311E+03  0.24299114E-24
 0.26759366E+03  0.24301651E-24
 0.26841674E+03  0.24304243E-24
 0.26924236E+03  0.24306890E-24
 0.27007051E+03  0.24309594E-24
 0.27090121E+03  0.24312354E-24
 0.27173446E+03  0.24315170E-24
 0.27257028E+03  0.24318043E-24
 0.27340866E+03  0.24320972E-24
 0.27424963E+03  0.24323959E-24
 0.27509318E+03  0.24327003E-24
 0.27593933E+03  0.24330105E-24
 0.27678808E+03  0.24333264E-24
 0.27763944E+03  0.24336481E-24
 0.27849342E+03  0.24339757E-24
 0.27935003E+03  0.24343090E-24
 0.28020927E+03  0.24346483E-24
 0.28107115E+03  0.24349934E-24
 0.28193569E+03  0.24353445E-24
 0.28280288E+03  0.24357014E-24
 0.28367274E+03  0.24360644E-24
 0.28454528E+03  0.24364333E-24
 0.28542050E+03  0.24368082E-24
 0.28629841E+03  0.24371892E-24
 0.28717903E+03  0.24375762E-24
 0.28806235E+03  0.24379692E-24
 0.28894839E+03  0.24383684E-24
 0.28983715E+03  0.24387737E-24
 0.29072865E+03  0.24391852E-24
 0.29162289E+03  0.24396029E-24
 0.29251988E+03  0.24400267E-24
 0.29341963E+03  0.24404568E-24
 0.29432215E+03  0.24408931E-24
 0.29522744E+03  0.24413358E-24
 0.29613552E+03  0.24417847E-24
 0.29704639E+03  0.24422400E-24
 0.29796006E+03  0.24427017E-24
 0.29887654E+03  0.24431698E-24
 0.29979584E+03  0.24436443E-24
 0.30071797E+03  0.24441252E-24
 0.30164294E+03  0.24446127E-24
 0.30257075E+03  0.24451066E-24
 0.30350142E+03  0.24456072E-24
 0.30443494E+03  0.24461143E-24
 0.30537134E+03  0.24466281E-24
 0.30631062E+03  0.24471485E-24
 0.30725279E+03  0.24476757E-24
 0.30819785E+03  0.24482095E-24
 0.30914583E+03  0.24487502E-24
 0.31009672E+03  0.24492978E-24
 0.31105053E+03  0.24498522E-24
 0.31200728E+03  0.24504135E-24
 0.31296697E+03  0.24509819E-24
 0.31392961E+03  0.24515574E-24
 0.31489521E+03  0.24521400E-24
 0.31586378E+03  0.24527298E-24
 0.31683534E+03  0.24533270E-24
 0.31780988E+03  0.24539317E-24
 0.31878741E+03  0.24545439E-24
 0.31976796E+03  0.24551639E-24
 0.32075152E+03  0.24557919E-24
 0.32173811E+03  0.24564282E-24
 0.32272773E+03  0.24570730E-24
 0.32372039E+03  0.24577269E-24
 0.32471611E+03  0.24583904E-24
 0.32571489E+03  0.24590643E-24
 0.32671674E+03  0.24597497E-24
 0.32772168E+03  0.24604482E-24
 0.32872970E+03  0.24611624E-24
 0.32974083E+03  0.24618959E-24
 0.33075506E+03  0.24626549E-24
 0.33177242E+03  0.24634498E-24
 0.33279290E+03  0.24643002E-24
 0.33381653E+03  0.24652452E-24
 0.33484330E+03  0.24663741E-24
 0.33587323E+03  0.24679286E-24
 0.33690633E+03  0.24707726E-24
 0.33794261E+03  0.24801346E-24
 0.33898207E+03  0.26887656E-24
 0.34002473E+03  0.25126840E-24
 0.34107060E+03  0.24769539E-24
 0.34211968E+03  0.24732709E-24
 0.34317199E+03  0.24726955E-24
 0.34422754E+03  0.24729016E-24
 0.34528634E+03  0.24733966E-24
 0.34634839E+03  0.24740255E-24
 0.34741371E+03  0.24747269E-24
 0.34848230E+03  0.24754728E-24
 0.34955418E+03  0.24762488E-24
 0.35062936E+03  0.24770469E-24
 0.35170785E+03  0.24778625E-24
 0.35278965E+03  0.24786926E-24
 0.35387478E+03  0.24795355E-24
 0.35496325E+03  0.24803898E-24
 0.35605507E+03  0.24812548E-24
 0.35715024E+03  0.24821299E-24
 0.35824879E+03  0.24830147E-24
 0.35935071E+03  0.24839088E-24
 0.36045602E+03  0.24848121E-24
 0.36156473E+03  0.24857244E-24
 0.36267685E+03  0.24866456E-24
 0.36379240E+03  0.24875756E-24
 0.36491137E+03  0.24885144E-24
 0.36603379E+03  0.24894619E-24
 0.36715965E+03  0.24904181E-24
 0.36828898E+03  0.24913830E-24
 0.36942179E+03  0.24923566E-24
 0.37055808E+03  0.24933389E-24
 0.37169786E+03  0.24943299E-24
 0.37284115E+03  0.24953296E-24
 0.37398796E+03  0.24963380E-24
 0.37513829E+03  0.24973553E-24
 0.37629216E+03  0.24983812E-24
 0.37744959E+03  0.24994161E-24
 0.37861057E+03  0.25004597E-24
 0.37977512E+03  0.25015122E-24
 0.38094325E+03  0.25025736E-24
 0.38211498E+03  0.25036439E-24
 0.38329031E+03  0.25047232E-24
 0.38446926E+03  0.25058115E-24
 0.38565183E+03  0.25069088E-24
 0.38683804E+03  0.25080152E-24
 0.38802790E+03  0.25091307E-24
 0.38922142E+03  0.25102553E-24
 0.39041861E+03  0.25113890E-24
 0.39161948E+03  0.25125320E-24
 0.39282405E+03  0.25136842E-24
 0.39403232E+03  0.25148457E-24
 0.39524431E+03  0.25160166E-24
 0.39646002E+03  0.25171968E-24
 0.39767948E+03  0.25183863E-24
 0.39890268E+03  0.25195854E-24
 0.40012965E+03  0.25207939E-24
 0.40136039E+03  0.25220119E-24
 0.40259492E+03  0.25232394E-24
 0.40383324E+03  0.25244766E-24
 0.40507538E+03  0.25257234E-24
 0.40632133E+03  0.25269799E-24
 0.40757112E+03  0.25282461E-24
 0.40882475E+03  0.25295220E-24
 0.41008224E+03  0.25308078E-24
 0.41134359E+03  0.25321034E-24
 0.41260883E+03  0.25334089E-24
 0.41387795E+03  0.25347243E-24
 0.41515098E+03  0.25360496E-24
 0.41642793E+03  0.25373850E-24
 0.41770880E+03  0.25387305E-24
 0.41899361E+03  0.25400860E-24
 0.42028238E+03  0.25414517E-24
 0.42157511E+03  0.25428275E-24
 0.42287181E+03  0.25442136E-24
 0.42417251E+03  0.25456099E-24
 0.42547720E+03  0.25470166E-24
 0.42678591E+03  0.25484336E-24
 0.42809864E+03  0.25498610E-24
 0.42941541E+03  0.25512989E-24
 0.43073623E+03  0.25527473E-24
 0.43206111E+03  0.25542062E-24
 0.43339007E+03  0.25556756E-24
 0.43472312E+03  0.25571557E-24
 0.43606027E+03  0.25586465E-24
 0.43740153E+03  0.25601480E-24
 0.43874691E+03  0.25616602E-24
 0.44009643E+03  0.25631833E-24
 0.44145011E+03  0.25647172E-24
 0.44280795E+03  0.25662620E-24
 0.44416996E+03  0.25678177E-24
 0.44553616E+03  0.25693844E-24
 0.44690657E+03  0.25709622E-24
 0.44828119E+03  0.25725511E-24
 0.44966004E+03  0.25741511E-24
 0.45104313E+03  0.25757623E-24
 0.45243047E+03  0.25773847E-24
 0.45382209E+03  0.25790184E-24
 0.45521798E+03  0.25806634E-24
 0.45661816E+03  0.25823197E-24
 0.45802266E+03  0.25839875E-24
 0.45943147E+03  0.25856668E-24
 0.46084462E+03  0.25873576E-24
 0.46226211E+03  0.25890599E-24
 0.46368396E+03  0.25907739E-24
 0.46511019E+03  0.25924995E-24
 0.46654080E+03  0.25942369E-24
 0.46797581E+03  0.25959860E-24
 0.46941524E+03  0.25977469E-24
 0.47085910E+03  0.25995197E-24
 0.47230739E+03  0.26013043E-24
 0.47376014E+03  0.26031010E-24
 0.47521736E+03  0.26049097E-24
 0.47667906E+03  0.26067304E-24
 0.47814526E+03  0.26085632E-24
 0.47961597E+03  0.26104082E-24
 0.48109120E+03  0.26122654E-24
 0.48257096E+03  0.26141349E-24
 0.48405528E+03  0.26160167E-24
 0.48554417E+03  0.26179109E-24
 0.48703763E+03  0.26198175E-24
 0.48853569E+03  0.26217366E-24
 0.49003836E+03  0.26236682E-24
 0.49154565E+03  0.26256123E-24
 0.49305757E+03  0.26275692E-24
 0.49457415E+03  0.26295386E-24
 0.49609539E+03  0.26315209E-24
 0.49762131E+03  0.26335159E-24
 0.49915192E+03  0.26355237E-24
 0.50068724E+03  0.26375445E-24
 0.50222728E+03  0.26395782E-24
 0.50377206E+03  0.26416249E-24
 0.50532159E+03  0.26436847E-24
 0.50687589E+03  0.26457576E-24
 0.50843497E+03  0.26478436E-24
 0.50999884E+03  0.26499429E-24
 0.51156753E+03  0.26520554E-24
 0.51314103E+03  0.26541813E-24
 0.51471938E+03  0.26563205E-24
 0.51630259E+03  0.26584732E-24
 0.51789066E+03  0.26606394E-24
 0.51948362E+03  0.26628191E-24
 0.52108148E+03  0.26650125E-24
 0.52268425E+03  0.26672195E-24
 0.52429195E+03  0.26694402E-24
 0.52590460E+03  0.26716747E-24
 0.52752221E+03  0.26739230E-24
 0.52914479E+03  0.26761853E-24
 0.53077236E+03  0.26784614E-24
 0.53240495E+03  0.26807516E-24
 0.53404255E+03  0.26830558E-24
 0.53568519E+03  0.26853741E-24
 0.53733288E+03  0.26877066E-24
 0.53898564E+03  0.26900534E-24
 0.54064348E+03  0.26924144E-24
 0.54230642E+03  0.26947898E-24
 0.54397448E+03  0.26971796E-24
 0.54564767E+03  0.26995838E-24
 0.54732600E+03  0.27020026E-24
 0.54900950E+03  0.27044359E-24
 0.55069818E+03  0.27068839E-24
 0.55239205E+03  0.27093466E-24
 0.55409112E+03  0.27118240E-24
 0.55579543E+03  0.27143163E-24
 0.55750498E+03  0.27168234E-24
 0.55921978E+03  0.27193454E-24
 0.56093986E+03  0.27218825E-24
 0.56266524E+03  0.27244346E-24
 0.56439591E+03  0.27270018E-24
 0.56613192E+03  0.27295843E-24
 0.56787326E+03  0.27321819E-24
 0.56961995E+03  0.27347948E-24
 0.57137202E+03  0.27374231E-24
 0.57312948E+03  0.27400668E-24
 0.57489235E+03  0.27427260E-24
 0.57666064E+03  0.27454008E-24
 0.57843436E+03  0.27480911E-24
 0.58021354E+03  0.27507971E-24
 0.58199820E+03  0.27535189E-24
 0.58378834E+03  0.27562564E-24
 0.58558399E+03  0.27590098E-24
 0.58738517E+03  0.27617791E-24
 0.58919188E+03  0.27645643E-24
 0.59100415E+03  0.27673656E-24
 0.59282199E+03  0.27701830E-24
 0.59464543E+03  0.27730166E-24
 0.59647448E+03  0.27758664E-24
 0.59830915E+03  0.27787325E-24
 0.60014946E+03  0.27816150E-24
 0.60199543E+03  0.27845138E-24
 0.60384709E+03  0.27874292E-24
 0.60570443E+03  0.27903611E-24
 0.60756750E+03  0.27933096E-24
 0.60943629E+03  0.27962748E-24
 0.61131083E+03  0.27992567E-24
 0.61319113E+03  0.28022555E-24
 0.61507722E+03  0.28052711E-24
 0.61696911E+03  0.28083036E-24
 0.61886682E+03  0.28113532E-24
 0.62077037E+03  0.28144198E-24
 0.62267977E+03  0.28175036E-24
 0.62459504E+03  0.28206045E-24
 0.62651621E+03  0.28237228E-24
 0.62844328E+03  0.28268583E-24
 0.63037629E+03  0.28300113E-24
 0.63231523E+03  0.28331818E-24
 0.63426014E+03  0.28363697E-24
 0.63621104E+03  0.28395753E-24
 0.63816793E+03  0.28427986E-24
 0.64013085E+03  0.28460396E-24
 0.64209980E+03  0.28492985E-24
 0.64407481E+03  0.28525752E-24
 0.64605589E+03  0.28558699E-24
 0.64804307E+03  0.28591827E-24
 0.65003635E+03  0.28625136E-24
 0.65203577E+03  0.28658628E-24
 0.65404134E+03  0.28692302E-24
 0.65605308E+03  0.28726161E-24
 0.65807101E+03  0.28760206E-24
 0.66009514E+03  0.28794439E-24
 0.66212550E+03  0.28828862E-24
 0.66416210E+03  0.28863479E-24
 0.66620497E+03  0.28898297E-24
 0.66825412E+03  0.28933331E-24
 0.67030958E+03  0.28968612E-24
 0.67237136E+03  0.29004232E-24
 0.67443947E+03  0.29040559E-24
 0.67651395E+03  0.29080570E-24
 0.67859481E+03  0.17041145E-22
 0.68068208E+03  0.29152427E-24
 0.68277576E+03  0.29184491E-24
 0.68487588E+03  0.29220196E-24
 0.68698246E+03  0.29256601E-24
 0.68909552E+03  0.29293345E-24
 0.69121508E+03  0.29330341E-24
 0.69334116E+03  0.29367559E-24
 0.69547378E+03  0.29404987E-24
 0.69761296E+03  0.29442620E-24
 0.69975872E+03  0.29480456E-24
 0.70191107E+03  0.29518493E-24
 0.70407005E+03  0.29556731E-24
 0.70623567E+03  0.29595170E-24
 0.70840795E+03  0.29633811E-24
 0.71058691E+03  0.29672654E-24
 0.71277258E+03  0.29711698E-24
 0.71496497E+03  0.29750946E-24
 0.71716410E+03  0.29790397E-24
 0.71936999E+03  0.29830053E-24
 0.72158267E+03  0.29869913E-24
 0.72380216E+03  0.29909979E-24
 0.72602847E+03  0.29950252E-24
 0.72826163E+03  0.29990731E-24
 0.73050166E+03  0.30031418E-24
 0.73274858E+03  0.30072313E-24
 0.73500241E+03  0.30113418E-24
 0.73726317E+03  0.30154732E-24
 0.73953089E+03  0.30196257E-24
 0.74180558E+03  0.30237993E-24
 0.74408727E+03  0.30279942E-24
 0.74637598E+03  0.30322103E-24
 0.74867172E+03  0.30364478E-24
 0.75097453E+03  0.30407067E-24
 0.75328442E+03  0.30449871E-24
 0.75560142E+03  0.30492891E-24
 0.75792554E+03  0.30536127E-24
 0.76025681E+03  0.30579581E-24
 0.76259525E+03  0.30623253E-24
 0.76494089E+03  0.30667144E-24
 0.76729374E+03  0.30711254E-24
 0.76965382E+03  0.30755585E-24
 0.77202117E+03  0.30800137E-24
 0.77439580E+03  0.30844911E-24
 0.77677773E+03  0.30889907E-24
 0.77916699E+03  0.30935127E-24
 0.78156359E+03  0.30980571E-24
 0.78396757E+03  0.31026240E-24
 0.78637895E+03  0.31072134E-24
 0.78879774E+03  0.31118256E-24
 0.79122397E+03  0.31164604E-24
 0.79365766E+03  0.31211181E-24
 0.79609884E+03  0.31257986E-24
 0.79854752E+03  0.31305021E-24
 0.80100374E+03  0.31352287E-24
 0.80346752E+03  0.31399783E-24
 0.80593887E+03  0.31447512E-24
 0.80841782E+03  0.31495473E-24
 0.81090440E+03  0.31543668E-24
 0.81339863E+03  0.31592098E-24
 0.81590052E+03  0.31640762E-24
 0.81841012E+03  0.31689662E-24
 0.82092743E+03  0.31738800E-24
 0.82345249E+03  0.31788174E-24
 0.82598531E+03  0.31837787E-24
 0.82852592E+03  0.31887639E-24
 0.83107435E+03  0.31937731E-24
 0.83363062E+03  0.31988064E-24
 0.83619475E+03  0.32038638E-24
 0.83876676E+03  0.32089455E-24
 0.84134669E+03  0.32140515E-24
 0.84393456E+03  0.32191818E-24
 0.84653038E+03  0.32243367E-24
 0.84913419E+03  0.32295161E-24
 0.85174600E+03  0.32347201E-24
 0.85436585E+03  0.32399489E-24
 0.85699376E+03  0.32452024E-24
 0.85962975E+03  0.32504809E-24
 0.86227385E+03  0.32557843E-24
 0.86492608E+03  0.32611128E-24
 0.86758647E+03  0.32664664E-24
 0.87025504E+03  0.32718452E-24
 0.87293182E+03  0.32772492E-24
 0.87561684E+03  0.32826787E-24
 0.87831011E+03  0.32881337E-24
 0.88101167E+03  0.32936141E-24
 0.88372154E+03  0.32991202E-24
 0.88643974E+03  0.33046520E-24
 0.88916630E+03  0.33102096E-24
 0.89190125E+03  0.33157931E-24
 0.89464461E+03  0.33214026E-24
 0.89739641E+03  0.33270381E-24
 0.90015667E+03  0.33326997E-24
 0.90292543E+03  0.33383875E-24
 0.90570270E+03  0.33441016E-24
 0.90848851E+03  0.33498421E-24
 0.91128289E+03  0.33556091E-24
 0.91408587E+03  0.33614026E-24
 0.91689747E+03  0.33672228E-24
 0.91971771E+03  0.33730697E-24
 0.92254664E+03  0.33789434E-24
 0.92538426E+03  0.33848440E-24
 0.92823061E+03  0.33907715E-24
 0.93108571E+03  0.33967262E-24
 0.93394960E+03  0.34027079E-24
 0.93682230E+03  0.34087170E-24
 0.93970383E+03  0.34147533E-24
 0.94259423E+03  0.34208170E-24
 0.94549351E+03  0.34269083E-24
 0.94840172E+03  0.34330271E-24
 0.95131886E+03  0.34391736E-24
 0.95424499E+03  0.34453479E-24
 0.95718011E+03  0.34515500E-24
 0.96012426E+03  0.34577800E-24
 0.96307746E+03  0.34640381E-24
 0.96603975E+03  0.34703243E-24
 0.96901115E+03  0.34766386E-24
 0.97199169E+03  0.34829813E-24
 0.97498140E+03  0.34893524E-24
 0.97798031E+03  0.34957519E-24
 0.98098844E+03  0.35021799E-24
 0.98400582E+03  0.35086367E-24
 0.98703248E+03  0.35151222E-24
 0.99006845E+03  0.35216365E-24
 0.99311376E+03  0.35281798E-24
 0.99616844E+03  0.35347522E-24
 0.99923251E+03  0.35413538E-24
 0.10023060E+04  0.35479849E-24
 0.10053890E+04  0.35546459E-24
 0.10084814E+04  0.35613378E-24
 0.10115833E+04  0.35680646E-24
 0.10146948E+04  0.35748562E-24
 0.10178159E+04  0.37107340E-24
 0.10209465E+04  0.35884445E-24
 0.10240868E+04  0.35952342E-24
 0.10272368E+04  0.36020927E-24
 0.10303964E+04  0.36089867E-24
 0.10335658E+04  0.36159125E-24
 0.10367449E+04  0.36228690E-24
 0.10399337E+04  0.36298560E-24
 0.10431324E+04  0.36368736E-24
 0.10463410E+04  0.36439217E-24
 0.10495594E+04  0.36510004E-24
 0.10527876E+04  0.36581098E-24
 0.10560259E+04  0.36652500E-24
 0.10592741E+04  0.36724209E-24
 0.10625322E+04  0.36796228E-24
 0.10658004E+04  0.36868557E-24
 0.10690787E+04  0.36941198E-24
 0.10723670E+04  0.37014150E-24
 0.10756655E+04  0.37087415E-24
 0.10789741E+04  0.37160994E-24
 0.10822928E+04  0.37234888E-24
 0.10856218E+04  0.37309097E-24
 0.10889610E+04  0.37383624E-24
 0.10923105E+04  0.37458467E-24
 0.10956703E+04  0.37533630E-24
 0.10990404E+04  0.37609112E-24
 0.11024209E+04  0.37684914E-24
 0.11058118E+04  0.37761038E-24
 0.11092131E+04  0.37837484E-24
 0.11126249E+04  0.37914254E-24
 0.11160472E+04  0.37991348E-24
 0.11194800E+04  0.38068767E-24
 0.11229234E+04  0.38146513E-24
 0.11263773E+04  0.38224585E-24
 0.11298419E+04  0.38302986E-24
 0.11333171E+04  0.38381716E-24
 0.11368030E+04  0.38460776E-24
 0.11402997E+04  0.38540167E-24
 0.11438071E+04  0.38619891E-24
 0.11473253E+04  0.38699947E-24
 0.11508543E+04  0.38780338E-24
 0.11543942E+04  0.38861063E-24
 0.11579449E+04  0.38942125E-24
 0.11615066E+04  0.39023523E-24
 0.11650792E+04  0.39105260E-24
 0.11686628E+04  0.39187335E-24
 0.11722575E+04  0.39269750E-24
 0.11758632E+04  0.39352507E-24
 0.11794800E+04  0.39435605E-24
 0.11831079E+04  0.39519047E-24
 0.11867469E+04  0.39602832E-24
 0.11903972E+04  0.39686963E-24
 0.11940587E+04  0.39771439E-24
 0.11977314E+04  0.39856263E-24
 0.12014155E+04  0.39941434E-24
 0.12051109E+04  0.40026954E-24
 0.12088176E+04  0.40112825E-24
 0.12125358E+04  0.40199047E-24
 0.12162654E+04  0.40285620E-24
 0.12200064E+04  0.40372547E-24
 0.12237590E+04  0.40459828E-24
 0.12275231E+04  0.40547465E-24
 0.12312988E+04  0.40635457E-24
 0.12350861E+04  0.40723807E-24
 0.12388850E+04  0.40812515E-24
 0.12426957E+04  0.40901582E-24
 0.12465180E+04  0.40991009E-24
 0.12503521E+04  0.41080798E-24
 0.12541981E+04  0.41170950E-24
 0.12580558E+04  0.41261465E-24
 0.12619254E+04  0.41352344E-24
 0.12658069E+04  0.41443589E-24
 0.12697003E+04  0.41535201E-24
 0.12736058E+04  0.41627180E-24
 0.12775232E+04  0.41719529E-24
 0.12814527E+04  0.41812247E-24
 0.12853942E+04  0.41905336E-24
 0.12893479E+04  0.41998796E-24
 0.12933138E+04  0.42092630E-24
 0.12972918E+04  0.42186838E-24
 0.13012821E+04  0.42281421E-24
 0.13052847E+04  0.42376381E-24
 0.13092995E+04  0.42471718E-24
 0.13133268E+04  0.42567433E-24
 0.13173664E+04  0.42663528E-24
 0.13214184E+04  0.42760003E-24
 0.13254829E+04  0.42856860E-24
 0.13295599E+04  0.42954100E-24
 0.13336494E+04  0.43051725E-24
 0.13377515E+04  0.43149735E-24
 0.13418663E+04  0.43248132E-24
 0.13459937E+04  0.43346922E-24
 0.13501337E+04  0.43446117E-24
 0.13542866E+04  0.43545884E-24
 0.13584522E+04  0.43646803E-24
 0.13626306E+04  0.43745991E-24
 0.13668218E+04  0.43846679E-24
 0.13710260E+04  0.43947796E-24
 0.13752431E+04  0.44049314E-24
 0.13794731E+04  0.44151230E-24
 0.13837162E+04  0.44253545E-24
 0.13879723E+04  0.44356258E-24
 0.13922415E+04  0.44459371E-24
 0.13965238E+04  0.44562885E-24
 0.14008193E+04  0.44666801E-24
 0.14051281E+04  0.44771119E-24
 0.14094500E+04  0.44875842E-24
 0.14137853E+04  0.44980969E-24
 0.14181339E+04  0.45086503E-24
 0.14224959E+04  0.45192445E-24
 0.14268713E+04  0.45298795E-24
 0.14312601E+04  0.45405555E-24
 0.14356625E+04  0.45512725E-24
 0.14400784E+04  0.45620308E-24
 0.14445079E+04  0.45728304E-24
 0.14489510E+04  0.45836715E-24
 0.14534077E+04  0.45945541E-24
 0.14578782E+04  0.46054783E-24
 0.14623624E+04  0.46164444E-24
 0.14668604E+04  0.46274524E-24
 0.14713723E+04  0.46385024E-24
 0.14758980E+04  0.46495946E-24
 0.14804377E+04  0.46607290E-24
 0.14849913E+04  0.46719058E-24
 0.14895589E+04  0.46831252E-24
 0.14941406E+04  0.46943871E-24
 0.14987364E+04  0.47056918E-24
 0.15033463E+04  0.47170394E-24
 0.15079703E+04  0.47284299E-24
 0.15126086E+04  0.47398636E-24
 0.15172612E+04  0.47513405E-24
 0.15219281E+04  0.47628608E-24
 0.15266093E+04  0.47744245E-24
 0.15313050E+04  0.47860318E-24
 0.15360150E+04  0.47976828E-24
 0.15407396E+04  0.48093777E-24
 0.15454787E+04  0.48211166E-24
 0.15502324E+04  0.48328995E-24
 0.15550007E+04  0.48447267E-24
 0.15597836E+04  0.48565982E-24
 0.15645813E+04  0.48685141E-24
 0.15693937E+04  0.48804747E-24
 0.15742210E+04  0.48924799E-24
 0.15790630E+04  0.49045300E-24
 0.15839200E+04  0.49166251E-24
 0.15887919E+04  0.49287653E-24
 0.15936788E+04  0.49409507E-24
 0.15985807E+04  0.49531814E-24
 0.16034978E+04  0.49654576E-24
 0.16084299E+04  0.49777794E-24
 0.16133772E+04  0.49901469E-24
 0.16183397E+04  0.50025603E-24
 0.16233175E+04  0.50150197E-24
 0.16283106E+04  0.50275252E-24
 0.16333190E+04  0.50400769E-24
 0.16383429E+04  0.50526751E-24
 0.16433822E+04  0.50653197E-24
 0.16484370E+04  0.50780110E-24
 0.16535074E+04  0.50907490E-24
 0.16585933E+04  0.51035339E-24
 0.16636949E+04  0.51163659E-24
 0.16688122E+04  0.51292451E-24
 0.16739452E+04  0.51421716E-24
 0.16790941E+04  0.51551455E-24
 0.16842587E+04  0.51681672E-24
 0.16894393E+04  0.51812376E-24
 0.16946357E+04  0.51943803E-24
 0.16998482E+04  0.52075250E-24
 0.17050767E+04  0.52207317E-24
 0.17103213E+04  0.52339922E-24
 0.17155820E+04  0.52473016E-24
 0.17208588E+04  0.52606596E-24
 0.17261520E+04  0.52740663E-24
 0.17314614E+04  0.52875218E-24
 0.17367871E+04  0.53010262E-24
 0.17421292E+04  0.53145797E-24
 0.17474877E+04  0.53281824E-24
 0.17528628E+04  0.53418344E-24
 0.17582543E+04  0.53555359E-24
 0.17636625E+04  0.53692869E-24
 0.17690872E+04  0.53830878E-24
 0.17745287E+04  0.53969385E-24
 0.17799869E+04  0.54108392E-24
 0.17854619E+04  0.54247901E-24
 0.17909537E+04  0.54387913E-24
 0.17964624E+04  0.54528429E-24
 0.18019881E+04  0.54669452E-24
 0.18075308E+04  0.54810981E-24
 0.18130905E+04  0.54953020E-24
 0.18186673E+04  0.55095568E-24
 0.18242612E+04  0.55238629E-24
 0.18298724E+04  0.55382202E-24
 0.18355008E+04  0.55526290E-24
 0.18411466E+04  0.55670893E-24
 0.18468097E+04  0.55816014E-24
 0.18524902E+04  0.55961654E-24
 0.18581882E+04  0.56107815E-24
 0.18639037E+04  0.56254496E-24
 0.18696368E+04  0.56401702E-24
 0.18753876E+04  0.56549432E-24
 0.18811560E+04  0.56697688E-24
 0.18869422E+04  0.56846471E-24
 0.18927461E+04  0.56995784E-24
 0.18985679E+04  0.57145628E-24
 0.19044077E+04  0.57296003E-24
 0.19102653E+04  0.57446913E-24
 0.19161411E+04  0.57598357E-24
 0.19220348E+04  0.57750338E-24
 0.19279467E+04  0.57902857E-24
 0.19338768E+04  0.58055916E-24
 0.19398252E+04  0.58209516E-24
 0.19457918E+04  0.58363659E-24
 0.19517768E+04  0.58518346E-24
 0.19577802E+04  0.58673579E-24
 0.19638020E+04  0.58829359E-24
 0.19698424E+04  0.58985688E-24
 0.19759013E+04  0.59142567E-24
 0.19819789E+04  0.59299998E-24
 0.19880752E+04  0.59457983E-24
 0.19941903E+04  0.59616523E-24
 0.20003241E+04  0.59775620E-24
 0.20064768E+04  0.59935275E-24
 0.20126484E+04  0.60095489E-24
 0.20188391E+04  0.60256266E-24
 0.20250487E+04  0.60417607E-24
 0.20312775E+04  0.60579529E-24
 0.20375254E+04  0.60742100E-24
 0.20437926E+04  0.60905020E-24
 0.20500790E+04  0.61068622E-24
 0.20563847E+04  0.61232798E-24
 0.20627099E+04  0.61397548E-24
 0.20690545E+04  0.61562872E-24
 0.20754186E+04  0.61728772E-24
 0.20818023E+04  0.61895250E-24
 0.20882056E+04  0.62062306E-24
 0.20946286E+04  0.62229944E-24
 0.21010714E+04  0.62398163E-24
 0.21075340E+04  0.62566967E-24
 0.21140165E+04  0.62736356E-24
 0.21205189E+04  0.62906333E-24
 0.21270413E+04  0.63076899E-24
 0.21335838E+04  0.63248055E-24
 0.21401464E+04  0.63419804E-24
 0.21467292E+04  0.63592146E-24
 0.21533322E+04  0.63765085E-24
 0.21599556E+04  0.63938620E-24
 0.21665993E+04  0.64112755E-24
 0.21732634E+04  0.64287491E-24
 0.21799481E+04  0.64462829E-24
 0.21866533E+04  0.64638771E-24
 0.21933791E+04  0.64815319E-24
 0.22001256E+04  0.64992475E-24
 0.22068929E+04  0.65170240E-24
 0.22136810E+04  0.65348616E-24
 0.22204900E+04  0.65527605E-24
 0.22273199E+04  0.65707209E-24
 0.22341708E+04  0.65887429E-24
 0.22410428E+04  0.66068267E-24
 0.22479359E+04  0.66249724E-24
 0.22548503E+04  0.66431804E-24
 0.22617859E+04  0.66614506E-24
 0.22687428E+04  0.66797834E-24
 0.22757211E+04  0.66981789E-24
 0.22827209E+04  0.67166372E-24
 0.22897422E+04  0.67351586E-24
 0.22967852E+04  0.67537432E-24
 0.23038497E+04  0.67723912E-24
 0.23109361E+04  0.67911028E-24
 0.23180442E+04  0.68098782E-24
 0.23251741E+04  0.68287175E-24
 0.23323261E+04  0.68476210E-24
 0.23395000E+04  0.68665888E-24
 0.23466959E+04  0.68856211E-24
 0.23539140E+04  0.69047181E-24
 0.23611543E+04  0.69238800E-24
 0.23684169E+04  0.69431073E-24
 0.23757018E+04  0.69624337E-24
 0.23830091E+04  0.69817568E-24
 0.23903389E+04  0.70011797E-24
 0.23976913E+04  0.70206686E-24
 0.24050662E+04  0.70402235E-24
 0.24124639E+04  0.70598447E-24
 0.24198843E+04  0.70795321E-24
 0.24273275E+04  0.70992862E-24
 0.24347936E+04  0.71191070E-24
 0.24422827E+04  0.71389948E-24
 0.24497948E+04  0.71589496E-24
 0.24573300E+04  0.71789718E-24
 0.24648884E+04  0.71990616E-24
 0.24724701E+04  0.72192190E-24
 0.24800750E+04  0.72394443E-24
 0.24877034E+04  0.72597377E-24
 0.24953552E+04  0.72800995E-24
 0.25030306E+04  0.73005297E-24
 0.25107295E+04  0.73210286E-24
 0.25184522E+04  0.73415963E-24
 0.25261986E+04  0.73622332E-24
 0.25339688E+04  0.73829393E-24
 0.25417630E+04  0.74037150E-24
 0.25495811E+04  0.74245603E-24
 0.25574232E+04  0.74454754E-24
 0.25652895E+04  0.74664607E-24
 0.25731799E+04  0.74875162E-24
 0.25810947E+04  0.75086422E-24
 0.25890338E+04  0.75298389E-24
 0.25969973E+04  0.75511065E-24
 0.26049852E+04  0.75724452E-24
 0.26129978E+04  0.75938552E-24
 0.26210350E+04  0.76153367E-24
 0.26290970E+04  0.76368899E-24
 0.26371837E+04  0.76585150E-24
 0.26452953E+04  0.76802122E-24
 0.26534318E+04  0.77019818E-24
 0.26615934E+04  0.77238239E-24
 0.26697801E+04  0.77457387E-24
 0.26779920E+04  0.77677265E-24
 0.26862291E+04  0.77897875E-24
 0.26944915E+04  0.78119219E-24
 0.27027794E+04  0.78341299E-24
 0.27110928E+04  0.78564131E-24
 0.27194317E+04  0.78787678E-24
 0.27277963E+04  0.79011974E-24
 0.27361866E+04  0.79237018E-24
 0.27446027E+04  0.79462809E-24
 0.27530448E+04  0.79689897E-24
 0.27615127E+04  0.79917857E-24
 0.27700067E+04  0.80146569E-24
 0.27785269E+04  0.80376034E-24
 0.27870732E+04  0.80606255E-24
 0.27956459E+04  0.80837234E-24
 0.28042449E+04  0.81068973E-24
 0.28128704E+04  0.81301475E-24
 0.28215223E+04  0.81534740E-24
 0.28302010E+04  0.81768773E-24
 0.28389062E+04  0.82003575E-24
 0.28476383E+04  0.82239148E-24
 0.28563972E+04  0.82475494E-24
 0.28651831E+04  0.82712616E-24
 0.28739960E+04  0.82950516E-24
 0.28828360E+04  0.83189196E-24
 0.28917032E+04  0.83428659E-24
 0.29005977E+04  0.83668907E-24
 0.29095195E+04  0.83909942E-24
 0.29184688E+04  0.84151766E-24
 0.29274456E+04  0.84394382E-24
 0.29364500E+04  0.84637792E-24
 0.29454821E+04  0.84881998E-24
 0.29545420E+04  0.85127003E-24
 0.29636297E+04  0.85372808E-24
 0.29727454E+04  0.85619417E-24
 0.29818892E+04  0.85866832E-24
 0.29910610E+04  0.86115055E-24
 0.30002611E+04  0.86364088E-24
 0.30094895E+04  0.86613934E-24
 0.30187463E+04  0.86864595E-24
 0.30280315E+04  0.87116074E-24
 0.30373453E+04  0.87368373E-24
 0.30466877E+04  0.87621495E-24
 0.30560589E+04  0.87875449E-24
 0.30654589E+04  0.88130211E-24
 0.30748878E+04  0.88385813E-24
 0.30843457E+04  0.88642247E-24
 0.30938327E+04  0.88899515E-24
 0.31033489E+04  0.89157621E-24
 0.31128944E+04  0.89416565E-24
 0.31224692E+04  0.89676352E-24
 0.31320735E+04  0.89936982E-24
 0.31417073E+04  0.90198459E-24
 0.31513708E+04  0.90460786E-24
 0.31610639E+04  0.90723964E-24
 0.31707869E+04  0.90987996E-24
 0.31805398E+04  0.91252885E-24
 0.31903227E+04  0.91518633E-24
 0.32001357E+04  0.91785243E-24
 0.32099788E+04  0.92052717E-24
 0.32198523E+04  0.92321058E-24
 0.32297561E+04  0.92590269E-24
 0.32396903E+04  0.92860351E-24
 0.32496552E+04  0.93131307E-24
 0.32596506E+04  0.93403141E-24
 0.32696769E+04  0.93675854E-24
 0.32797339E+04  0.93949449E-24
 0.32898219E+04  0.94223929E-24
 0.32999410E+04  0.94499297E-24
 0.33100911E+04  0.94775555E-24
 0.33202725E+04  0.95052705E-24
 0.33304852E+04  0.95330750E-24
 0.33407293E+04  0.95609693E-24
 0.33510049E+04  0.95889537E-24
 0.33613121E+04  0.96170284E-24
 0.33716510E+04  0.96451937E-24
 0.33820217E+04  0.96734499E-24
 0.33924243E+04  0.97034989E-24
 0.34028590E+04  0.97302358E-24
 0.34133257E+04  0.97587660E-24
 0.34238246E+04  0.97873882E-24
 0.34343558E+04  0.98161027E-24
 0.34449194E+04  0.98449096E-24
 0.34555154E+04  0.98738092E-24
 0.34661441E+04  0.99028019E-24
 0.34768055E+04  0.99318878E-24
 0.34874996E+04  0.99610673E-24
 0.34982267E+04  0.99903407E-24
 0.35089867E+04  0.10019708E-23
 0.35197799E+04  0.10049170E-23
 0.35306062E+04  0.10078727E-23
 0.35414659E+04  0.10108378E-23
 0.35523589E+04  0.10138125E-23
 0.35632855E+04  0.10167967E-23
 0.35742456E+04  0.10197905E-23
 0.35852395E+04  0.10227939E-23
 0.35962672E+04  0.10258070E-23
 0.36073288E+04  0.10288297E-23
 0.36184244E+04  0.10318621E-23
 0.36295542E+04  0.10349043E-23
 0.36407182E+04  0.10379562E-23
 0.36519165E+04  0.10410178E-23
 0.36631493E+04  0.10440893E-23
 0.36744166E+04  0.10471706E-23
 0.36857186E+04  0.10502618E-23
 0.36970553E+04  0.10533629E-23
 0.37084270E+04  0.10564739E-23
 0.37198336E+04  0.10595949E-23
 0.37312752E+04  0.10627370E-23
 0.37427521E+04  0.10658668E-23
 0.37542643E+04  0.10690178E-23
 0.37658119E+04  0.10721789E-23
 0.37773950E+04  0.10753501E-23
 0.37890137E+04  0.10785314E-23
 0.38006682E+04  0.10817229E-23
 0.38123585E+04  0.10849246E-23
 0.38240848E+04  0.10881365E-23
 0.38358471E+04  0.10913587E-23
 0.38476456E+04  0.10945911E-23
 0.38594804E+04  0.10978339E-23
 0.38713516E+04  0.11010870E-23
 0.38832594E+04  0.11043505E-23
 0.38952037E+04  0.11076244E-23
 0.39071848E+04  0.11109088E-23
 0.39192028E+04  0.11142036E-23
 0.39312577E+04  0.11175089E-23
 0.39433497E+04  0.11208247E-23
 0.39554788E+04  0.11241512E-23
 0.39676453E+04  0.11274882E-23
 0.39798493E+04  0.11308358E-23
 0.39920907E+04  0.11341941E-23
 0.40043698E+04  0.11375631E-23
 0.40166867E+04  0.11409428E-23
 0.40290414E+04  0.11443333E-23
 0.40414342E+04  0.11477345E-23
 0.40538651E+04  0.11511466E-23
 0.40663342E+04  0.11545695E-23
 0.40788417E+04  0.11580033E-23
 0.40913876E+04  0.11614481E-23
 0.41039721E+04  0.11649037E-23
 0.41165954E+04  0.11683704E-23
 0.41292574E+04  0.11718481E-23
 0.41419584E+04  0.11753368E-23
 0.41546985E+04  0.11788366E-23
 0.41674778E+04  0.11823475E-23
 0.41802963E+04  0.11858696E-23
 0.41931543E+04  0.11894028E-23
 0.42060519E+04  0.11929472E-23
 0.42189891E+04  0.11965029E-23
 0.42319661E+04  0.12000699E-23
 0.42449830E+04  0.12036482E-23
 0.42580400E+04  0.12072378E-23
 0.42711371E+04  0.12108389E-23
 0.42842745E+04  0.12144513E-23
 0.42974524E+04  0.12180752E-23
 0.43106707E+04  0.12217106E-23
 0.43239297E+04  0.12253574E-23
 0.43372295E+04  0.12290159E-23
 0.43505702E+04  0.12326859E-23
 0.43639519E+04  0.12363676E-23
 0.43773748E+04  0.12400609E-23
 0.43908390E+04  0.12437659E-23
 0.44043446E+04  0.12474826E-23
 0.44178918E+04  0.12512111E-23
 0.44314806E+04  0.12549514E-23
 0.44451112E+04  0.12587035E-23
 0.44587837E+04  0.12624675E-23
 0.44724983E+04  0.12662434E-23
 0.44862551E+04  0.12700312E-23
 0.45000541E+04  0.12738310E-23
 0.45138957E+04  0.12776428E-23
 0.45277798E+04  0.12814667E-23
 0.45417066E+04  0.12853026E-23
 0.45556762E+04  0.12891507E-23
 0.45696888E+04  0.12930109E-23
 0.45837446E+04  0.12968833E-23
 0.45978435E+04  0.13007679E-23
 0.46119858E+04  0.13046648E-23
 0.46261716E+04  0.13085740E-23
 0.46404011E+04  0.13124956E-23
 0.46546743E+04  0.13164295E-23
 0.46689914E+04  0.13203758E-23
 0.46833526E+04  0.13243346E-23
 0.46977579E+04  0.13283059E-23
 0.47122075E+04  0.13322897E-23
 0.47267016E+04  0.13362860E-23
 0.47412403E+04  0.13402950E-23
 0.47558236E+04  0.13443166E-23
 0.47704519E+04  0.13483509E-23
 0.47851251E+04  0.13523979E-23
 0.47998435E+04  0.13564576E-23
 0.48146071E+04  0.13605301E-23
 0.48294162E+04  0.13646155E-23
 0.48442708E+04  0.13687137E-23
 0.48591711E+04  0.13728249E-23
 0.48741172E+04  0.13769489E-23
 0.48891093E+04  0.13810860E-23
 0.49041475E+04  0.13852361E-23
 0.49192319E+04  0.13893992E-23
 0.49343628E+04  0.13935755E-23
 0.49495402E+04  0.13977649E-23
 0.49647643E+04  0.14019675E-23
 0.49800352E+04  0.14061833E-23
 0.49953531E+04  0.14104123E-23
 0.50107181E+04  0.14146547E-23
 0.50261303E+04  0.14189104E-23
 0.50415900E+04  0.14231795E-23
 0.50570972E+04  0.14274620E-23
 0.50726521E+04  0.14317579E-23
 0.50882549E+04  0.14360676E-23
 0.51039056E+04  0.14403904E-23
 0.51196045E+04  0.14447270E-23
 0.51353517E+04  0.14490772E-23
 0.51511473E+04  0.14534411E-23
 0.51669915E+04  0.14578187E-23
 0.51828844E+04  0.14622100E-23
 0.51988262E+04  0.14666151E-23
 0.52148171E+04  0.14710341E-23
 0.52308571E+04  0.14754669E-23
 0.52469465E+04  0.14799137E-23
 0.52630854E+04  0.14843744E-23
 0.52792739E+04  0.14888491E-23
 0.52955122E+04  0.14933378E-23
 0.53118004E+04  0.14978406E-23
 0.53281387E+04  0.15023576E-23
 0.53445273E+04  0.15068887E-23
 0.53609663E+04  0.15114340E-23
 0.53774559E+04  0.15159936E-23
 0.53939962E+04  0.15205675E-23
 0.54105874E+04  0.15251557E-23
 0.54272296E+04  0.15297584E-23
 0.54439230E+04  0.15343753E-23
 0.54606677E+04  0.15390068E-23
 0.54774639E+04  0.15436528E-23
 0.54943118E+04  0.15483134E-23
 0.55112116E+04  0.15529886E-23
 0.55281633E+04  0.15576784E-23
 0.55451671E+04  0.15623829E-23
 0.55622233E+04  0.15671021E-23
 0.55793319E+04  0.15718362E-23
 0.55964931E+04  0.15765850E-23
 0.56137071E+04  0.15813487E-23
 0.56309741E+04  0.15861273E-23
 0.56482942E+04  0.15909209E-23
 0.56656675E+04  0.15957295E-23
 0.56830943E+04  0.16005532E-23
 0.57005747E+04  0.16053919E-23
 0.57181088E+04  0.16102458E-23
 0.57356969E+04  0.16151148E-23
 0.57533391E+04  0.16199991E-23
 0.57710356E+04  0.16248987E-23
 0.57887865E+04  0.16298136E-23
 0.58065919E+04  0.16347439E-23
 0.58244522E+04  0.16396896E-23
 0.58423674E+04  0.16446507E-23
 0.58603377E+04  0.16496274E-23
 0.58783632E+04  0.16546196E-23
 0.58964443E+04  0.16596274E-23
 0.59145809E+04  0.16646509E-23
 0.59327733E+04  0.16696901E-23
 0.59510217E+04  0.16747450E-23
 0.59693262E+04  0.16798158E-23
 0.59876870E+04  0.16849023E-23
 0.60061042E+04  0.16900048E-23
 0.60245781E+04  0.16951232E-23
 0.60431089E+04  0.17002576E-23
 0.60616966E+04  0.17054080E-23
 0.60803416E+04  0.17105745E-23
 0.60990438E+04  0.17157571E-23
 0.61178036E+04  0.17209559E-23
 0.61366211E+04  0.17261710E-23
 0.61554965E+04  0.17314023E-23
 0.61744299E+04  0.17366500E-23
 0.61934216E+04  0.17419140E-23
 0.62124717E+04  0.17471945E-23
 0.62315804E+04  0.17524914E-23
 0.62507478E+04  0.17578049E-23
 0.62699742E+04  0.17631350E-23
 0.62892598E+04  0.17684816E-23
 0.63086046E+04  0.17738450E-23
 0.63280090E+04  0.17792251E-23
 0.63474731E+04  0.17846220E-23
 0.63669970E+04  0.17900357E-23
 0.63865810E+04  0.17954663E-23
 0.64062252E+04  0.18009138E-23
 0.64259298E+04  0.18063783E-23
 0.64456951E+04  0.18118598E-23
 0.64655211E+04  0.18173585E-23
 0.64854081E+04  0.18228742E-23
 0.65053563E+04  0.18284072E-23
 0.65253659E+04  0.18339574E-23
 0.65454370E+04  0.18395249E-23
 0.65655698E+04  0.18451098E-23
 0.65857646E+04  0.18507120E-23
 0.66060215E+04  0.18563318E-23
 0.66263406E+04  0.18619690E-23
 0.66467223E+04  0.18676238E-23
 0.66671667E+04  0.18732962E-23
 0.66876740E+04  0.18789862E-23
 0.67082443E+04  0.18846940E-23
 0.67288779E+04  0.18904196E-23
 0.67495750E+04  0.18961630E-23
 0.67703357E+04  0.19019243E-23
 0.67911603E+04  0.19077035E-23
 0.68120489E+04  0.19135007E-23
 0.68330018E+04  0.19193160E-23
 0.68540192E+04  0.19251493E-23
 0.68751012E+04  0.19310008E-23
 0.68962480E+04  0.19368706E-23
 0.69174599E+04  0.19427586E-23
 0.69387370E+04  0.19486649E-23
 0.69600796E+04  0.19545896E-23
 0.69814878E+04  0.19605327E-23
 0.70029619E+04  0.19664944E-23
 0.70245020E+04  0.19724745E-23
 0.70461083E+04  0.19784733E-23
 0.70677812E+04  0.19844908E-23
 0.70895207E+04  0.19905269E-23
 0.71113270E+04  0.19965819E-23
 0.71332004E+04  0.20026556E-23
 0.71551412E+04  0.20087483E-23
 0.71771494E+04  0.20148599E-23
 0.71992252E+04  0.20209905E-23
 0.72213690E+04  0.20271401E-23
 0.72435809E+04  0.20333089E-23
 0.72658612E+04  0.20394969E-23
 0.72882099E+04  0.20457041E-23
 0.73106274E+04  0.20519306E-23
 0.73331139E+04  0.20581764E-23
 0.73556695E+04  0.20644417E-23
 0.73782945E+04  0.20707264E-23
 0.74009891E+04  0.20770307E-23
 0.74237535E+04  0.20833545E-23
 0.74465879E+04  0.20896980E-23
 0.74694925E+04  0.20960612E-23
 0.74924676E+04  0.21024442E-23
 0.75155134E+04  0.21088470E-23
 0.75386300E+04  0.21152697E-23
 0.75618178E+04  0.21217124E-23
 0.75850769E+04  0.21281751E-23
 0.76084075E+04  0.21346578E-23
 0.76318099E+04  0.21411607E-23
 0.76552842E+04  0.21476837E-23
 0.76788308E+04  0.21542271E-23
 0.77024498E+04  0.21607907E-23
 0.77261414E+04  0.21673747E-23
 0.77499060E+04  0.21739792E-23
 0.77737436E+04  0.21806042E-23
 0.77976545E+04  0.21872497E-23
 0.78216390E+04  0.21939159E-23
 0.78456972E+04  0.22006027E-23
 0.78698295E+04  0.22073103E-23
 0.78940359E+04  0.22140388E-23
 0.79183169E+04  0.22207881E-23
 0.79426725E+04  0.22275583E-23
 0.79671030E+04  0.22343496E-23
 0.79916087E+04  0.22411620E-23
 0.80161898E+04  0.22479955E-23
 0.80408464E+04  0.22548501E-23
 0.80655789E+04  0.22617261E-23
 0.80903875E+04  0.22686234E-23
 0.81152724E+04  0.22755421E-23
 0.81402338E+04  0.22824822E-23
 0.81652720E+04  0.22894439E-23
 0.81903872E+04  0.22964272E-23
 0.82155797E+04  0.23034321E-23
 0.82408496E+04  0.23104588E-23
 0.82661973E+04  0.23175072E-23
 0.82916230E+04  0.23245775E-23
 0.83171268E+04  0.23316698E-23
 0.83427091E+04  0.23387840E-23
 0.83683701E+04  0.23459203E-23
 0.83941100E+04  0.23530787E-23
 0.84199291E+04  0.23602593E-23
 0.84458276E+04  0.23674622E-23
 0.84718058E+04  0.23746874E-23
 0.84978639E+04  0.23819349E-23
 0.85240021E+04  0.23892050E-23
 0.85502207E+04  0.23964976E-23
 0.85765200E+04  0.24038128E-23
 0.86029001E+04  0.24111507E-23
 0.86293614E+04  0.24185113E-23
 0.86559041E+04  0.24258947E-23
 0.86825285E+04  0.24333010E-23
 0.87092347E+04  0.24407303E-23
 0.87360231E+04  0.24481826E-23
 0.87628938E+04  0.24556579E-23
 0.87898472E+04  0.24631565E-23
 0.88168836E+04  0.24706782E-23
 0.88440030E+04  0.24782233E-23
 0.88712059E+04  0.24857917E-23
 0.88984925E+04  0.24933836E-23
 0.89258630E+04  0.25009990E-23
 0.89533177E+04  0.25086380E-23
 0.89808568E+04  0.25163007E-23
 0.90084807E+04  0.25239871E-23
 0.90361895E+04  0.25316973E-23
 0.90639835E+04  0.25394313E-23
 0.90918630E+04  0.25471894E-23
 0.91198283E+04  0.25549714E-23
 0.91478796E+04  0.25627776E-23
 0.91760172E+04  0.25706079E-23
 0.92042413E+04  0.25784625E-23
 0.92325522E+04  0.25863414E-23
 0.92609503E+04  0.25942446E-23
 0.92894356E+04  0.26021724E-23
 0.93180086E+04  0.26101247E-23
 0.93466695E+04  0.26181016E-23
 0.93754185E+04  0.26261032E-23
 0.94042560E+04  0.26341296E-23
 0.94331821E+04  0.26421808E-23
 0.94621973E+04  0.26502570E-23
 0.94913016E+04  0.26583581E-23
 0.95204955E+04  0.26664843E-23
 0.95497792E+04  0.26746357E-23
 0.95791530E+04  0.26828123E-23
 0.96086171E+04  0.26910142E-23
 0.96381718E+04  0.26992414E-23
 0.96678175E+04  0.27074942E-23
 0.96975543E+04  0.27157724E-23
 0.97273826E+04  0.27240763E-23
 0.97573027E+04  0.27324059E-23
 0.97873147E+04  0.27407613E-23
 0.98174191E+04  0.27491425E-23
 0.98476161E+04  0.27575496E-23
 0.98779060E+04  0.27659828E-23
 0.99082890E+04  0.27744420E-23
 0.99387655E+04  0.27829274E-23
 0.99693357E+04  0.27914390E-23
 0.10000000E+05  0.27999770E-23
