 0.10000000E+01  0.12819378E-15
 0.10030759E+01  0.12638518E-15
 0.10061612E+01  0.12462199E-15
 0.10092560E+01  0.12290305E-15
 0.10123603E+01  0.12122727E-15
 0.10154742E+01  0.11959359E-15
 0.10185976E+01  0.11800101E-15
 0.10217307E+01  0.11644854E-15
 0.10248734E+01  0.11493525E-15
 0.10280258E+01  0.11346023E-15
 0.10311878E+01  0.11202264E-15
 0.10343596E+01  0.11062163E-15
 0.10375412E+01  0.10925642E-15
 0.10407325E+01  0.10792624E-15
 0.10439336E+01  0.10663036E-15
 0.10471446E+01  0.10536808E-15
 0.10503655E+01  0.10413874E-15
 0.10535963E+01  0.10294168E-15
 0.10568370E+01  0.10177631E-15
 0.10600877E+01  0.10064203E-15
 0.10633483E+01  0.99538298E-16
 0.10666191E+01  0.98464574E-16
 0.10698998E+01  0.97420359E-16
 0.10731907E+01  0.96405178E-16
 0.10764917E+01  0.95418580E-16
 0.10798028E+01  0.94460140E-16
 0.10831241E+01  0.93529459E-16
 0.10864557E+01  0.92626162E-16
 0.10897974E+01  0.91749900E-16
 0.10931495E+01  0.90900351E-16
 0.10965119E+01  0.90077214E-16
 0.10998846E+01  0.89280216E-16
 0.11032677E+01  0.88509110E-16
 0.11066612E+01  0.87763673E-16
 0.11100651E+01  0.87043709E-16
 0.11134795E+01  0.86349048E-16
 0.11169044E+01  0.85679548E-16
 0.11203398E+01  0.85035093E-16
 0.11237859E+01  0.84415596E-16
 0.11272425E+01  0.83821000E-16
 0.11307097E+01  0.83251278E-16
 0.11341876E+01  0.82706432E-16
 0.11376762E+01  0.82186499E-16
 0.11411755E+01  0.81691547E-16
 0.11446856E+01  0.81221683E-16
 0.11482065E+01  0.80777047E-16
 0.11517382E+01  0.80357820E-16
 0.11552808E+01  0.79964223E-16
 0.11588343E+01  0.79596521E-16
 0.11623987E+01  0.79255026E-16
 0.11659741E+01  0.78940097E-16
 0.11695605E+01  0.78652146E-16
 0.11731579E+01  0.78391642E-16
 0.11767663E+01  0.78159112E-16
 0.11803859E+01  0.77955150E-16
 0.11840166E+01  0.77780418E-16
 0.11876585E+01  0.77635654E-16
 0.11913115E+01  0.77521680E-16
 0.11949758E+01  0.77439404E-16
 0.11986514E+01  0.77389834E-16
 0.12023383E+01  0.77374083E-16
 0.12060365E+01  0.77393380E-16
 0.12097461E+01  0.77449086E-16
 0.12134671E+01  0.77542699E-16
 0.12171996E+01  0.77675877E-16
 0.12209435E+01  0.77850450E-16
 0.12246989E+01  0.78068442E-16
 0.12284659E+01  0.78332090E-16
 0.12322445E+01  0.78643876E-16
 0.12360347E+01  0.79006548E-16
 0.12398366E+01  0.79423158E-16
 0.12436502E+01  0.79897105E-16
 0.12474755E+01  0.80432171E-16
 0.12513125E+01  0.81032585E-16
 0.12551614E+01  0.81703076E-16
 0.12590221E+01  0.82448952E-16
 0.12628946E+01  0.83276183E-16
 0.12667791E+01  0.84191508E-16
 0.12706756E+01  0.85202552E-16
 0.12745840E+01  0.86317978E-16
 0.12785044E+01  0.87547658E-16
 0.12824369E+01  0.88902896E-16
 0.12863815E+01  0.90396684E-16
 0.12903382E+01  0.92044029E-16
 0.12943071E+01  0.93862349E-16
 0.12982882E+01  0.95871978E-16
 0.13022816E+01  0.98096791E-16
 0.13062872E+01  0.10056501E-15
 0.13103052E+01  0.10331022E-15
 0.13143355E+01  0.10637272E-15
 0.13183782E+01  0.10980126E-15
 0.13224333E+01  0.11365538E-15
 0.13265010E+01  0.11800859E-15
 0.13305811E+01  0.12295263E-15
 0.13346738E+01  0.12860359E-15
 0.13387790E+01  0.13511046E-15
 0.13428969E+01  0.14266772E-15
 0.13470275E+01  0.15153409E-15
 0.13511708E+01  0.16206145E-15
 0.13553268E+01  0.17474085E-15
 0.13594956E+01  0.19027889E-15
 0.13636772E+01  0.20973052E-15
 0.13678716E+01  0.23474385E-15
 0.13720790E+01  0.26804516E-15
 0.13762993E+01  0.31449288E-15
 0.13805326E+01  0.38366844E-15
 0.13847790E+01  0.49745785E-15
 0.13890384E+01  0.71914371E-15
 0.13933108E+01  0.13390776E-14
 0.13975965E+01  0.12766556E-13
 0.14018953E+01  0.16248511E-14
 0.14062073E+01  0.74897357E-15
 0.14105326E+01  0.48042873E-15
 0.14148712E+01  0.35025823E-15
 0.14192231E+01  0.27348467E-15
 0.14235885E+01  0.22288718E-15
 0.14279672E+01  0.18705901E-15
 0.14323594E+01  0.16037991E-15
 0.14367652E+01  0.13975990E-15
 0.14411845E+01  0.12335950E-15
 0.14456173E+01  0.11001539E-15
 0.14500639E+01  0.98956126E-16
 0.14545241E+01  0.89650387E-16
 0.14589980E+01  0.81721101E-16
 0.14634856E+01  0.74895125E-16
 0.14679871E+01  0.68974617E-16
 0.14725024E+01  0.63828724E-16
 0.14770316E+01  0.59442002E-16
 0.14815748E+01  0.56503930E-16
 0.14861319E+01  0.15896495E-15
 0.14907030E+01  0.50457979E-16
 0.14952882E+01  0.45536667E-16
 0.14998875E+01  0.42485825E-16
 0.15045009E+01  0.39896161E-16
 0.15091286E+01  0.37581014E-16
 0.15137704E+01  0.35477665E-16
 0.15184266E+01  0.33552105E-16
 0.15230970E+01  0.31780858E-16
 0.15277819E+01  0.30145758E-16
 0.15324811E+01  0.28631938E-16
 0.15371948E+01  0.27226866E-16
 0.15419230E+01  0.25919795E-16
 0.15466657E+01  0.24701404E-16
 0.15514231E+01  0.23563540E-16
 0.15561950E+01  0.22499029E-16
 0.15609817E+01  0.21501524E-16
 0.15657830E+01  0.20565388E-16
 0.15705991E+01  0.19685590E-16
 0.15754301E+01  0.18857628E-16
 0.15802759E+01  0.18077461E-16
 0.15851366E+01  0.17341449E-16
 0.15900122E+01  0.16646303E-16
 0.15949029E+01  0.15989047E-16
 0.15998086E+01  0.15366981E-16
 0.16047294E+01  0.14777647E-16
 0.16096653E+01  0.14218804E-16
 0.16146164E+01  0.13688408E-16
 0.16195827E+01  0.13184585E-16
 0.16245643E+01  0.12705618E-16
 0.16295613E+01  0.12249931E-16
 0.16345736E+01  0.11816071E-16
 0.16396013E+01  0.11402702E-16
 0.16446445E+01  0.11008589E-16
 0.16497031E+01  0.10632591E-16
 0.16547774E+01  0.10273652E-16
 0.16598673E+01  0.99307915E-17
 0.16649728E+01  0.96031021E-17
 0.16700940E+01  0.92897387E-17
 0.16752310E+01  0.89899154E-17
 0.16803837E+01  0.87029002E-17
 0.16855524E+01  0.84280102E-17
 0.16907369E+01  0.81646082E-17
 0.16959373E+01  0.79120983E-17
 0.17011538E+01  0.76699233E-17
 0.17063863E+01  0.74375614E-17
 0.17116349E+01  0.72145233E-17
 0.17168997E+01  0.70003503E-17
 0.17221806E+01  0.67946115E-17
 0.17274778E+01  0.65969019E-17
 0.17327913E+01  0.64068407E-17
 0.17381211E+01  0.62240696E-17
 0.17434673E+01  0.60482508E-17
 0.17488300E+01  0.58790661E-17
 0.17542091E+01  0.57162152E-17
 0.17596048E+01  0.55594148E-17
 0.17650171E+01  0.54083972E-17
 0.17704460E+01  0.52629092E-17
 0.17758917E+01  0.51227118E-17
 0.17813541E+01  0.49875783E-17
 0.17868333E+01  0.48572944E-17
 0.17923293E+01  0.47316569E-17
 0.17978423E+01  0.46104734E-17
 0.18033722E+01  0.44935612E-17
 0.18089191E+01  0.43807472E-17
 0.18144831E+01  0.42718669E-17
 0.18200642E+01  0.41667641E-17
 0.18256624E+01  0.40652906E-17
 0.18312779E+01  0.39673053E-17
 0.18369106E+01  0.38726742E-17
 0.18425607E+01  0.37812700E-17
 0.18482282E+01  0.36929712E-17
 0.18539131E+01  0.36076626E-17
 0.18596154E+01  0.35252344E-17
 0.18653353E+01  0.34455819E-17
 0.18710728E+01  0.33686056E-17
 0.18768280E+01  0.32942107E-17
 0.18826009E+01  0.32223069E-17
 0.18883915E+01  0.31528082E-17
 0.18941999E+01  0.30856327E-17
 0.19000262E+01  0.30207023E-17
 0.19058704E+01  0.29579428E-17
 0.19117326E+01  0.28972832E-17
 0.19176128E+01  0.28386563E-17
 0.19235111E+01  0.27819980E-17
 0.19294276E+01  0.27272472E-17
 0.19353622E+01  0.26743459E-17
 0.19413151E+01  0.26232391E-17
 0.19472863E+01  0.25738743E-17
 0.19532759E+01  0.25262018E-17
 0.19592839E+01  0.24801748E-17
 0.19653104E+01  0.24357485E-17
 0.19713554E+01  0.23928809E-17
 0.19774190E+01  0.23515324E-17
 0.19835012E+01  0.23116655E-17
 0.19896022E+01  0.22732452E-17
 0.19957219E+01  0.22362388E-17
 0.20018605E+01  0.22006156E-17
 0.20080179E+01  0.21663474E-17
 0.20141943E+01  0.21334079E-17
 0.20203897E+01  0.21017733E-17
 0.20266041E+01  0.20714219E-17
 0.20328377E+01  0.20423343E-17
 0.20390904E+01  0.20144932E-17
 0.20453623E+01  0.19878839E-17
 0.20516536E+01  0.19624940E-17
 0.20579642E+01  0.19383136E-17
 0.20642942E+01  0.19153353E-17
 0.20706437E+01  0.18935546E-17
 0.20770127E+01  0.18729696E-17
 0.20834013E+01  0.18535816E-17
 0.20898095E+01  0.18353953E-17
 0.20962375E+01  0.18184185E-17
 0.21026852E+01  0.18026629E-17
 0.21091528E+01  0.17881445E-17
 0.21156402E+01  0.17748835E-17
 0.21221476E+01  0.17629051E-17
 0.21286750E+01  0.17522398E-17
 0.21352226E+01  0.17429245E-17
 0.21417902E+01  0.17350025E-17
 0.21483780E+01  0.17285250E-17
 0.21549861E+01  0.17235516E-17
 0.21616146E+01  0.17201518E-17
 0.21682634E+01  0.17184065E-17
 0.21749327E+01  0.17184095E-17
 0.21816224E+01  0.17202694E-17
 0.21883328E+01  0.17241127E-17
 0.21950638E+01  0.17300859E-17
 0.22018155E+01  0.17383603E-17
 0.22085880E+01  0.17491354E-17
 0.22153813E+01  0.17626455E-17
 0.22221955E+01  0.17791662E-17
 0.22290306E+01  0.17990234E-17
 0.22358868E+01  0.18226050E-17
 0.22427641E+01  0.18503747E-17
 0.22496625E+01  0.18828919E-17
 0.22565822E+01  0.19208358E-17
 0.22635231E+01  0.19650391E-17
 0.22704854E+01  0.20165330E-17
 0.22774691E+01  0.20766086E-17
 0.22844742E+01  0.21469035E-17
 0.22915009E+01  0.22295255E-17
 0.22985493E+01  0.23272329E-17
 0.23056193E+01  0.24437043E-17
 0.23127110E+01  0.25839571E-17
 0.23198246E+01  0.27550141E-17
 0.23269601E+01  0.29670153E-17
 0.23341175E+01  0.32351605E-17
 0.23412969E+01  0.35833110E-17
 0.23484984E+01  0.40511806E-17
 0.23557220E+01  0.47101151E-17
 0.23629679E+01  0.57024079E-17
 0.23702360E+01  0.73586514E-17
 0.23775265E+01  0.10663163E-16
 0.23848395E+01  0.20449550E-16
 0.23921749E+01  0.88620480E-15
 0.23995329E+01  0.20131809E-16
 0.24069135E+01  0.96492153E-17
 0.24143168E+01  0.62149180E-17
 0.24217429E+01  0.45121702E-17
 0.24291919E+01  0.34971647E-17
 0.24366637E+01  0.28246322E-17
 0.24441586E+01  0.23472515E-17
 0.24516764E+01  0.19915774E-17
 0.24592175E+01  0.17168947E-17
 0.24667817E+01  0.14988165E-17
 0.24743691E+01  0.13218477E-17
 0.24819799E+01  0.11756740E-17
 0.24896142E+01  0.10531678E-17
 0.24972719E+01  0.94925027E-18
 0.25049531E+01  0.86021080E-18
 0.25126580E+01  0.78328324E-18
 0.25203866E+01  0.71637469E-18
 0.25281389E+01  0.65788866E-18
 0.25359151E+01  0.60661085E-18
 0.25437152E+01  0.56164074E-18
 0.25515393E+01  0.52236375E-18
 0.25593875E+01  0.48847180E-18
 0.25672598E+01  0.46006244E-18
 0.25751563E+01  0.43790137E-18
 0.25830772E+01  0.42408682E-18
 0.25910223E+01  0.42386487E-18
 0.25989920E+01  0.45141231E-18
 0.26069861E+01  0.55392109E-18
 0.26150048E+01  0.99199634E-18
 0.26230482E+01  0.84482622E-17
 0.26311163E+01  0.79554305E-18
 0.26392092E+01  0.45516859E-18
 0.26473271E+01  0.34214895E-18
 0.26554699E+01  0.28570006E-18
 0.26636377E+01  0.25073258E-18
 0.26718307E+01  0.22596598E-18
 0.26800489E+01  0.20683034E-18
 0.26882923E+01  0.19117191E-18
 0.26965611E+01  0.17785625E-18
 0.27048554E+01  0.16623109E-18
 0.27131751E+01  0.15589347E-18
 0.27215205E+01  0.14657888E-18
 0.27298915E+01  0.13810449E-18
 0.27382882E+01  0.13033816E-18
 0.27467108E+01  0.12318070E-18
 0.27551593E+01  0.11655517E-18
 0.27636338E+01  0.11040020E-18
 0.27721343E+01  0.10466571E-18
 0.27806610E+01  0.99309970E-19
 0.27892139E+01  0.94297666E-19
 0.27977932E+01  0.89598461E-19
 0.28063988E+01  0.85185998E-19
 0.28150309E+01  0.81037143E-19
 0.28236895E+01  0.77131422E-19
 0.28323748E+01  0.73450581E-19
 0.28410868E+01  0.69978248E-19
 0.28498255E+01  0.66699658E-19
 0.28585912E+01  0.63601436E-19
 0.28673838E+01  0.60671418E-19
 0.28762035E+01  0.57898501E-19
 0.28850503E+01  0.55272518E-19
 0.28939243E+01  0.52784138E-19
 0.29028256E+01  0.50424769E-19
 0.29117543E+01  0.48186490E-19
 0.29207104E+01  0.46061977E-19
 0.29296941E+01  0.44044450E-19
 0.29387054E+01  0.42127620E-19
 0.29477444E+01  0.40305645E-19
 0.29568113E+01  0.38573091E-19
 0.29659060E+01  0.36924897E-19
 0.29750287E+01  0.35356342E-19
 0.29841795E+01  0.33863020E-19
 0.29933584E+01  0.32440812E-19
 0.30025656E+01  0.31085863E-19
 0.30118010E+01  0.29794567E-19
 0.30210649E+01  0.28563540E-19
 0.30303573E+01  0.27389611E-19
 0.30396782E+01  0.26269800E-19
 0.30490278E+01  0.25201310E-19
 0.30584062E+01  0.24181509E-19
 0.30678134E+01  0.23207923E-19
 0.30772496E+01  0.22278222E-19
 0.30867148E+01  0.21390210E-19
 0.30962091E+01  0.20541819E-19
 0.31057326E+01  0.19731097E-19
 0.31152853E+01  0.18956203E-19
 0.31248675E+01  0.18215400E-19
 0.31344792E+01  0.17507044E-19
 0.31441204E+01  0.16829586E-19
 0.31537913E+01  0.16181557E-19
 0.31634919E+01  0.15561571E-19
 0.31732223E+01  0.14968315E-19
 0.31829827E+01  0.14400547E-19
 0.31927731E+01  0.13857090E-19
 0.32025936E+01  0.13336831E-19
 0.32124443E+01  0.12838712E-19
 0.32223254E+01  0.12361734E-19
 0.32322368E+01  0.11904948E-19
 0.32421787E+01  0.11467456E-19
 0.32521512E+01  0.11048403E-19
 0.32621543E+01  0.10646981E-19
 0.32721882E+01  0.10262422E-19
 0.32822530E+01  0.98939992E-20
 0.32923488E+01  0.95410205E-20
 0.33024756E+01  0.92028311E-20
 0.33126335E+01  0.88788089E-20
 0.33228227E+01  0.85683644E-20
 0.33330432E+01  0.82709382E-20
 0.33432952E+01  0.79860001E-20
 0.33535787E+01  0.77130476E-20
 0.33638938E+01  0.74516047E-20
 0.33742407E+01  0.72012210E-20
 0.33846194E+01  0.69614706E-20
 0.33950300E+01  0.67319510E-20
 0.34054726E+01  0.65122825E-20
 0.34159474E+01  0.63021076E-20
 0.34264543E+01  0.61010903E-20
 0.34369936E+01  0.59089153E-20
 0.34475653E+01  0.57252883E-20
 0.34581695E+01  0.55499351E-20
 0.34688064E+01  0.53826017E-20
 0.34794759E+01  0.52230543E-20
 0.34901783E+01  0.50710795E-20
 0.35009136E+01  0.49264846E-20
 0.35116819E+01  0.47890979E-20
 0.35224834E+01  0.46587698E-20
 0.35333180E+01  0.45353734E-20
 0.35441860E+01  0.44188064E-20
 0.35550874E+01  0.43089920E-20
 0.35660224E+01  0.42058816E-20
 0.35769909E+01  0.41094575E-20
 0.35879932E+01  0.40197357E-20
 0.35990294E+01  0.39367707E-20
 0.36100995E+01  0.38606601E-20
 0.36212037E+01  0.37915515E-20
 0.36323420E+01  0.37296506E-20
 0.36435145E+01  0.36752312E-20
 0.36547215E+01  0.36286486E-20
 0.36659629E+01  0.35903564E-20
 0.36772389E+01  0.35609278E-20
 0.36885495E+01  0.35410845E-20
 0.36998950E+01  0.35317340E-20
 0.37112753E+01  0.35340200E-20
 0.37226907E+01  0.35493905E-20
 0.37341412E+01  0.35796933E-20
 0.37456268E+01  0.36273088E-20
 0.37571479E+01  0.36953418E-20
 0.37687043E+01  0.37879051E-20
 0.37802963E+01  0.39105464E-20
 0.37919240E+01  0.40709170E-20
 0.38035874E+01  0.42798534E-20
 0.38152867E+01  0.45532062E-20
 0.38270220E+01  0.49150939E-20
 0.38387933E+01  0.54040755E-20
 0.38506009E+01  0.60858244E-20
 0.38624448E+01  0.70819998E-20
 0.38743251E+01  0.86459948E-20
 0.38862420E+01  0.11407296E-19
 0.38981955E+01  0.17480496E-19
 0.39101858E+01  0.41133903E-19
 0.39222130E+01  0.90432817E-19
 0.39342772E+01  0.20529270E-19
 0.39463785E+01  0.11275793E-19
 0.39585170E+01  0.76403205E-20
 0.39706928E+01  0.57070253E-20
 0.39829061E+01  0.45124101E-20
 0.39951569E+01  0.37042494E-20
 0.40074455E+01  0.31232183E-20
 0.40197718E+01  0.26867616E-20
 0.40321361E+01  0.23478434E-20
 0.40445383E+01  0.20777130E-20
 0.40569788E+01  0.18578176E-20
 0.40694575E+01  0.16756584E-20
 0.40819745E+01  0.15225142E-20
 0.40945301E+01  0.13921209E-20
 0.41071243E+01  0.12798675E-20
 0.41197572E+01  0.11822887E-20
 0.41324290E+01  0.10967325E-20
 0.41451398E+01  0.10211379E-20
 0.41578896E+01  0.95388035E-21
 0.41706787E+01  0.89366400E-21
 0.41835071E+01  0.83944363E-21
 0.41963750E+01  0.79036792E-21
 0.42092825E+01  0.74573721E-21
 0.42222296E+01  0.70497181E-21
 0.42352166E+01  0.66758782E-21
 0.42482435E+01  0.63317848E-21
 0.42613105E+01  0.60139968E-21
 0.42744177E+01  0.57195855E-21
 0.42875652E+01  0.54460446E-21
 0.43007531E+01  0.51912174E-21
 0.43139816E+01  0.49532391E-21
 0.43272508E+01  0.47304897E-21
 0.43405608E+01  0.45215551E-21
 0.43539118E+01  0.43251961E-21
 0.43673038E+01  0.41403219E-21
 0.43807370E+01  0.39659689E-21
 0.43942115E+01  0.38012824E-21
 0.44077275E+01  0.36455017E-21
 0.44212851E+01  0.34979475E-21
 0.44348843E+01  0.33580109E-21
 0.44485254E+01  0.32251445E-21
 0.44622084E+01  0.30988548E-21
 0.44759335E+01  0.29786953E-21
 0.44897009E+01  0.28642611E-21
 0.45035105E+01  0.27551840E-21
 0.45173627E+01  0.26511281E-21
 0.45312575E+01  0.25517864E-21
 0.45451950E+01  0.24568774E-21
 0.45591753E+01  0.23661428E-21
 0.45731987E+01  0.22793444E-21
 0.45872652E+01  0.21962627E-21
 0.46013750E+01  0.21166948E-21
 0.46155282E+01  0.20404524E-21
 0.46297249E+01  0.19673611E-21
 0.46439653E+01  0.18972584E-21
 0.46582494E+01  0.18299932E-21
 0.46725776E+01  0.17654244E-21
 0.46869497E+01  0.17034200E-21
 0.47013661E+01  0.16438568E-21
 0.47158269E+01  0.15866189E-21
 0.47303321E+01  0.15315979E-21
 0.47448819E+01  0.14786916E-21
 0.47594765E+01  0.14278041E-21
 0.47741160E+01  0.13788447E-21
 0.47888005E+01  0.13317282E-21
 0.48035301E+01  0.12863740E-21
 0.48183051E+01  0.12427057E-21
 0.48331255E+01  0.12006514E-21
 0.48479915E+01  0.11601427E-21
 0.48629033E+01  0.11211149E-21
 0.48778609E+01  0.10835066E-21
 0.48928645E+01  0.10472593E-21
 0.49079142E+01  0.10123177E-21
 0.49230103E+01  0.97862898E-22
 0.49381528E+01  0.94614300E-22
 0.49533418E+01  0.91481195E-22
 0.49685776E+01  0.88459028E-22
 0.49838602E+01  0.85543455E-22
 0.49991899E+01  0.82730331E-22
 0.50145667E+01  0.80015700E-22
 0.50299908E+01  0.77395781E-22
 0.50454623E+01  0.74866964E-22
 0.50609814E+01  0.72425795E-22
 0.50765483E+01  0.70068970E-22
 0.50921630E+01  0.67793328E-22
 0.51078258E+01  0.65595843E-22
 0.51235368E+01  0.63473615E-22
 0.51392960E+01  0.61423867E-22
 0.51551038E+01  0.59443937E-22
 0.51709601E+01  0.57531272E-22
 0.51868653E+01  0.55683423E-22
 0.52028193E+01  0.53898042E-22
 0.52188225E+01  0.52172874E-22
 0.52348748E+01  0.50505754E-22
 0.52509766E+01  0.48894604E-22
 0.52671278E+01  0.47337427E-22
 0.52833288E+01  0.45832305E-22
 0.52995795E+01  0.44377394E-22
 0.53158803E+01  0.42970922E-22
 0.53322312E+01  0.41611184E-22
 0.53486324E+01  0.40296543E-22
 0.53650840E+01  0.39025422E-22
 0.53815862E+01  0.37796303E-22
 0.53981392E+01  0.36607728E-22
 0.54147431E+01  0.35458292E-22
 0.54313981E+01  0.34346643E-22
 0.54481043E+01  0.33271479E-22
 0.54648619E+01  0.32231545E-22
 0.54816711E+01  0.31225635E-22
 0.54985319E+01  0.30252585E-22
 0.55154446E+01  0.29311275E-22
 0.55324093E+01  0.28400625E-22
 0.55494262E+01  0.27519594E-22
 0.55664955E+01  0.26667179E-22
 0.55836172E+01  0.25842414E-22
 0.56007916E+01  0.25044366E-22
 0.56180189E+01  0.24272137E-22
 0.56352991E+01  0.23524860E-22
 0.56526325E+01  0.22801699E-22
 0.56700192E+01  0.22101848E-22
 0.56874594E+01  0.21424530E-22
 0.57049532E+01  0.20768993E-22
 0.57225008E+01  0.20134515E-22
 0.57401024E+01  0.19520397E-22
 0.57577581E+01  0.18925965E-22
 0.57754682E+01  0.18350568E-22
 0.57932327E+01  0.17793579E-22
 0.58110519E+01  0.17254391E-22
 0.58289258E+01  0.16732420E-22
 0.58468548E+01  0.16227100E-22
 0.58648389E+01  0.15737886E-22
 0.58828783E+01  0.15264252E-22
 0.59009732E+01  0.14805688E-22
 0.59191237E+01  0.14361705E-22
 0.59373301E+01  0.13931827E-22
 0.59555925E+01  0.13515596E-22
 0.59739111E+01  0.13112569E-22
 0.59922860E+01  0.12722320E-22
 0.60107174E+01  0.12344435E-22
 0.60292055E+01  0.11978515E-22
 0.60477505E+01  0.11624175E-22
 0.60663525E+01  0.11281041E-22
 0.60850117E+01  0.10948754E-22
 0.61037284E+01  0.10626965E-22
 0.61225026E+01  0.10315339E-22
 0.61413345E+01  0.10013550E-22
 0.61602244E+01  0.97212845E-23
 0.61791724E+01  0.94382382E-23
 0.61981786E+01  0.91641176E-23
 0.62172433E+01  0.88986389E-23
 0.62363667E+01  0.86415275E-23
 0.62555489E+01  0.83925182E-23
 0.62747901E+01  0.81513542E-23
 0.62940904E+01  0.79177875E-23
 0.63134501E+01  0.76915780E-23
 0.63328694E+01  0.74724936E-23
 0.63523484E+01  0.72603098E-23
 0.63718874E+01  0.70548096E-23
 0.63914864E+01  0.68557828E-23
 0.64111457E+01  0.66630262E-23
 0.64308655E+01  0.64763432E-23
 0.64506459E+01  0.62955437E-23
 0.64704871E+01  0.61204436E-23
 0.64903894E+01  0.59508647E-23
 0.65103530E+01  0.57866348E-23
 0.65303779E+01  0.56275871E-23
 0.65504644E+01  0.54735600E-23
 0.65706127E+01  0.53243973E-23
 0.65908230E+01  0.51799478E-23
 0.66110954E+01  0.50400650E-23
 0.66314302E+01  0.49046070E-23
 0.66518275E+01  0.47734367E-23
 0.66722876E+01  0.46464209E-23
 0.66928106E+01  0.45234310E-23
 0.67133968E+01  0.44043423E-23
 0.67340462E+01  0.42890339E-23
 0.67547592E+01  0.41773887E-23
 0.67755359E+01  0.40692935E-23
 0.67963764E+01  0.39646383E-23
 0.68172811E+01  0.38633167E-23
 0.68382501E+01  0.37652254E-23
 0.68592836E+01  0.36702645E-23
 0.68803818E+01  0.35783369E-23
 0.69015449E+01  0.34893488E-23
 0.69227730E+01  0.34032088E-23
 0.69440665E+01  0.33198287E-23
 0.69654255E+01  0.32391228E-23
 0.69868501E+01  0.31610077E-23
 0.70083407E+01  0.30854030E-23
 0.70298973E+01  0.30122303E-23
 0.70515203E+01  0.29414136E-23
 0.70732098E+01  0.28728793E-23
 0.70949660E+01  0.28065558E-23
 0.71167891E+01  0.27423738E-23
 0.71386793E+01  0.26802657E-23
 0.71606369E+01  0.26201661E-23
 0.71826620E+01  0.25620115E-23
 0.72047548E+01  0.25057401E-23
 0.72269156E+01  0.24512921E-23
 0.72491446E+01  0.23986092E-23
 0.72714419E+01  0.23476348E-23
 0.72938079E+01  0.22983141E-23
 0.73162426E+01  0.22505936E-23
 0.73387463E+01  0.22044216E-23
 0.73613192E+01  0.21597476E-23
 0.73839616E+01  0.21165227E-23
 0.74066736E+01  0.20746994E-23
 0.74294555E+01  0.20342315E-23
 0.74523074E+01  0.19950741E-23
 0.74752297E+01  0.19571837E-23
 0.74982224E+01  0.19205178E-23
 0.75212859E+01  0.18850353E-23
 0.75444203E+01  0.18506964E-23
 0.75676259E+01  0.18174621E-23
 0.75909028E+01  0.17852948E-23
 0.76142514E+01  0.17541579E-23
 0.76376717E+01  0.17240158E-23
 0.76611641E+01  0.16948342E-23
 0.76847288E+01  0.16665795E-23
 0.77083659E+01  0.16392193E-23
 0.77320757E+01  0.16127220E-23
 0.77558585E+01  0.15870572E-23
 0.77797144E+01  0.15621952E-23
 0.78036437E+01  0.15381073E-23
 0.78276466E+01  0.15147656E-23
 0.78517233E+01  0.14921432E-23
 0.78758741E+01  0.14702141E-23
 0.79000992E+01  0.14489528E-23
 0.79243988E+01  0.14283349E-23
 0.79487731E+01  0.14083368E-23
 0.79732224E+01  0.13889355E-23
 0.79977469E+01  0.13701089E-23
 0.80223468E+01  0.13518354E-23
 0.80470224E+01  0.13340945E-23
 0.80717739E+01  0.13168661E-23
 0.80966016E+01  0.13001309E-23
 0.81215056E+01  0.12838702E-23
 0.81464861E+01  0.12680661E-23
 0.81715436E+01  0.12527011E-23
 0.81966781E+01  0.12377586E-23
 0.82218899E+01  0.12232223E-23
 0.82471793E+01  0.12090767E-23
 0.82725464E+01  0.11953068E-23
 0.82979916E+01  0.11818981E-23
 0.83235150E+01  0.11688367E-23
 0.83491170E+01  0.11561093E-23
 0.83747977E+01  0.11437030E-23
 0.84005574E+01  0.11316053E-23
 0.84263963E+01  0.11198044E-23
 0.84523147E+01  0.11082888E-23
 0.84783128E+01  0.10970474E-23
 0.85043909E+01  0.10860698E-23
 0.85305492E+01  0.10753456E-23
 0.85567880E+01  0.10648653E-23
 0.85831074E+01  0.10546194E-23
 0.86095078E+01  0.10445989E-23
 0.86359895E+01  0.10347951E-23
 0.86625525E+01  0.10251999E-23
 0.86891973E+01  0.10158053E-23
 0.87159241E+01  0.10066036E-23
 0.87427330E+01  0.99758757E-24
 0.87696244E+01  0.98875022E-24
 0.87965985E+01  0.98008483E-24
 0.88236556E+01  0.97158498E-24
 0.88507959E+01  0.96324452E-24
 0.88780197E+01  0.95505756E-24
 0.89053272E+01  0.94701844E-24
 0.89327188E+01  0.93912178E-24
 0.89601945E+01  0.93136239E-24
 0.89877548E+01  0.92373533E-24
 0.90153999E+01  0.91623586E-24
 0.90431300E+01  0.90885944E-24
 0.90709454E+01  0.90160174E-24
 0.90988463E+01  0.89445860E-24
 0.91268331E+01  0.88742606E-24
 0.91549059E+01  0.88050031E-24
 0.91830651E+01  0.87367773E-24
 0.92113109E+01  0.86695484E-24
 0.92396436E+01  0.86032832E-24
 0.92680634E+01  0.85379500E-24
 0.92965707E+01  0.84735185E-24
 0.93251656E+01  0.84099595E-24
 0.93538485E+01  0.83472454E-24
 0.93826196E+01  0.82853497E-24
 0.94114792E+01  0.82242470E-24
 0.94404276E+01  0.81639131E-24
 0.94694650E+01  0.81043250E-24
 0.94985917E+01  0.80454605E-24
 0.95278080E+01  0.79872984E-24
 0.95571142E+01  0.79298186E-24
 0.95865105E+01  0.78730019E-24
 0.96159973E+01  0.78168299E-24
 0.96455747E+01  0.77612848E-24
 0.96752431E+01  0.77063501E-24
 0.97050028E+01  0.76520095E-24
 0.97348540E+01  0.75982479E-24
 0.97647970E+01  0.75450505E-24
 0.97948322E+01  0.74924034E-24
 0.98249597E+01  0.74402933E-24
 0.98551799E+01  0.73887074E-24
 0.98854930E+01  0.73376335E-24
 0.99158994E+01  0.72870601E-24
 0.99463993E+01  0.72369760E-24
 0.99769930E+01  0.71873707E-24
 0.10007681E+02  0.71382342E-24
 0.10038463E+02  0.70895605E-24
 0.10069340E+02  0.70413414E-24
 0.10100312E+02  0.69935673E-24
 0.10131379E+02  0.69462292E-24
 0.10162542E+02  0.68993185E-24
 0.10193800E+02  0.68528271E-24
 0.10225155E+02  0.68067471E-24
 0.10256606E+02  0.67610710E-24
 0.10288154E+02  0.67157918E-24
 0.10319799E+02  0.66709028E-24
 0.10351541E+02  0.66263974E-24
 0.10383381E+02  0.65822696E-24
 0.10415319E+02  0.65385135E-24
 0.10447355E+02  0.64951235E-24
 0.10479489E+02  0.64520943E-24
 0.10511723E+02  0.64094206E-24
 0.10544055E+02  0.63670978E-24
 0.10576487E+02  0.63251210E-24
 0.10609019E+02  0.62834859E-24
 0.10641651E+02  0.62421881E-24
 0.10674383E+02  0.62012235E-24
 0.10707216E+02  0.61605882E-24
 0.10740150E+02  0.61202784E-24
 0.10773185E+02  0.60802905E-24
 0.10806322E+02  0.60406209E-24
 0.10839560E+02  0.60012664E-24
 0.10872901E+02  0.59622235E-24
 0.10906345E+02  0.59234892E-24
 0.10939891E+02  0.58850605E-24
 0.10973541E+02  0.58469343E-24
 0.11007294E+02  0.58091079E-24
 0.11041151E+02  0.57715785E-24
 0.11075112E+02  0.57343433E-24
 0.11109177E+02  0.56973998E-24
 0.11143347E+02  0.56607454E-24
 0.11177623E+02  0.56243776E-24
 0.11212004E+02  0.55882941E-24
 0.11246490E+02  0.55524923E-24
 0.11281083E+02  0.55169699E-24
 0.11315782E+02  0.54817248E-24
 0.11350587E+02  0.54467546E-24
 0.11385500E+02  0.54120571E-24
 0.11420520E+02  0.53776301E-24
 0.11455648E+02  0.53434716E-24
 0.11490884E+02  0.53095793E-24
 0.11526229E+02  0.52759512E-24
 0.11561682E+02  0.52425853E-24
 0.11597244E+02  0.52094794E-24
 0.11632915E+02  0.51766316E-24
 0.11668696E+02  0.51440399E-24
 0.11704588E+02  0.51117022E-24
 0.11740589E+02  0.50796167E-24
 0.11776702E+02  0.50477813E-24
 0.11812925E+02  0.50161941E-24
 0.11849260E+02  0.49848532E-24
 0.11885707E+02  0.49537566E-24
 0.11922265E+02  0.49229025E-24
 0.11958937E+02  0.48922890E-24
 0.11995721E+02  0.48619141E-24
 0.12032618E+02  0.48317760E-24
 0.12069628E+02  0.48018729E-24
 0.12106753E+02  0.47722028E-24
 0.12143991E+02  0.47427639E-24
 0.12181345E+02  0.47135544E-24
 0.12218813E+02  0.46845725E-24
 0.12256396E+02  0.46558162E-24
 0.12294095E+02  0.46272839E-24
 0.12331910E+02  0.45989736E-24
 0.12369841E+02  0.45708836E-24
 0.12407889E+02  0.45430122E-24
 0.12446054E+02  0.45153574E-24
 0.12484336E+02  0.44879176E-24
 0.12522736E+02  0.44606909E-24
 0.12561254E+02  0.44336757E-24
 0.12599891E+02  0.44068702E-24
 0.12638646E+02  0.43802726E-24
 0.12677521E+02  0.43538812E-24
 0.12716515E+02  0.43276943E-24
 0.12755630E+02  0.43017103E-24
 0.12794864E+02  0.42759273E-24
 0.12834219E+02  0.42503437E-24
 0.12873696E+02  0.42249579E-24
 0.12913293E+02  0.41997682E-24
 0.12953013E+02  0.41747730E-24
 0.12992854E+02  0.41499705E-24
 0.13032818E+02  0.41253592E-24
 0.13072906E+02  0.41009375E-24
 0.13113116E+02  0.40767037E-24
 0.13153450E+02  0.40526564E-24
 0.13193908E+02  0.40287938E-24
 0.13234491E+02  0.40051145E-24
 0.13275198E+02  0.39816168E-24
 0.13316031E+02  0.39582993E-24
 0.13356989E+02  0.39351605E-24
 0.13398073E+02  0.39121988E-24
 0.13439284E+02  0.38894127E-24
 0.13480621E+02  0.38668007E-24
 0.13522086E+02  0.38443614E-24
 0.13563678E+02  0.38220933E-24
 0.13605398E+02  0.37999951E-24
 0.13647246E+02  0.37780651E-24
 0.13689223E+02  0.37563021E-24
 0.13731329E+02  0.37347046E-24
 0.13773565E+02  0.37132713E-24
 0.13815930E+02  0.36920007E-24
 0.13858426E+02  0.36708915E-24
 0.13901052E+02  0.36499424E-24
 0.13943810E+02  0.36291520E-24
 0.13986699E+02  0.36085190E-24
 0.14029720E+02  0.35880421E-24
 0.14072874E+02  0.35677199E-24
 0.14116160E+02  0.35475514E-24
 0.14159579E+02  0.35275350E-24
 0.14203132E+02  0.35076697E-24
 0.14246819E+02  0.34879541E-24
 0.14290640E+02  0.34683870E-24
 0.14334596E+02  0.34489672E-24
 0.14378687E+02  0.34296936E-24
 0.14422914E+02  0.34105648E-24
 0.14467277E+02  0.33915798E-24
 0.14511776E+02  0.33727373E-24
 0.14556412E+02  0.33540363E-24
 0.14601186E+02  0.33354755E-24
 0.14646097E+02  0.33170539E-24
 0.14691146E+02  0.32987703E-24
 0.14736334E+02  0.32806236E-24
 0.14781661E+02  0.32626127E-24
 0.14827127E+02  0.32447365E-24
 0.14872734E+02  0.32269941E-24
 0.14918480E+02  0.32093842E-24
 0.14964367E+02  0.31919058E-24
 0.15010395E+02  0.31745580E-24
 0.15056565E+02  0.31573397E-24
 0.15102877E+02  0.31402498E-24
 0.15149331E+02  0.31232874E-24
 0.15195929E+02  0.31064514E-24
 0.15242669E+02  0.30897410E-24
 0.15289553E+02  0.30731550E-24
 0.15336582E+02  0.30566926E-24
 0.15383755E+02  0.30403527E-24
 0.15431073E+02  0.30241345E-24
 0.15478537E+02  0.30080369E-24
 0.15526147E+02  0.29920592E-24
 0.15573903E+02  0.29762002E-24
 0.15621806E+02  0.29604593E-24
 0.15669857E+02  0.29448353E-24
 0.15718055E+02  0.29293275E-24
 0.15766401E+02  0.29139350E-24
 0.15814897E+02  0.28986569E-24
 0.15863541E+02  0.28834923E-24
 0.15912335E+02  0.28684404E-24
 0.15961279E+02  0.28535004E-24
 0.16010374E+02  0.28386713E-24
 0.16059619E+02  0.28239524E-24
 0.16109016E+02  0.28093428E-24
 0.16158565E+02  0.27948418E-24
 0.16208267E+02  0.27804485E-24
 0.16258121E+02  0.27661621E-24
 0.16308129E+02  0.27519818E-24
 0.16358290E+02  0.27379069E-24
 0.16408606E+02  0.27239366E-24
 0.16459077E+02  0.27100701E-24
 0.16509702E+02  0.26963067E-24
 0.16560484E+02  0.26826455E-24
 0.16611422E+02  0.26690859E-24
 0.16662516E+02  0.26556271E-24
 0.16713768E+02  0.26422684E-24
 0.16765177E+02  0.26290091E-24
 0.16816744E+02  0.26158484E-24
 0.16868470E+02  0.26027856E-24
 0.16920355E+02  0.25898201E-24
 0.16972400E+02  0.25769511E-24
 0.17024604E+02  0.25641779E-24
 0.17076970E+02  0.25514999E-24
 0.17129496E+02  0.25389164E-24
 0.17182184E+02  0.25264266E-24
 0.17235034E+02  0.25140300E-24
 0.17288046E+02  0.25017259E-24
 0.17341222E+02  0.24895136E-24
 0.17394561E+02  0.24773925E-24
 0.17448064E+02  0.24653619E-24
 0.17501732E+02  0.24534212E-24
 0.17555565E+02  0.24415698E-24
 0.17609563E+02  0.24298071E-24
 0.17663728E+02  0.24181323E-24
 0.17718059E+02  0.24065450E-24
 0.17772557E+02  0.23950445E-24
 0.17827223E+02  0.23836302E-24
 0.17882057E+02  0.23723015E-24
 0.17937060E+02  0.23610578E-24
 0.17992231E+02  0.23498985E-24
 0.18047573E+02  0.23388231E-24
 0.18103085E+02  0.23278310E-24
 0.18158767E+02  0.23169215E-24
 0.18214621E+02  0.23060942E-24
 0.18270647E+02  0.22953485E-24
 0.18326845E+02  0.22846838E-24
 0.18383215E+02  0.22740995E-24
 0.18439759E+02  0.22635952E-24
 0.18496478E+02  0.22531703E-24
 0.18553370E+02  0.22428242E-24
 0.18610438E+02  0.22325564E-24
 0.18667681E+02  0.22223664E-24
 0.18725100E+02  0.22122537E-24
 0.18782696E+02  0.22022177E-24
 0.18840468E+02  0.21922580E-24
 0.18898419E+02  0.21823740E-24
 0.18956548E+02  0.21725652E-24
 0.19014856E+02  0.21628311E-24
 0.19073343E+02  0.21531712E-24
 0.19132009E+02  0.21435850E-24
 0.19190857E+02  0.21340721E-24
 0.19249885E+02  0.21246319E-24
 0.19309095E+02  0.21152641E-24
 0.19368487E+02  0.21059680E-24
 0.19428062E+02  0.20967432E-24
 0.19487820E+02  0.20875893E-24
 0.19547762E+02  0.20785058E-24
 0.19607888E+02  0.20694922E-24
 0.19668199E+02  0.20605481E-24
 0.19728695E+02  0.20516730E-24
 0.19789378E+02  0.20428665E-24
 0.19850247E+02  0.20341281E-24
 0.19911304E+02  0.20254574E-24
 0.19972548E+02  0.20168540E-24
 0.20033981E+02  0.20083173E-24
 0.20095603E+02  0.19998471E-24
 0.20157414E+02  0.19914428E-24
 0.20219415E+02  0.19831040E-24
 0.20281607E+02  0.19748303E-24
 0.20343991E+02  0.19666213E-24
 0.20406566E+02  0.19584766E-24
 0.20469333E+02  0.19503958E-24
 0.20532294E+02  0.19423784E-24
 0.20595449E+02  0.19344241E-24
 0.20658797E+02  0.19265324E-24
 0.20722341E+02  0.19187029E-24
 0.20786080E+02  0.19109354E-24
 0.20850015E+02  0.19032292E-24
 0.20914147E+02  0.18955842E-24
 0.20978475E+02  0.18879998E-24
 0.21043002E+02  0.18804758E-24
 0.21107728E+02  0.18730116E-24
 0.21172652E+02  0.18656070E-24
 0.21237776E+02  0.18582615E-24
 0.21303100E+02  0.18509749E-24
 0.21368626E+02  0.18437467E-24
 0.21434353E+02  0.18365765E-24
 0.21500282E+02  0.18294640E-24
 0.21566413E+02  0.18224088E-24
 0.21632749E+02  0.18154106E-24
 0.21699288E+02  0.18084690E-24
 0.21766032E+02  0.18015837E-24
 0.21832981E+02  0.17947542E-24
 0.21900136E+02  0.17879803E-24
 0.21967498E+02  0.17812616E-24
 0.22035067E+02  0.17745978E-24
 0.22102844E+02  0.17679885E-24
 0.22170829E+02  0.17614333E-24
 0.22239023E+02  0.17549320E-24
 0.22307427E+02  0.17484842E-24
 0.22376042E+02  0.17420896E-24
 0.22444867E+02  0.17357477E-24
 0.22513904E+02  0.17294584E-24
 0.22583154E+02  0.17232212E-24
 0.22652617E+02  0.17170359E-24
 0.22722293E+02  0.17109021E-24
 0.22792183E+02  0.17048195E-24
 0.22862289E+02  0.16987878E-24
 0.22932610E+02  0.16928067E-24
 0.23003147E+02  0.16868757E-24
 0.23073902E+02  0.16809947E-24
 0.23144874E+02  0.16751633E-24
 0.23216064E+02  0.16693813E-24
 0.23287474E+02  0.16636482E-24
 0.23359102E+02  0.16579638E-24
 0.23430952E+02  0.16523277E-24
 0.23503022E+02  0.16467397E-24
 0.23575314E+02  0.16411995E-24
 0.23647828E+02  0.16357068E-24
 0.23720566E+02  0.16302612E-24
 0.23793527E+02  0.16248625E-24
 0.23866712E+02  0.16195104E-24
 0.23940123E+02  0.16142045E-24
 0.24013759E+02  0.16089447E-24
 0.24087622E+02  0.16037305E-24
 0.24161712E+02  0.15985616E-24
 0.24236030E+02  0.15934379E-24
 0.24310577E+02  0.15883590E-24
 0.24385353E+02  0.15833247E-24
 0.24460359E+02  0.15783345E-24
 0.24535595E+02  0.15733884E-24
 0.24611063E+02  0.15684859E-24
 0.24686763E+02  0.15636267E-24
 0.24762696E+02  0.15588107E-24
 0.24838863E+02  0.15540375E-24
 0.24915264E+02  0.15493069E-24
 0.24991900E+02  0.15446185E-24
 0.25068771E+02  0.15399721E-24
 0.25145879E+02  0.15353674E-24
 0.25223224E+02  0.15308042E-24
 0.25300807E+02  0.15262821E-24
 0.25378629E+02  0.15218009E-24
 0.25456690E+02  0.15173603E-24
 0.25534991E+02  0.15129601E-24
 0.25613533E+02  0.15085999E-24
 0.25692317E+02  0.15042796E-24
 0.25771343E+02  0.14999988E-24
 0.25850612E+02  0.14957572E-24
 0.25930124E+02  0.14915547E-24
 0.26009882E+02  0.14873909E-24
 0.26089885E+02  0.14832655E-24
 0.26170133E+02  0.14791784E-24
 0.26250629E+02  0.14751292E-24
 0.26331372E+02  0.14711178E-24
 0.26412364E+02  0.14671437E-24
 0.26493604E+02  0.14632068E-24
 0.26575095E+02  0.14593068E-24
 0.26656836E+02  0.14554434E-24
 0.26738829E+02  0.14516164E-24
 0.26821074E+02  0.14478256E-24
 0.26903571E+02  0.14440706E-24
 0.26986323E+02  0.14403512E-24
 0.27069329E+02  0.14366672E-24
 0.27152591E+02  0.14330183E-24
 0.27236108E+02  0.14294042E-24
 0.27319882E+02  0.14258247E-24
 0.27403915E+02  0.14222796E-24
 0.27488205E+02  0.14187686E-24
 0.27572755E+02  0.14152914E-24
 0.27657565E+02  0.14118478E-24
 0.27742636E+02  0.14084375E-24
 0.27827968E+02  0.14050604E-24
 0.27913563E+02  0.14017161E-24
 0.27999421E+02  0.13984044E-24
 0.28085543E+02  0.13951250E-24
 0.28171930E+02  0.13918777E-24
 0.28258583E+02  0.13886624E-24
 0.28345503E+02  0.13854786E-24
 0.28432689E+02  0.13823262E-24
 0.28520144E+02  0.13792049E-24
 0.28607868E+02  0.13761145E-24
 0.28695862E+02  0.13730548E-24
 0.28784126E+02  0.13700255E-24
 0.28872662E+02  0.13670263E-24
 0.28961470E+02  0.13640571E-24
 0.29050552E+02  0.13611176E-24
 0.29139907E+02  0.13582075E-24
 0.29229537E+02  0.13553267E-24
 0.29319443E+02  0.13524748E-24
 0.29409626E+02  0.13496516E-24
 0.29500085E+02  0.13468570E-24
 0.29590824E+02  0.13440907E-24
 0.29681841E+02  0.13413524E-24
 0.29773138E+02  0.13386419E-24
 0.29864716E+02  0.13359590E-24
 0.29956575E+02  0.13333035E-24
 0.30048718E+02  0.13306750E-24
 0.30141143E+02  0.13280735E-24
 0.30233853E+02  0.13254986E-24
 0.30326848E+02  0.13229502E-24
 0.30420129E+02  0.13204280E-24
 0.30513697E+02  0.13179318E-24
 0.30607553E+02  0.13154613E-24
 0.30701697E+02  0.13130164E-24
 0.30796131E+02  0.13105968E-24
 0.30890856E+02  0.13082023E-24
 0.30985872E+02  0.13058327E-24
 0.31081180E+02  0.13034877E-24
 0.31176781E+02  0.13011672E-24
 0.31272677E+02  0.12988708E-24
 0.31368867E+02  0.12965985E-24
 0.31465353E+02  0.12943500E-24
 0.31562136E+02  0.12921251E-24
 0.31659217E+02  0.12899235E-24
 0.31756596E+02  0.12877451E-24
 0.31854275E+02  0.12855896E-24
 0.31952254E+02  0.12834568E-24
 0.32050535E+02  0.12813465E-24
 0.32149118E+02  0.12792586E-24
 0.32248004E+02  0.12771927E-24
 0.32347194E+02  0.12751487E-24
 0.32446689E+02  0.12731265E-24
 0.32546491E+02  0.12711257E-24
 0.32646599E+02  0.12691462E-24
 0.32747015E+02  0.12671877E-24
 0.32847741E+02  0.12652502E-24
 0.32948776E+02  0.12633333E-24
 0.33050121E+02  0.12614369E-24
 0.33151779E+02  0.12595608E-24
 0.33253749E+02  0.12577047E-24
 0.33356033E+02  0.12558686E-24
 0.33458631E+02  0.12540521E-24
 0.33561545E+02  0.12522552E-24
 0.33664776E+02  0.12504775E-24
 0.33768324E+02  0.12487190E-24
 0.33872190E+02  0.12469794E-24
 0.33976376E+02  0.12452586E-24
 0.34080883E+02  0.12435563E-24
 0.34185711E+02  0.12418724E-24
 0.34290861E+02  0.12402067E-24
 0.34396335E+02  0.12385590E-24
 0.34502133E+02  0.12369291E-24
 0.34608257E+02  0.12353168E-24
 0.34714707E+02  0.12337221E-24
 0.34821485E+02  0.12321445E-24
 0.34928590E+02  0.12305842E-24
 0.35036026E+02  0.12290407E-24
 0.35143792E+02  0.12275140E-24
 0.35251889E+02  0.12260039E-24
 0.35360319E+02  0.12245102E-24
 0.35469082E+02  0.12230327E-24
 0.35578180E+02  0.12215713E-24
 0.35687613E+02  0.12201259E-24
 0.35797383E+02  0.12186961E-24
 0.35907491E+02  0.12172820E-24
 0.36017937E+02  0.12158832E-24
 0.36128724E+02  0.12144997E-24
 0.36239850E+02  0.12131314E-24
 0.36351319E+02  0.12117779E-24
 0.36463130E+02  0.12104392E-24
 0.36575286E+02  0.12091151E-24
 0.36687786E+02  0.12078055E-24
 0.36800633E+02  0.12065102E-24
 0.36913826E+02  0.12052290E-24
 0.37027368E+02  0.12039618E-24
 0.37141259E+02  0.12027085E-24
 0.37255500E+02  0.12014689E-24
 0.37370093E+02  0.12002428E-24
 0.37485038E+02  0.11990302E-24
 0.37600336E+02  0.11978308E-24
 0.37715990E+02  0.11966445E-24
 0.37831999E+02  0.11954712E-24
 0.37948365E+02  0.11943107E-24
 0.38065088E+02  0.11931630E-24
 0.38182171E+02  0.11920277E-24
 0.38299614E+02  0.11909049E-24
 0.38417418E+02  0.11897944E-24
 0.38535585E+02  0.11886961E-24
 0.38654115E+02  0.11876097E-24
 0.38773009E+02  0.11865353E-24
 0.38892270E+02  0.11854726E-24
 0.39011897E+02  0.11844215E-24
 0.39131892E+02  0.11833819E-24
 0.39252256E+02  0.11823537E-24
 0.39372990E+02  0.11813367E-24
 0.39494096E+02  0.11803309E-24
 0.39615574E+02  0.11793360E-24
 0.39737426E+02  0.11783520E-24
 0.39859653E+02  0.11773788E-24
 0.39982255E+02  0.11764162E-24
 0.40105235E+02  0.11754642E-24
 0.40228593E+02  0.11745225E-24
 0.40352331E+02  0.11735912E-24
 0.40476449E+02  0.11726700E-24
 0.40600948E+02  0.11717589E-24
 0.40725831E+02  0.11708577E-24
 0.40851098E+02  0.11699664E-24
 0.40976750E+02  0.11690848E-24
 0.41102789E+02  0.11682128E-24
 0.41229215E+02  0.11673503E-24
 0.41356030E+02  0.11664973E-24
 0.41483236E+02  0.11656536E-24
 0.41610832E+02  0.11648190E-24
 0.41738821E+02  0.11639936E-24
 0.41867204E+02  0.11631772E-24
 0.41995982E+02  0.11623697E-24
 0.42125155E+02  0.11615710E-24
 0.42254726E+02  0.11607810E-24
 0.42384696E+02  0.11599996E-24
 0.42515065E+02  0.11592267E-24
 0.42645835E+02  0.11584623E-24
 0.42777008E+02  0.11577062E-24
 0.42908584E+02  0.11569583E-24
 0.43040565E+02  0.11562186E-24
 0.43172951E+02  0.11554870E-24
 0.43305745E+02  0.11547633E-24
 0.43438947E+02  0.11540475E-24
 0.43572559E+02  0.11533395E-24
 0.43706582E+02  0.11526393E-24
 0.43841018E+02  0.11519466E-24
 0.43975866E+02  0.11512615E-24
 0.44111130E+02  0.11505839E-24
 0.44246810E+02  0.11499137E-24
 0.44382906E+02  0.11492507E-24
 0.44519422E+02  0.11485951E-24
 0.44656357E+02  0.11479465E-24
 0.44793714E+02  0.11473050E-24
 0.44931493E+02  0.11466706E-24
 0.45069696E+02  0.11460430E-24
 0.45208324E+02  0.11454223E-24
 0.45347378E+02  0.11448084E-24
 0.45486860E+02  0.11442012E-24
 0.45626772E+02  0.11436007E-24
 0.45767113E+02  0.11430067E-24
 0.45907886E+02  0.11424192E-24
 0.46049092E+02  0.11418381E-24
 0.46190733E+02  0.11412634E-24
 0.46332809E+02  0.11406950E-24
 0.46475322E+02  0.11401328E-24
 0.46618273E+02  0.11395768E-24
 0.46761665E+02  0.11390268E-24
 0.46905497E+02  0.11384830E-24
 0.47049772E+02  0.11379451E-24
 0.47194490E+02  0.11374131E-24
 0.47339654E+02  0.11368870E-24
 0.47485264E+02  0.11363667E-24
 0.47631321E+02  0.11358521E-24
 0.47777829E+02  0.11353432E-24
 0.47924786E+02  0.11348399E-24
 0.48072196E+02  0.11343422E-24
 0.48220060E+02  0.11338500E-24
 0.48368378E+02  0.11333633E-24
 0.48517152E+02  0.11328820E-24
 0.48666384E+02  0.11324060E-24
 0.48816075E+02  0.11319354E-24
 0.48966226E+02  0.11314700E-24
 0.49116839E+02  0.11310098E-24
 0.49267916E+02  0.11305547E-24
 0.49419457E+02  0.11301048E-24
 0.49571464E+02  0.11296599E-24
 0.49723939E+02  0.11292200E-24
 0.49876882E+02  0.11287850E-24
 0.50030297E+02  0.11283550E-24
 0.50184183E+02  0.11279298E-24
 0.50338542E+02  0.11275095E-24
 0.50493376E+02  0.11270939E-24
 0.50648687E+02  0.11266831E-24
 0.50804475E+02  0.11262770E-24
 0.50960742E+02  0.11258755E-24
 0.51117490E+02  0.11254786E-24
 0.51274720E+02  0.11250863E-24
 0.51432434E+02  0.11246985E-24
 0.51590633E+02  0.11243152E-24
 0.51749319E+02  0.11239364E-24
 0.51908492E+02  0.11235619E-24
 0.52068155E+02  0.11231919E-24
 0.52228309E+02  0.11228261E-24
 0.52388956E+02  0.11224647E-24
 0.52550097E+02  0.11221075E-24
 0.52711734E+02  0.11217546E-24
 0.52873868E+02  0.11214058E-24
 0.53036500E+02  0.11210612E-24
 0.53199633E+02  0.11207208E-24
 0.53363268E+02  0.11203844E-24
 0.53527405E+02  0.11200520E-24
 0.53692048E+02  0.11197237E-24
 0.53857197E+02  0.11193994E-24
 0.54022854E+02  0.11190791E-24
 0.54189021E+02  0.11187627E-24
 0.54355699E+02  0.11184501E-24
 0.54522889E+02  0.11181415E-24
 0.54690594E+02  0.11178367E-24
 0.54858814E+02  0.11175357E-24
 0.55027552E+02  0.11172385E-24
 0.55196809E+02  0.11169451E-24
 0.55366587E+02  0.11166554E-24
 0.55536886E+02  0.11163694E-24
 0.55707710E+02  0.11160871E-24
 0.55879059E+02  0.11158084E-24
 0.56050935E+02  0.11155334E-24
 0.56223340E+02  0.11152619E-24
 0.56396275E+02  0.11149941E-24
 0.56569742E+02  0.11147298E-24
 0.56743742E+02  0.11144690E-24
 0.56918278E+02  0.11142117E-24
 0.57093350E+02  0.11139580E-24
 0.57268961E+02  0.11137077E-24
 0.57445113E+02  0.11134608E-24
 0.57621806E+02  0.11132174E-24
 0.57799042E+02  0.11129773E-24
 0.57976824E+02  0.11127406E-24
 0.58155152E+02  0.11125073E-24
 0.58334029E+02  0.11122774E-24
 0.58513456E+02  0.11120507E-24
 0.58693435E+02  0.11118274E-24
 0.58873968E+02  0.11116073E-24
 0.59055056E+02  0.11113905E-24
 0.59236701E+02  0.11111770E-24
 0.59418905E+02  0.11109667E-24
 0.59601669E+02  0.11107596E-24
 0.59784995E+02  0.11105557E-24
 0.59968885E+02  0.11103549E-24
 0.60153341E+02  0.11101574E-24
 0.60338364E+02  0.11099629E-24
 0.60523956E+02  0.11097717E-24
 0.60710119E+02  0.11095835E-24
 0.60896855E+02  0.11093984E-24
 0.61084165E+02  0.11092165E-24
 0.61272051E+02  0.11090376E-24
 0.61460516E+02  0.11088617E-24
 0.61649559E+02  0.11086889E-24
 0.61839185E+02  0.11085192E-24
 0.62029393E+02  0.11083524E-24
 0.62220187E+02  0.11081887E-24
 0.62411567E+02  0.11080280E-24
 0.62603536E+02  0.11078702E-24
 0.62796096E+02  0.11077154E-24
 0.62989248E+02  0.11075636E-24
 0.63182994E+02  0.11074148E-24
 0.63377336E+02  0.11072689E-24
 0.63572275E+02  0.11071259E-24
 0.63767815E+02  0.11069858E-24
 0.63963955E+02  0.11068487E-24
 0.64160699E+02  0.11067144E-24
 0.64358049E+02  0.11065830E-24
 0.64556005E+02  0.11064546E-24
 0.64754570E+02  0.11063290E-24
 0.64953746E+02  0.11062062E-24
 0.65153534E+02  0.11060864E-24
 0.65353937E+02  0.11059693E-24
 0.65554957E+02  0.11058551E-24
 0.65756594E+02  0.11057438E-24
 0.65958852E+02  0.11056353E-24
 0.66161732E+02  0.11055296E-24
 0.66365237E+02  0.11054267E-24
 0.66569367E+02  0.11053266E-24
 0.66774125E+02  0.11052294E-24
 0.66979512E+02  0.11051349E-24
 0.67185532E+02  0.11050432E-24
 0.67392185E+02  0.11049543E-24
 0.67599474E+02  0.11048682E-24
 0.67807400E+02  0.11047849E-24
 0.68015966E+02  0.11047043E-24
 0.68225173E+02  0.11046265E-24
 0.68435024E+02  0.11045515E-24
 0.68645521E+02  0.11044792E-24
 0.68856665E+02  0.11044097E-24
 0.69068458E+02  0.11043429E-24
 0.69280903E+02  0.11042789E-24
 0.69494001E+02  0.11042176E-24
 0.69707755E+02  0.11041591E-24
 0.69922166E+02  0.11041033E-24
 0.70137236E+02  0.11040502E-24
 0.70352969E+02  0.11039999E-24
 0.70569364E+02  0.11039523E-24
 0.70786426E+02  0.11039075E-24
 0.71004155E+02  0.11038653E-24
 0.71222553E+02  0.11038259E-24
 0.71441624E+02  0.11037893E-24
 0.71661368E+02  0.11037553E-24
 0.71881788E+02  0.11037241E-24
 0.72102886E+02  0.11036956E-24
 0.72324665E+02  0.11036699E-24
 0.72547125E+02  0.11036468E-24
 0.72770270E+02  0.11036265E-24
 0.72994101E+02  0.11036089E-24
 0.73218620E+02  0.11035940E-24
 0.73443830E+02  0.11035819E-24
 0.73669733E+02  0.11035725E-24
 0.73896331E+02  0.11035658E-24
 0.74123625E+02  0.11035619E-24
 0.74351619E+02  0.11035606E-24
 0.74580314E+02  0.11035621E-24
 0.74809713E+02  0.11035664E-24
 0.75039817E+02  0.11035734E-24
 0.75270628E+02  0.11035831E-24
 0.75502150E+02  0.11035955E-24
 0.75734384E+02  0.11036107E-24
 0.75967332E+02  0.11036287E-24
 0.76200997E+02  0.11036494E-24
 0.76435380E+02  0.11036728E-24
 0.76670485E+02  0.11036990E-24
 0.76906312E+02  0.11037279E-24
 0.77142865E+02  0.11037597E-24
 0.77380146E+02  0.11037941E-24
 0.77618156E+02  0.11038314E-24
 0.77856898E+02  0.11038714E-24
 0.78096375E+02  0.11039142E-24
 0.78336589E+02  0.11039598E-24
 0.78577541E+02  0.11040081E-24
 0.78819234E+02  0.11040593E-24
 0.79061671E+02  0.11041132E-24
 0.79304853E+02  0.11041700E-24
 0.79548784E+02  0.11042295E-24
 0.79793465E+02  0.11042919E-24
 0.80038898E+02  0.11043571E-24
 0.80285086E+02  0.11044251E-24
 0.80532032E+02  0.11044959E-24
 0.80779737E+02  0.11045696E-24
 0.81028204E+02  0.11046461E-24
 0.81277435E+02  0.11047254E-24
 0.81527433E+02  0.11048076E-24
 0.81778200E+02  0.11048927E-24
 0.82029738E+02  0.11049806E-24
 0.82282050E+02  0.11050714E-24
 0.82535138E+02  0.11051651E-24
 0.82789004E+02  0.11052616E-24
 0.83043651E+02  0.11053611E-24
 0.83299082E+02  0.11054634E-24
 0.83555298E+02  0.11055687E-24
 0.83812302E+02  0.11056769E-24
 0.84070097E+02  0.11057880E-24
 0.84328684E+02  0.11059021E-24
 0.84588067E+02  0.11060191E-24
 0.84848248E+02  0.11061390E-24
 0.85109230E+02  0.11062619E-24
 0.85371013E+02  0.11063878E-24
 0.85633603E+02  0.11065166E-24
 0.85896999E+02  0.11066484E-24
 0.86161206E+02  0.11067833E-24
 0.86426226E+02  0.11069211E-24
 0.86692061E+02  0.11070619E-24
 0.86958713E+02  0.11072058E-24
 0.87226186E+02  0.11073527E-24
 0.87494481E+02  0.11075026E-24
 0.87763602E+02  0.11076556E-24
 0.88033550E+02  0.11078117E-24
 0.88304329E+02  0.11079708E-24
 0.88575940E+02  0.11081330E-24
 0.88848387E+02  0.11082983E-24
 0.89121672E+02  0.11084668E-24
 0.89395798E+02  0.11086383E-24
 0.89670767E+02  0.11088130E-24
 0.89946581E+02  0.11089908E-24
 0.90223244E+02  0.11091717E-24
 0.90500758E+02  0.11093558E-24
 0.90779126E+02  0.11095431E-24
 0.91058349E+02  0.11097336E-24
 0.91338432E+02  0.11099272E-24
 0.91619376E+02  0.11101241E-24
 0.91901184E+02  0.11103242E-24
 0.92183859E+02  0.11105276E-24
 0.92467404E+02  0.11107341E-24
 0.92751820E+02  0.11109440E-24
 0.93037112E+02  0.11111571E-24
 0.93323280E+02  0.11113735E-24
 0.93610330E+02  0.11115932E-24
 0.93898262E+02  0.11118162E-24
 0.94187079E+02  0.11120425E-24
 0.94476786E+02  0.11122721E-24
 0.94767383E+02  0.11125052E-24
 0.95058874E+02  0.11127415E-24
 0.95351261E+02  0.11129813E-24
 0.95644548E+02  0.11132244E-24
 0.95938737E+02  0.11134710E-24
 0.96233831E+02  0.11137210E-24
 0.96529833E+02  0.11139744E-24
 0.96826745E+02  0.11142312E-24
 0.97124570E+02  0.11144916E-24
 0.97423312E+02  0.11147554E-24
 0.97722972E+02  0.11150227E-24
 0.98023554E+02  0.11152935E-24
 0.98325060E+02  0.11155678E-24
 0.98627494E+02  0.11158457E-24
 0.98930858E+02  0.11161271E-24
 0.99235156E+02  0.11164121E-24
 0.99540389E+02  0.11167007E-24
 0.99846561E+02  0.11169929E-24
 0.10015367E+03  0.11172887E-24
 0.10046173E+03  0.11175881E-24
 0.10077074E+03  0.11178912E-24
 0.10108070E+03  0.11181979E-24
 0.10139161E+03  0.11185084E-24
 0.10170347E+03  0.11188225E-24
 0.10201630E+03  0.11191404E-24
 0.10233008E+03  0.11194619E-24
 0.10264484E+03  0.11197873E-24
 0.10296056E+03  0.11201164E-24
 0.10327725E+03  0.11204493E-24
 0.10359492E+03  0.11207860E-24
 0.10391356E+03  0.11211265E-24
 0.10423318E+03  0.11214708E-24
 0.10455379E+03  0.11218190E-24
 0.10487538E+03  0.11221711E-24
 0.10519796E+03  0.11225271E-24
 0.10552154E+03  0.11228870E-24
 0.10584611E+03  0.11232508E-24
 0.10617168E+03  0.11236185E-24
 0.10649824E+03  0.11239902E-24
 0.10682582E+03  0.11243659E-24
 0.10715440E+03  0.11247456E-24
 0.10748399E+03  0.11251294E-24
 0.10781460E+03  0.11255171E-24
 0.10814622E+03  0.11259089E-24
 0.10847886E+03  0.11263048E-24
 0.10881253E+03  0.11267048E-24
 0.10914722E+03  0.11271089E-24
 0.10948294E+03  0.11275172E-24
 0.10981969E+03  0.11279296E-24
 0.11015748E+03  0.11283462E-24
 0.11049631E+03  0.11287670E-24
 0.11083618E+03  0.11291920E-24
 0.11117710E+03  0.11296212E-24
 0.11151906E+03  0.11300547E-24
 0.11186208E+03  0.11304925E-24
 0.11220615E+03  0.11309346E-24
 0.11255128E+03  0.11313810E-24
 0.11289747E+03  0.11318317E-24
 0.11324473E+03  0.11322868E-24
 0.11359306E+03  0.11327463E-24
 0.11394245E+03  0.11332101E-24
 0.11429292E+03  0.11336785E-24
 0.11464447E+03  0.11341512E-24
 0.11499710E+03  0.11346284E-24
 0.11535082E+03  0.11351101E-24
 0.11570562E+03  0.11355964E-24
 0.11606151E+03  0.11360871E-24
 0.11641850E+03  0.11365824E-24
 0.11677659E+03  0.11370823E-24
 0.11713578E+03  0.11375868E-24
 0.11749607E+03  0.11380959E-24
 0.11785747E+03  0.11386097E-24
 0.11821998E+03  0.11391281E-24
 0.11858361E+03  0.11396513E-24
 0.11894836E+03  0.11401791E-24
 0.11931423E+03  0.11407117E-24
 0.11968122E+03  0.11412490E-24
 0.12004934E+03  0.11417911E-24
 0.12041860E+03  0.11423380E-24
 0.12078899E+03  0.11428898E-24
 0.12116052E+03  0.11434464E-24
 0.12153319E+03  0.11440079E-24
 0.12190701E+03  0.11445743E-24
 0.12228198E+03  0.11451456E-24
 0.12265810E+03  0.11457219E-24
 0.12303538E+03  0.11463031E-24
 0.12341382E+03  0.11468893E-24
 0.12379342E+03  0.11474806E-24
 0.12417419E+03  0.11480769E-24
 0.12455613E+03  0.11486783E-24
 0.12493925E+03  0.11492847E-24
 0.12532355E+03  0.11498963E-24
 0.12570902E+03  0.11505131E-24
 0.12609569E+03  0.11511350E-24
 0.12648354E+03  0.11517621E-24
 0.12687259E+03  0.11523944E-24
 0.12726283E+03  0.11530320E-24
 0.12765427E+03  0.11536748E-24
 0.12804692E+03  0.11543229E-24
 0.12844077E+03  0.11549764E-24
 0.12883584E+03  0.11556352E-24
 0.12923212E+03  0.11562994E-24
 0.12962962E+03  0.11569690E-24
 0.13002834E+03  0.11576440E-24
 0.13042829E+03  0.11583245E-24
 0.13082947E+03  0.11590104E-24
 0.13123188E+03  0.11597019E-24
 0.13163553E+03  0.11603989E-24
 0.13204042E+03  0.11611014E-24
 0.13244656E+03  0.11618095E-24
 0.13285395E+03  0.11625233E-24
 0.13326259E+03  0.11632427E-24
 0.13367248E+03  0.11639677E-24
 0.13408364E+03  0.11646984E-24
 0.13449606E+03  0.11654349E-24
 0.13490975E+03  0.11661771E-24
 0.13532472E+03  0.11669251E-24
 0.13574096E+03  0.11676789E-24
 0.13615848E+03  0.11684385E-24
 0.13657728E+03  0.11692040E-24
 0.13699737E+03  0.11699753E-24
 0.13741876E+03  0.11707526E-24
 0.13784144E+03  0.11715358E-24
 0.13826542E+03  0.11723250E-24
 0.13869070E+03  0.11731202E-24
 0.13911730E+03  0.11739214E-24
 0.13954520E+03  0.11747287E-24
 0.13997442E+03  0.11755420E-24
 0.14040496E+03  0.11763615E-24
 0.14083683E+03  0.11771871E-24
 0.14127002E+03  0.11780188E-24
 0.14170455E+03  0.11788568E-24
 0.14214041E+03  0.11797010E-24
 0.14257762E+03  0.11805514E-24
 0.14301617E+03  0.11814082E-24
 0.14345606E+03  0.11822712E-24
 0.14389731E+03  0.11831406E-24
 0.14433992E+03  0.11840164E-24
 0.14478389E+03  0.11848985E-24
 0.14522922E+03  0.11857871E-24
 0.14567593E+03  0.11866822E-24
 0.14612401E+03  0.11875837E-24
 0.14657346E+03  0.11884918E-24
 0.14702430E+03  0.11894064E-24
 0.14747653E+03  0.11903276E-24
 0.14793015E+03  0.11912554E-24
 0.14838516E+03  0.11921898E-24
 0.14884157E+03  0.11931309E-24
 0.14929939E+03  0.11940787E-24
 0.14975861E+03  0.11950333E-24
 0.15021925E+03  0.11959946E-24
 0.15068130E+03  0.11969626E-24
 0.15114477E+03  0.11979376E-24
 0.15160967E+03  0.11989193E-24
 0.15207600E+03  0.11999080E-24
 0.15254377E+03  0.12009035E-24
 0.15301297E+03  0.12019060E-24
 0.15348362E+03  0.12029155E-24
 0.15395571E+03  0.12039320E-24
 0.15442926E+03  0.12049555E-24
 0.15490426E+03  0.12059861E-24
 0.15538072E+03  0.12070238E-24
 0.15585865E+03  0.12080686E-24
 0.15633805E+03  0.12091206E-24
 0.15681892E+03  0.12101798E-24
 0.15730128E+03  0.12112462E-24
 0.15778511E+03  0.12123199E-24
 0.15827044E+03  0.12134008E-24
 0.15875725E+03  0.12144891E-24
 0.15924557E+03  0.12155847E-24
 0.15973539E+03  0.12166878E-24
 0.16022671E+03  0.12177982E-24
 0.16071954E+03  0.12189161E-24
 0.16121389E+03  0.12200414E-24
 0.16170976E+03  0.12211743E-24
 0.16220716E+03  0.12223147E-24
 0.16270609E+03  0.12234627E-24
 0.16320655E+03  0.12246183E-24
 0.16370855E+03  0.12257815E-24
 0.16421209E+03  0.12269524E-24
 0.16471719E+03  0.12281311E-24
 0.16522383E+03  0.12293174E-24
 0.16573204E+03  0.12305115E-24
 0.16624181E+03  0.12317135E-24
 0.16675314E+03  0.12329232E-24
 0.16726605E+03  0.12341409E-24
 0.16778054E+03  0.12353664E-24
 0.16829661E+03  0.12365999E-24
 0.16881426E+03  0.12378414E-24
 0.16933351E+03  0.12390908E-24
 0.16985436E+03  0.12403483E-24
 0.17037681E+03  0.12416138E-24
 0.17090086E+03  0.12428875E-24
 0.17142653E+03  0.12441693E-24
 0.17195381E+03  0.12454592E-24
 0.17248272E+03  0.12467574E-24
 0.17301325E+03  0.12480638E-24
 0.17354541E+03  0.12493784E-24
 0.17407921E+03  0.12507014E-24
 0.17461466E+03  0.12520327E-24
 0.17515175E+03  0.12533724E-24
 0.17569049E+03  0.12547204E-24
 0.17623089E+03  0.12560769E-24
 0.17677295E+03  0.12574419E-24
 0.17731668E+03  0.12588154E-24
 0.17786208E+03  0.12601974E-24
 0.17840916E+03  0.12615880E-24
 0.17895792E+03  0.12629872E-24
 0.17950837E+03  0.12643951E-24
 0.18006051E+03  0.12658116E-24
 0.18061435E+03  0.12672368E-24
 0.18116989E+03  0.12686708E-24
 0.18172715E+03  0.12701135E-24
 0.18228611E+03  0.12715651E-24
 0.18284680E+03  0.12730255E-24
 0.18340921E+03  0.12744948E-24
 0.18397335E+03  0.12759730E-24
 0.18453923E+03  0.12774602E-24
 0.18510684E+03  0.12789563E-24
 0.18567621E+03  0.12804615E-24
 0.18624732E+03  0.12819757E-24
 0.18682019E+03  0.12834991E-24
 0.18739482E+03  0.12850315E-24
 0.18797122E+03  0.12865731E-24
 0.18854939E+03  0.12881239E-24
 0.18912935E+03  0.12896840E-24
 0.18971108E+03  0.12912533E-24
 0.19029460E+03  0.12928319E-24
 0.19087992E+03  0.12944199E-24
 0.19146704E+03  0.12960172E-24
 0.19205597E+03  0.12976239E-24
 0.19264671E+03  0.12992401E-24
 0.19323926E+03  0.13008658E-24
 0.19383364E+03  0.13025010E-24
 0.19442984E+03  0.13041457E-24
 0.19502788E+03  0.13058001E-24
 0.19562776E+03  0.13074641E-24
 0.19622948E+03  0.13091377E-24
 0.19683305E+03  0.13108211E-24
 0.19743849E+03  0.13125142E-24
 0.19804578E+03  0.13142170E-24
 0.19865494E+03  0.13159297E-24
 0.19926597E+03  0.13176523E-24
 0.19987889E+03  0.13193847E-24
 0.20049369E+03  0.13211271E-24
 0.20111038E+03  0.13228794E-24
 0.20172896E+03  0.13246417E-24
 0.20234945E+03  0.13264141E-24
 0.20297185E+03  0.13281966E-24
 0.20359616E+03  0.13299893E-24
 0.20422240E+03  0.13317920E-24
 0.20485056E+03  0.13336051E-24
 0.20548065E+03  0.13354283E-24
 0.20611268E+03  0.13372619E-24
 0.20674665E+03  0.13391058E-24
 0.20738257E+03  0.13409601E-24
 0.20802045E+03  0.13428248E-24
 0.20866029E+03  0.13447000E-24
 0.20930210E+03  0.13465857E-24
 0.20994589E+03  0.13484821E-24
 0.21059165E+03  0.13503890E-24
 0.21123940E+03  0.13523066E-24
 0.21188914E+03  0.13542350E-24
 0.21254088E+03  0.13561742E-24
 0.21319463E+03  0.13581242E-24
 0.21385039E+03  0.13600852E-24
 0.21450816E+03  0.13620572E-24
 0.21516796E+03  0.13640402E-24
 0.21582978E+03  0.13660344E-24
 0.21649364E+03  0.13680399E-24
 0.21715955E+03  0.13700567E-24
 0.21782750E+03  0.13720849E-24
 0.21849750E+03  0.13741248E-24
 0.21916957E+03  0.13761763E-24
 0.21984371E+03  0.13782397E-24
 0.22051991E+03  0.13803152E-24
 0.22119820E+03  0.13824029E-24
 0.22187858E+03  0.13845031E-24
 0.22256104E+03  0.13866161E-24
 0.22324561E+03  0.13887423E-24
 0.22393228E+03  0.13908820E-24
 0.22462107E+03  0.13930359E-24
 0.22531197E+03  0.13952046E-24
 0.22600500E+03  0.13973889E-24
 0.22670016E+03  0.13995901E-24
 0.22739745E+03  0.14018095E-24
 0.22809689E+03  0.14040492E-24
 0.22879849E+03  0.14063119E-24
 0.22950224E+03  0.14086016E-24
 0.23020816E+03  0.14109239E-24
 0.23091624E+03  0.14132873E-24
 0.23162651E+03  0.14157050E-24
 0.23233896E+03  0.14181987E-24
 0.23305360E+03  0.14208056E-24
 0.23377044E+03  0.14235944E-24
 0.23448949E+03  0.14267040E-24
 0.23521074E+03  0.14304512E-24
 0.23593422E+03  0.14356967E-24
 0.23665992E+03  0.14455237E-24
 0.23738785E+03  0.14786292E-24
 0.23811802E+03  0.21711624E-24
 0.23885044E+03  0.15767803E-24
 0.23958511E+03  0.14649291E-24
 0.24032204E+03  0.14523631E-24
 0.24106123E+03  0.14501411E-24
 0.24180270E+03  0.14505540E-24
 0.24254646E+03  0.14519394E-24
 0.24329249E+03  0.14537693E-24
 0.24404083E+03  0.14558341E-24
 0.24479146E+03  0.14580372E-24
 0.24554441E+03  0.14603292E-24
 0.24629967E+03  0.14626826E-24
 0.24705725E+03  0.14650814E-24
 0.24781716E+03  0.14675154E-24
 0.24857941E+03  0.14699782E-24
 0.24934401E+03  0.14724656E-24
 0.25011095E+03  0.14749744E-24
 0.25088026E+03  0.14775027E-24
 0.25165193E+03  0.14800490E-24
 0.25242598E+03  0.14826120E-24
 0.25320240E+03  0.14851911E-24
 0.25398122E+03  0.14877856E-24
 0.25476243E+03  0.14903950E-24
 0.25554604E+03  0.14930190E-24
 0.25633206E+03  0.14956573E-24
 0.25712050E+03  0.14983097E-24
 0.25791137E+03  0.15009761E-24
 0.25870467E+03  0.15036563E-24
 0.25950041E+03  0.15063502E-24
 0.26029859E+03  0.15090578E-24
 0.26109924E+03  0.15117790E-24
 0.26190234E+03  0.15145137E-24
 0.26270792E+03  0.15172620E-24
 0.26351597E+03  0.15200238E-24
 0.26432650E+03  0.15227991E-24
 0.26513954E+03  0.15255879E-24
 0.26595507E+03  0.15283902E-24
 0.26677311E+03  0.15312061E-24
 0.26759366E+03  0.15340355E-24
 0.26841674E+03  0.15368784E-24
 0.26924236E+03  0.15397349E-24
 0.27007051E+03  0.15426050E-24
 0.27090121E+03  0.15454888E-24
 0.27173446E+03  0.15483861E-24
 0.27257028E+03  0.15512972E-24
 0.27340866E+03  0.15542219E-24
 0.27424963E+03  0.15571603E-24
 0.27509318E+03  0.15601126E-24
 0.27593933E+03  0.15630786E-24
 0.27678808E+03  0.15660584E-24
 0.27763944E+03  0.15690521E-24
 0.27849342E+03  0.15720597E-24
 0.27935003E+03  0.15750812E-24
 0.28020927E+03  0.15781166E-24
 0.28107115E+03  0.15811661E-24
 0.28193569E+03  0.15842296E-24
 0.28280288E+03  0.15873071E-24
 0.28367274E+03  0.15903988E-24
 0.28454528E+03  0.15935046E-24
 0.28542050E+03  0.15966246E-24
 0.28629841E+03  0.15997587E-24
 0.28717903E+03  0.16029072E-24
 0.28806235E+03  0.16060699E-24
 0.28894839E+03  0.16092470E-24
 0.28983715E+03  0.16124384E-24
 0.29072865E+03  0.16156442E-24
 0.29162289E+03  0.16188645E-24
 0.29251988E+03  0.16220992E-24
 0.29341963E+03  0.16253485E-24
 0.29432215E+03  0.16286123E-24
 0.29522744E+03  0.16318908E-24
 0.29613552E+03  0.16351838E-24
 0.29704639E+03  0.16384916E-24
 0.29796006E+03  0.16418140E-24
 0.29887654E+03  0.16451513E-24
 0.29979584E+03  0.16485033E-24
 0.30071797E+03  0.16518701E-24
 0.30164294E+03  0.16552518E-24
 0.30257075E+03  0.16586485E-24
 0.30350142E+03  0.16620601E-24
 0.30443494E+03  0.16654867E-24
 0.30537134E+03  0.16689283E-24
 0.30631062E+03  0.16723850E-24
 0.30725279E+03  0.16758569E-24
 0.30819785E+03  0.16793439E-24
 0.30914583E+03  0.16828461E-24
 0.31009672E+03  0.16863635E-24
 0.31105053E+03  0.16898962E-24
 0.31200728E+03  0.16934442E-24
 0.31296697E+03  0.16970077E-24
 0.31392961E+03  0.17005865E-24
 0.31489521E+03  0.17041807E-24
 0.31586378E+03  0.17077905E-24
 0.31683534E+03  0.17114157E-24
 0.31780988E+03  0.17150566E-24
 0.31878741E+03  0.17187131E-24
 0.31976796E+03  0.17223852E-24
 0.32075152E+03  0.17260730E-24
 0.32173811E+03  0.17297766E-24
 0.32272773E+03  0.17334959E-24
 0.32372039E+03  0.17372311E-24
 0.32471611E+03  0.17409821E-24
 0.32571489E+03  0.17447490E-24
 0.32671674E+03  0.17485319E-24
 0.32772168E+03  0.17523308E-24
 0.32872970E+03  0.17561457E-24
 0.32974083E+03  0.17599767E-24
 0.33075506E+03  0.17638239E-24
 0.33177242E+03  0.17676871E-24
 0.33279290E+03  0.17715666E-24
 0.33381653E+03  0.17754624E-24
 0.33484330E+03  0.17793744E-24
 0.33587323E+03  0.17833028E-24
 0.33690633E+03  0.17872476E-24
 0.33794261E+03  0.17912088E-24
 0.33898207E+03  0.17951864E-24
 0.34002473E+03  0.17991806E-24
 0.34107060E+03  0.18031913E-24
 0.34211968E+03  0.18072187E-24
 0.34317199E+03  0.18112626E-24
 0.34422754E+03  0.18153233E-24
 0.34528634E+03  0.18194007E-24
 0.34634839E+03  0.18234949E-24
 0.34741371E+03  0.18276059E-24
 0.34848230E+03  0.18317337E-24
 0.34955418E+03  0.18358785E-24
 0.35062936E+03  0.18400402E-24
 0.35170785E+03  0.18442190E-24
 0.35278965E+03  0.18484148E-24
 0.35387478E+03  0.18526276E-24
 0.35496325E+03  0.18568576E-24
 0.35605507E+03  0.18611048E-24
 0.35715024E+03  0.18653692E-24
 0.35824879E+03  0.18696509E-24
 0.35935071E+03  0.18739499E-24
 0.36045602E+03  0.18782663E-24
 0.36156473E+03  0.18826001E-24
 0.36267685E+03  0.18869513E-24
 0.36379240E+03  0.18913201E-24
 0.36491137E+03  0.18957064E-24
 0.36603379E+03  0.19001103E-24
 0.36715965E+03  0.19045318E-24
 0.36828898E+03  0.19089710E-24
 0.36942179E+03  0.19134280E-24
 0.37055808E+03  0.19179027E-24
 0.37169786E+03  0.19223953E-24
 0.37284115E+03  0.19269057E-24
 0.37398796E+03  0.19314341E-24
 0.37513829E+03  0.19359804E-24
 0.37629216E+03  0.19405448E-24
 0.37744959E+03  0.19451272E-24
 0.37861057E+03  0.19497277E-24
 0.37977512E+03  0.19543464E-24
 0.38094325E+03  0.19589833E-24
 0.38211498E+03  0.19636385E-24
 0.38329031E+03  0.19683119E-24
 0.38446926E+03  0.19730038E-24
 0.38565183E+03  0.19777140E-24
 0.38683804E+03  0.19824427E-24
 0.38802790E+03  0.19871898E-24
 0.38922142E+03  0.19919556E-24
 0.39041861E+03  0.19967399E-24
 0.39161948E+03  0.20015429E-24
 0.39282405E+03  0.20063645E-24
 0.39403232E+03  0.20112049E-24
 0.39524431E+03  0.20160641E-24
 0.39646002E+03  0.20209422E-24
 0.39767948E+03  0.20258391E-24
 0.39890268E+03  0.20307550E-24
 0.40012965E+03  0.20356899E-24
 0.40136039E+03  0.20406439E-24
 0.40259492E+03  0.20456169E-24
 0.40383324E+03  0.20506091E-24
 0.40507538E+03  0.20556204E-24
 0.40632133E+03  0.20606511E-24
 0.40757112E+03  0.20657010E-24
 0.40882475E+03  0.20707703E-24
 0.41008224E+03  0.20758589E-24
 0.41134359E+03  0.20809671E-24
 0.41260883E+03  0.20860947E-24
 0.41387795E+03  0.20912419E-24
 0.41515098E+03  0.20964087E-24
 0.41642793E+03  0.21015952E-24
 0.41770880E+03  0.21068014E-24
 0.41899361E+03  0.21120273E-24
 0.42028238E+03  0.21172731E-24
 0.42157511E+03  0.21225387E-24
 0.42287181E+03  0.21278243E-24
 0.42417251E+03  0.21331298E-24
 0.42547720E+03  0.21384554E-24
 0.42678591E+03  0.21438010E-24
 0.42809864E+03  0.21491668E-24
 0.42941541E+03  0.21545528E-24
 0.43073623E+03  0.21599591E-24
 0.43206111E+03  0.21653856E-24
 0.43339007E+03  0.21708325E-24
 0.43472312E+03  0.21762998E-24
 0.43606027E+03  0.21817876E-24
 0.43740153E+03  0.21872959E-24
 0.43874691E+03  0.21928248E-24
 0.44009643E+03  0.21983744E-24
 0.44145011E+03  0.22039446E-24
 0.44280795E+03  0.22095356E-24
 0.44416996E+03  0.22151474E-24
 0.44553616E+03  0.22207801E-24
 0.44690657E+03  0.22264337E-24
 0.44828119E+03  0.22321083E-24
 0.44966004E+03  0.22378040E-24
 0.45104313E+03  0.22435208E-24
 0.45243047E+03  0.22492589E-24
 0.45382209E+03  0.22550182E-24
 0.45521798E+03  0.22607990E-24
 0.45661816E+03  0.22666012E-24
 0.45802266E+03  0.22724250E-24
 0.45943147E+03  0.22782705E-24
 0.46084462E+03  0.22841380E-24
 0.46226211E+03  0.22900276E-24
 0.46368396E+03  0.22959398E-24
 0.46511019E+03  0.23018750E-24
 0.46654080E+03  0.23078343E-24
 0.46797581E+03  0.23138192E-24
 0.46941524E+03  0.23198334E-24
 0.47085910E+03  0.23258851E-24
 0.47230739E+03  0.23319985E-24
 0.47376014E+03  0.23382719E-24
 0.47521736E+03  0.23455152E-24
 0.47667906E+03  0.49639894E-24
 0.47814526E+03  0.23575934E-24
 0.47961597E+03  0.23627020E-24
 0.48109120E+03  0.23686787E-24
 0.48257096E+03  0.23748048E-24
 0.48405528E+03  0.23809900E-24
 0.48554417E+03  0.23872122E-24
 0.48703763E+03  0.23934637E-24
 0.48853569E+03  0.23997415E-24
 0.49003836E+03  0.24060439E-24
 0.49154565E+03  0.24123704E-24
 0.49305757E+03  0.24187205E-24
 0.49457415E+03  0.24250940E-24
 0.49609539E+03  0.24314908E-24
 0.49762131E+03  0.24379109E-24
 0.49915192E+03  0.24443542E-24
 0.50068724E+03  0.24508207E-24
 0.50222728E+03  0.24573105E-24
 0.50377206E+03  0.24638236E-24
 0.50532159E+03  0.24703601E-24
 0.50687589E+03  0.24769199E-24
 0.50843497E+03  0.24835032E-24
 0.50999884E+03  0.24901100E-24
 0.51156753E+03  0.24967404E-24
 0.51314103E+03  0.25033943E-24
 0.51471938E+03  0.25100720E-24
 0.51630259E+03  0.25167734E-24
 0.51789066E+03  0.25234985E-24
 0.51948362E+03  0.25302476E-24
 0.52108148E+03  0.25370205E-24
 0.52268425E+03  0.25438175E-24
 0.52429195E+03  0.25506385E-24
 0.52590460E+03  0.25574836E-24
 0.52752221E+03  0.25643529E-24
 0.52914479E+03  0.25712465E-24
 0.53077236E+03  0.25781643E-24
 0.53240495E+03  0.25851066E-24
 0.53404255E+03  0.25920733E-24
 0.53568519E+03  0.25990645E-24
 0.53733288E+03  0.26060802E-24
 0.53898564E+03  0.26131206E-24
 0.54064348E+03  0.26201858E-24
 0.54230642E+03  0.26272757E-24
 0.54397448E+03  0.26343904E-24
 0.54564767E+03  0.26415301E-24
 0.54732600E+03  0.26486948E-24
 0.54900950E+03  0.26558845E-24
 0.55069818E+03  0.26630993E-24
 0.55239205E+03  0.26703393E-24
 0.55409112E+03  0.26776046E-24
 0.55579543E+03  0.26848952E-24
 0.55750498E+03  0.26922112E-24
 0.55921978E+03  0.26995526E-24
 0.56093986E+03  0.27069197E-24
 0.56266524E+03  0.27143123E-24
 0.56439591E+03  0.27217306E-24
 0.56613192E+03  0.27291746E-24
 0.56787326E+03  0.27366445E-24
 0.56961995E+03  0.27441402E-24
 0.57137202E+03  0.27516620E-24
 0.57312948E+03  0.27592097E-24
 0.57489235E+03  0.27667836E-24
 0.57666064E+03  0.27743837E-24
 0.57843436E+03  0.27820100E-24
 0.58021354E+03  0.27896626E-24
 0.58199820E+03  0.27973416E-24
 0.58378834E+03  0.28050471E-24
 0.58558399E+03  0.28127792E-24
 0.58738517E+03  0.28205378E-24
 0.58919188E+03  0.28283232E-24
 0.59100415E+03  0.28361353E-24
 0.59282199E+03  0.28439743E-24
 0.59464543E+03  0.28518402E-24
 0.59647448E+03  0.28597331E-24
 0.59830915E+03  0.28676530E-24
 0.60014946E+03  0.28756001E-24
 0.60199543E+03  0.28835744E-24
 0.60384709E+03  0.28915760E-24
 0.60570443E+03  0.28996050E-24
 0.60756750E+03  0.29076614E-24
 0.60943629E+03  0.29157454E-24
 0.61131083E+03  0.29238569E-24
 0.61319113E+03  0.29319961E-24
 0.61507722E+03  0.29401631E-24
 0.61696911E+03  0.29483579E-24
 0.61886682E+03  0.29565807E-24
 0.62077037E+03  0.29648314E-24
 0.62267977E+03  0.29731102E-24
 0.62459504E+03  0.29814171E-24
 0.62651621E+03  0.29897522E-24
 0.62844328E+03  0.29981157E-24
 0.63037629E+03  0.30065075E-24
 0.63231523E+03  0.30149278E-24
 0.63426014E+03  0.30233767E-24
 0.63621104E+03  0.30318542E-24
 0.63816793E+03  0.30403604E-24
 0.64013085E+03  0.30488953E-24
 0.64209980E+03  0.30574592E-24
 0.64407481E+03  0.30660519E-24
 0.64605589E+03  0.30746737E-24
 0.64804307E+03  0.30833247E-24
 0.65003635E+03  0.30920048E-24
 0.65203577E+03  0.31007142E-24
 0.65404134E+03  0.31094529E-24
 0.65605308E+03  0.31182211E-24
 0.65807101E+03  0.31270189E-24
 0.66009514E+03  0.31358462E-24
 0.66212550E+03  0.31447032E-24
 0.66416210E+03  0.31535900E-24
 0.66620497E+03  0.31625067E-24
 0.66825412E+03  0.31714533E-24
 0.67030958E+03  0.31804300E-24
 0.67237136E+03  0.31894368E-24
 0.67443947E+03  0.31984737E-24
 0.67651395E+03  0.32075410E-24
 0.67859481E+03  0.32166386E-24
 0.68068208E+03  0.32257668E-24
 0.68277576E+03  0.32349254E-24
 0.68487588E+03  0.32441148E-24
 0.68698246E+03  0.32533348E-24
 0.68909552E+03  0.32625857E-24
 0.69121508E+03  0.32718676E-24
 0.69334116E+03  0.32811805E-24
 0.69547378E+03  0.32905245E-24
 0.69761296E+03  0.32998998E-24
 0.69975872E+03  0.33093066E-24
 0.70191107E+03  0.33187451E-24
 0.70407005E+03  0.33282157E-24
 0.70623567E+03  0.33377193E-24
 0.70840795E+03  0.33472581E-24
 0.71058691E+03  0.33568410E-24
 0.71277258E+03  0.33665392E-24
 0.71496497E+03  0.68579564E-24
 0.71716410E+03  0.33858245E-24
 0.71936999E+03  0.33954128E-24
 0.72158267E+03  0.34051175E-24
 0.72380216E+03  0.34148667E-24
 0.72602847E+03  0.34246518E-24
 0.72826163E+03  0.34344707E-24
 0.73050166E+03  0.34443228E-24
 0.73274858E+03  0.34542078E-24
 0.73500241E+03  0.34641257E-24
 0.73726317E+03  0.34740766E-24
 0.73953089E+03  0.34840604E-24
 0.74180558E+03  0.34940773E-24
 0.74408727E+03  0.35041273E-24
 0.74637598E+03  0.35142105E-24
 0.74867172E+03  0.35243271E-24
 0.75097453E+03  0.35344770E-24
 0.75328442E+03  0.35446603E-24
 0.75560142E+03  0.35548773E-24
 0.75792554E+03  0.35651279E-24
 0.76025681E+03  0.35754123E-24
 0.76259525E+03  0.35857305E-24
 0.76494089E+03  0.35960827E-24
 0.76729374E+03  0.36064689E-24
 0.76965382E+03  0.36168893E-24
 0.77202117E+03  0.36273440E-24
 0.77439580E+03  0.36378330E-24
 0.77677773E+03  0.36483564E-24
 0.77916699E+03  0.36589144E-24
 0.78156359E+03  0.36695070E-24
 0.78396757E+03  0.36801343E-24
 0.78637895E+03  0.36907966E-24
 0.78879774E+03  0.37014937E-24
 0.79122397E+03  0.37122259E-24
 0.79365766E+03  0.37229933E-24
 0.79609884E+03  0.37337959E-24
 0.79854752E+03  0.37446338E-24
 0.80100374E+03  0.37555072E-24
 0.80346752E+03  0.37664162E-24
 0.80593887E+03  0.37773608E-24
 0.80841782E+03  0.37883412E-24
 0.81090440E+03  0.37993574E-24
 0.81339863E+03  0.38104097E-24
 0.81590052E+03  0.38214980E-24
 0.81841012E+03  0.38326224E-24
 0.82092743E+03  0.38437832E-24
 0.82345249E+03  0.38549803E-24
 0.82598531E+03  0.38662140E-24
 0.82852592E+03  0.38774842E-24
 0.83107435E+03  0.38887912E-24
 0.83363062E+03  0.39001350E-24
 0.83619475E+03  0.39115157E-24
 0.83876676E+03  0.39229334E-24
 0.84134669E+03  0.39343883E-24
 0.84393456E+03  0.39458804E-24
 0.84653038E+03  0.39574098E-24
 0.84913419E+03  0.39689767E-24
 0.85174600E+03  0.39805812E-24
 0.85436585E+03  0.39922234E-24
 0.85699376E+03  0.40039034E-24
 0.85962975E+03  0.40156213E-24
 0.86227385E+03  0.40273772E-24
 0.86492608E+03  0.40391712E-24
 0.86758647E+03  0.40510034E-24
 0.87025504E+03  0.40628740E-24
 0.87293182E+03  0.40747831E-24
 0.87561684E+03  0.40867307E-24
 0.87831011E+03  0.40987170E-24
 0.88101167E+03  0.41107421E-24
 0.88372154E+03  0.41228061E-24
 0.88643974E+03  0.41349092E-24
 0.88916630E+03  0.41470513E-24
 0.89190125E+03  0.41592328E-24
 0.89464461E+03  0.41714536E-24
 0.89739641E+03  0.41837139E-24
 0.90015667E+03  0.41960138E-24
 0.90292543E+03  0.42083534E-24
 0.90570270E+03  0.42207328E-24
 0.90848851E+03  0.42331522E-24
 0.91128289E+03  0.42456117E-24
 0.91408587E+03  0.42581113E-24
 0.91689747E+03  0.42706513E-24
 0.91971771E+03  0.42832317E-24
 0.92254664E+03  0.42958526E-24
 0.92538426E+03  0.43085142E-24
 0.92823061E+03  0.43212166E-24
 0.93108571E+03  0.43339599E-24
 0.93394960E+03  0.43467443E-24
 0.93682230E+03  0.43595699E-24
 0.93970383E+03  0.43724369E-24
 0.94259423E+03  0.43853457E-24
 0.94549351E+03  0.43982969E-24
 0.94840172E+03  0.44112936E-24
 0.95131886E+03  0.44243729E-24
 0.95424499E+03  0.44376348E-24
 0.95718011E+03  0.44505230E-24
 0.96012426E+03  0.44636722E-24
 0.96307746E+03  0.44768709E-24
 0.96603975E+03  0.44901135E-24
 0.96901115E+03  0.45033990E-24
 0.97199169E+03  0.45167274E-24
 0.97498140E+03  0.45300985E-24
 0.97798031E+03  0.45435126E-24
 0.98098844E+03  0.45569698E-24
 0.98400582E+03  0.45704700E-24
 0.98703248E+03  0.45840136E-24
 0.99006845E+03  0.45976005E-24
 0.99311376E+03  0.46112309E-24
 0.99616844E+03  0.46249050E-24
 0.99923251E+03  0.46386228E-24
 0.10023060E+04  0.46523845E-24
 0.10053890E+04  0.46661903E-24
 0.10084814E+04  0.46800402E-24
 0.10115833E+04  0.46939343E-24
 0.10146948E+04  0.47078729E-24
 0.10178159E+04  0.47218561E-24
 0.10209465E+04  0.47358839E-24
 0.10240868E+04  0.47499566E-24
 0.10272368E+04  0.47640741E-24
 0.10303964E+04  0.47782368E-24
 0.10335658E+04  0.47924446E-24
 0.10367449E+04  0.48066979E-24
 0.10399337E+04  0.48209965E-24
 0.10431324E+04  0.48353408E-24
 0.10463410E+04  0.48497309E-24
 0.10495594E+04  0.48641668E-24
 0.10527876E+04  0.48786488E-24
 0.10560259E+04  0.48931769E-24
 0.10592741E+04  0.49077513E-24
 0.10625322E+04  0.49223721E-24
 0.10658004E+04  0.49370395E-24
 0.10690787E+04  0.49517536E-24
 0.10723670E+04  0.49665146E-24
 0.10756655E+04  0.49813225E-24
 0.10789741E+04  0.49961776E-24
 0.10822928E+04  0.50110799E-24
 0.10856218E+04  0.50260296E-24
 0.10889610E+04  0.50410269E-24
 0.10923105E+04  0.50560719E-24
 0.10956703E+04  0.50711647E-24
 0.10990404E+04  0.50863054E-24
 0.11024209E+04  0.51014943E-24
 0.11058118E+04  0.51167315E-24
 0.11092131E+04  0.51320170E-24
 0.11126249E+04  0.51473511E-24
 0.11160472E+04  0.51627339E-24
 0.11194800E+04  0.51781655E-24
 0.11229234E+04  0.51936461E-24
 0.11263773E+04  0.52091758E-24
 0.11298419E+04  0.52247548E-24
 0.11333171E+04  0.52403833E-24
 0.11368030E+04  0.52560613E-24
 0.11402997E+04  0.52717890E-24
 0.11438071E+04  0.52875666E-24
 0.11473253E+04  0.53033942E-24
 0.11508543E+04  0.53192719E-24
 0.11543942E+04  0.53352000E-24
 0.11579449E+04  0.53511785E-24
 0.11615066E+04  0.53672077E-24
 0.11650792E+04  0.53832876E-24
 0.11686628E+04  0.53994185E-24
 0.11722575E+04  0.54156004E-24
 0.11758632E+04  0.54318337E-24
 0.11794800E+04  0.54481184E-24
 0.11831079E+04  0.54644551E-24
 0.11867469E+04  0.54808454E-24
 0.11903972E+04  0.54973417E-24
 0.11940587E+04  0.55137878E-24
 0.11977314E+04  0.55303186E-24
 0.12014155E+04  0.55469131E-24
 0.12051109E+04  0.55635610E-24
 0.12088176E+04  0.55802619E-24
 0.12125358E+04  0.55970156E-24
 0.12162654E+04  0.56138223E-24
 0.12200064E+04  0.56306821E-24
 0.12237590E+04  0.56475952E-24
 0.12275231E+04  0.56645616E-24
 0.12312988E+04  0.56815817E-24
 0.12350861E+04  0.56986555E-24
 0.12388850E+04  0.57157832E-24
 0.12426957E+04  0.57329649E-24
 0.12465180E+04  0.57502008E-24
 0.12503521E+04  0.57674912E-24
 0.12541981E+04  0.57848360E-24
 0.12580558E+04  0.58022356E-24
 0.12619254E+04  0.58196900E-24
 0.12658069E+04  0.58371995E-24
 0.12697003E+04  0.58547642E-24
 0.12736058E+04  0.58723842E-24
 0.12775232E+04  0.58900598E-24
 0.12814527E+04  0.59077910E-24
 0.12853942E+04  0.59255781E-24
 0.12893479E+04  0.59434213E-24
 0.12933138E+04  0.59613206E-24
 0.12972918E+04  0.59792763E-24
 0.13012821E+04  0.59972886E-24
 0.13052847E+04  0.60153575E-24
 0.13092995E+04  0.60334834E-24
 0.13133268E+04  0.60516663E-24
 0.13173664E+04  0.60699064E-24
 0.13214184E+04  0.60882038E-24
 0.13254829E+04  0.61065589E-24
 0.13295599E+04  0.61249717E-24
 0.13336494E+04  0.61434424E-24
 0.13377515E+04  0.61619712E-24
 0.13418663E+04  0.61805582E-24
 0.13459937E+04  0.61992037E-24
 0.13501337E+04  0.62179078E-24
 0.13542866E+04  0.62366707E-24
 0.13584522E+04  0.62554926E-24
 0.13626306E+04  0.62743736E-24
 0.13668218E+04  0.62933139E-24
 0.13710260E+04  0.63123137E-24
 0.13752431E+04  0.63313732E-24
 0.13794731E+04  0.63504925E-24
 0.13837162E+04  0.63696719E-24
 0.13879723E+04  0.63889115E-24
 0.13922415E+04  0.64082115E-24
 0.13965238E+04  0.64275721E-24
 0.14008193E+04  0.64469935E-24
 0.14051281E+04  0.64664758E-24
 0.14094500E+04  0.64860192E-24
 0.14137853E+04  0.65056240E-24
 0.14181339E+04  0.65252904E-24
 0.14224959E+04  0.65450189E-24
 0.14268713E+04  0.65648126E-24
 0.14312601E+04  0.65846859E-24
 0.14356625E+04  0.66045752E-24
 0.14400784E+04  0.66245508E-24
 0.14445079E+04  0.66445897E-24
 0.14489510E+04  0.66646916E-24
 0.14534077E+04  0.66848565E-24
 0.14578782E+04  0.67050847E-24
 0.14623624E+04  0.67253762E-24
 0.14668604E+04  0.67457313E-24
 0.14713723E+04  0.67661502E-24
 0.14758980E+04  0.67866330E-24
 0.14804377E+04  0.68071800E-24
 0.14849913E+04  0.68277913E-24
 0.14895589E+04  0.68484672E-24
 0.14941406E+04  0.68692078E-24
 0.14987364E+04  0.68900133E-24
 0.15033463E+04  0.69108840E-24
 0.15079703E+04  0.69318200E-24
 0.15126086E+04  0.69528215E-24
 0.15172612E+04  0.69738887E-24
 0.15219281E+04  0.69950219E-24
 0.15266093E+04  0.70162211E-24
 0.15313050E+04  0.70374867E-24
 0.15360150E+04  0.70588188E-24
 0.15407396E+04  0.70802176E-24
 0.15454787E+04  0.71016833E-24
 0.15502324E+04  0.71232162E-24
 0.15550007E+04  0.71448163E-24
 0.15597836E+04  0.71664840E-24
 0.15645813E+04  0.71882195E-24
 0.15693937E+04  0.72100228E-24
 0.15742210E+04  0.72318944E-24
 0.15790630E+04  0.72538342E-24
 0.15839200E+04  0.72758426E-24
 0.15887919E+04  0.72979198E-24
 0.15936788E+04  0.73200660E-24
 0.15985807E+04  0.73422813E-24
 0.16034978E+04  0.73645661E-24
 0.16084299E+04  0.73869204E-24
 0.16133772E+04  0.74093445E-24
 0.16183397E+04  0.74318387E-24
 0.16233175E+04  0.74544031E-24
 0.16283106E+04  0.74770380E-24
 0.16333190E+04  0.74997435E-24
 0.16383429E+04  0.75225199E-24
 0.16433822E+04  0.75453674E-24
 0.16484370E+04  0.75682862E-24
 0.16535074E+04  0.75912765E-24
 0.16585933E+04  0.76143387E-24
 0.16636949E+04  0.76374737E-24
 0.16688122E+04  0.76607652E-24
 0.16739452E+04  0.76839580E-24
 0.16790941E+04  0.77073086E-24
 0.16842587E+04  0.77307325E-24
 0.16894393E+04  0.77542295E-24
 0.16946357E+04  0.77777998E-24
 0.16998482E+04  0.78014437E-24
 0.17050767E+04  0.78251612E-24
 0.17103213E+04  0.78489527E-24
 0.17155820E+04  0.78728184E-24
 0.17208588E+04  0.78967585E-24
 0.17261520E+04  0.79207732E-24
 0.17314614E+04  0.79448627E-24
 0.17367871E+04  0.79690273E-24
 0.17421292E+04  0.79932672E-24
 0.17474877E+04  0.80175827E-24
 0.17528628E+04  0.80419739E-24
 0.17582543E+04  0.80664411E-24
 0.17636625E+04  0.80909845E-24
 0.17690872E+04  0.81156043E-24
 0.17745287E+04  0.81403009E-24
 0.17799869E+04  0.81650744E-24
 0.17854619E+04  0.81899250E-24
 0.17909537E+04  0.82148530E-24
 0.17964624E+04  0.82398586E-24
 0.18019881E+04  0.82649421E-24
 0.18075308E+04  0.82901036E-24
 0.18130905E+04  0.83153435E-24
 0.18186673E+04  0.83406620E-24
 0.18242612E+04  0.83660592E-24
 0.18298724E+04  0.83915356E-24
 0.18355008E+04  0.84170912E-24
 0.18411466E+04  0.84427263E-24
 0.18468097E+04  0.84684412E-24
 0.18524902E+04  0.84942361E-24
 0.18581882E+04  0.85201113E-24
 0.18639037E+04  0.85460669E-24
 0.18696368E+04  0.85721033E-24
 0.18753876E+04  0.85982207E-24
 0.18811560E+04  0.86244194E-24
 0.18869422E+04  0.86506995E-24
 0.18927461E+04  0.86770614E-24
 0.18985679E+04  0.87035053E-24
 0.19044077E+04  0.87300343E-24
 0.19102653E+04  0.87566408E-24
 0.19161411E+04  0.87833311E-24
 0.19220348E+04  0.88101052E-24
 0.19279467E+04  0.88369627E-24
 0.19338768E+04  0.88639036E-24
 0.19398252E+04  0.88909283E-24
 0.19457918E+04  0.89180370E-24
 0.19517768E+04  0.89452299E-24
 0.19577802E+04  0.89725074E-24
 0.19638020E+04  0.89998696E-24
 0.19698424E+04  0.90273168E-24
 0.19759013E+04  0.90548493E-24
 0.19819789E+04  0.90824674E-24
 0.19880752E+04  0.91101713E-24
 0.19941903E+04  0.91379612E-24
 0.20003241E+04  0.91658374E-24
 0.20064768E+04  0.91938003E-24
 0.20126484E+04  0.92218500E-24
 0.20188391E+04  0.92499868E-24
 0.20250487E+04  0.92782110E-24
 0.20312775E+04  0.93065228E-24
 0.20375254E+04  0.93349226E-24
 0.20437926E+04  0.93634105E-24
 0.20500790E+04  0.93919869E-24
 0.20563847E+04  0.94206520E-24
 0.20627099E+04  0.94494061E-24
 0.20690545E+04  0.94782495E-24
 0.20754186E+04  0.95071824E-24
 0.20818023E+04  0.95362051E-24
 0.20882056E+04  0.95653178E-24
 0.20946286E+04  0.95945210E-24
 0.21010714E+04  0.96238148E-24
 0.21075340E+04  0.96531994E-24
 0.21140165E+04  0.96826753E-24
 0.21205189E+04  0.97122426E-24
 0.21270413E+04  0.97419017E-24
 0.21335838E+04  0.97716529E-24
 0.21401464E+04  0.98014966E-24
 0.21467292E+04  0.98314351E-24
 0.21533322E+04  0.98614611E-24
 0.21599556E+04  0.98915830E-24
 0.21665993E+04  0.99217984E-24
 0.21732634E+04  0.99521076E-24
 0.21799481E+04  0.99825107E-24
 0.21866533E+04  0.10013008E-23
 0.21933791E+04  0.10043600E-23
 0.22001256E+04  0.10074287E-23
 0.22068929E+04  0.10105069E-23
 0.22136810E+04  0.10135947E-23
 0.22204900E+04  0.10166920E-23
 0.22273199E+04  0.10197989E-23
 0.22341708E+04  0.10229155E-23
 0.22410428E+04  0.10260417E-23
 0.22479359E+04  0.10291776E-23
 0.22548503E+04  0.10323232E-23
 0.22617859E+04  0.10354786E-23
 0.22687428E+04  0.10386438E-23
 0.22757211E+04  0.10418190E-23
 0.22827209E+04  0.10450081E-23
 0.22897422E+04  0.10482070E-23
 0.22967852E+04  0.10514158E-23
 0.23038497E+04  0.10546345E-23
 0.23109361E+04  0.10578632E-23
 0.23180442E+04  0.10611018E-23
 0.23251741E+04  0.10643504E-23
 0.23323261E+04  0.10676091E-23
 0.23395000E+04  0.10708779E-23
 0.23466959E+04  0.10741568E-23
 0.23539140E+04  0.10774457E-23
 0.23611543E+04  0.10807449E-23
 0.23684169E+04  0.10840543E-23
 0.23757018E+04  0.10873738E-23
 0.23830091E+04  0.10907145E-23
 0.23903389E+04  0.10940438E-23
 0.23976913E+04  0.10973942E-23
 0.24050662E+04  0.11007550E-23
 0.24124639E+04  0.11041262E-23
 0.24198843E+04  0.11075078E-23
 0.24273275E+04  0.11108998E-23
 0.24347936E+04  0.11143023E-23
 0.24422827E+04  0.11177153E-23
 0.24497948E+04  0.11211389E-23
 0.24573300E+04  0.11245730E-23
 0.24648884E+04  0.11280178E-23
 0.24724701E+04  0.11314732E-23
 0.24800750E+04  0.11349392E-23
 0.24877034E+04  0.11384160E-23
 0.24953552E+04  0.11419035E-23
 0.25030306E+04  0.11454018E-23
 0.25107295E+04  0.11489109E-23
 0.25184522E+04  0.11524308E-23
 0.25261986E+04  0.11559616E-23
 0.25339688E+04  0.11595033E-23
 0.25417630E+04  0.11630559E-23
 0.25495811E+04  0.11666195E-23
 0.25574232E+04  0.11701941E-23
 0.25652895E+04  0.11737797E-23
 0.25731799E+04  0.11773764E-23
 0.25810947E+04  0.11809842E-23
 0.25890338E+04  0.11846032E-23
 0.25969973E+04  0.11882333E-23
 0.26049852E+04  0.11918747E-23
 0.26129978E+04  0.11955272E-23
 0.26210350E+04  0.11991926E-23
 0.26290970E+04  0.12028663E-23
 0.26371837E+04  0.12065528E-23
 0.26452953E+04  0.12102507E-23
 0.26534318E+04  0.12139600E-23
 0.26615934E+04  0.12176807E-23
 0.26697801E+04  0.12214130E-23
 0.26779920E+04  0.12251567E-23
 0.26862291E+04  0.12289121E-23
 0.26944915E+04  0.12326790E-23
 0.27027794E+04  0.12364575E-23
 0.27110928E+04  0.12402477E-23
 0.27194317E+04  0.12440496E-23
 0.27277963E+04  0.12478632E-23
 0.27361866E+04  0.12516886E-23
 0.27446027E+04  0.12555259E-23
 0.27530448E+04  0.12593749E-23
 0.27615127E+04  0.12632358E-23
 0.27700067E+04  0.12671087E-23
 0.27785269E+04  0.12709935E-23
 0.27870732E+04  0.12748903E-23
 0.27956459E+04  0.12787991E-23
 0.28042449E+04  0.12827200E-23
 0.28128704E+04  0.12866529E-23
 0.28215223E+04  0.12905980E-23
 0.28302010E+04  0.12945553E-23
 0.28389062E+04  0.12985248E-23
 0.28476383E+04  0.13025066E-23
 0.28563972E+04  0.13065006E-23
 0.28651831E+04  0.13105069E-23
 0.28739960E+04  0.13145257E-23
 0.28828360E+04  0.13185568E-23
 0.28917032E+04  0.13226003E-23
 0.29005977E+04  0.13266563E-23
 0.29095195E+04  0.13307249E-23
 0.29184688E+04  0.13348059E-23
 0.29274456E+04  0.13388996E-23
 0.29364500E+04  0.13430059E-23
 0.29454821E+04  0.13471249E-23
 0.29545420E+04  0.13512566E-23
 0.29636297E+04  0.13554010E-23
 0.29727454E+04  0.13595582E-23
 0.29818892E+04  0.13637282E-23
 0.29910610E+04  0.13679111E-23
 0.30002611E+04  0.13721069E-23
 0.30094895E+04  0.13763157E-23
 0.30187463E+04  0.13805374E-23
 0.30280315E+04  0.13847721E-23
 0.30373453E+04  0.13890200E-23
 0.30466877E+04  0.13932809E-23
 0.30560589E+04  0.13975549E-23
 0.30654589E+04  0.14018421E-23
 0.30748878E+04  0.14061426E-23
 0.30843457E+04  0.14104563E-23
 0.30938327E+04  0.14147833E-23
 0.31033489E+04  0.14191237E-23
 0.31128944E+04  0.14234774E-23
 0.31224692E+04  0.14278446E-23
 0.31320735E+04  0.14322253E-23
 0.31417073E+04  0.14366194E-23
 0.31513708E+04  0.14410271E-23
 0.31610639E+04  0.14454484E-23
 0.31707869E+04  0.14498833E-23
 0.31805398E+04  0.14543319E-23
 0.31903227E+04  0.14587942E-23
 0.32001357E+04  0.14632703E-23
 0.32099788E+04  0.14677602E-23
 0.32198523E+04  0.14722639E-23
 0.32297561E+04  0.14767815E-23
 0.32396903E+04  0.14813131E-23
 0.32496552E+04  0.14858586E-23
 0.32596506E+04  0.14904181E-23
 0.32696769E+04  0.14949917E-23
 0.32797339E+04  0.14995794E-23
 0.32898219E+04  0.15041812E-23
 0.32999410E+04  0.15087973E-23
 0.33100911E+04  0.15134275E-23
 0.33202725E+04  0.15180720E-23
 0.33304852E+04  0.15227309E-23
 0.33407293E+04  0.15274041E-23
 0.33510049E+04  0.15320917E-23
 0.33613121E+04  0.15367938E-23
 0.33716510E+04  0.15415103E-23
 0.33820217E+04  0.15462414E-23
 0.33924243E+04  0.15509871E-23
 0.34028590E+04  0.15557474E-23
 0.34133257E+04  0.15605224E-23
 0.34238246E+04  0.15653121E-23
 0.34343558E+04  0.15701166E-23
 0.34449194E+04  0.15749358E-23
 0.34555154E+04  0.15797700E-23
 0.34661441E+04  0.15846190E-23
 0.34768055E+04  0.15894830E-23
 0.34874996E+04  0.15943620E-23
 0.34982267E+04  0.15992560E-23
 0.35089867E+04  0.16041651E-23
 0.35197799E+04  0.16090893E-23
 0.35306062E+04  0.16140287E-23
 0.35414659E+04  0.16189833E-23
 0.35523589E+04  0.16239532E-23
 0.35632855E+04  0.16289384E-23
 0.35742456E+04  0.16339394E-23
 0.35852395E+04  0.16389550E-23
 0.35962672E+04  0.16439865E-23
 0.36073288E+04  0.16490334E-23
 0.36184244E+04  0.16540959E-23
 0.36295542E+04  0.16591740E-23
 0.36407182E+04  0.16642678E-23
 0.36519165E+04  0.16693772E-23
 0.36631493E+04  0.16745024E-23
 0.36744166E+04  0.16796434E-23
 0.36857186E+04  0.16848003E-23
 0.36970553E+04  0.16899730E-23
 0.37084270E+04  0.16951617E-23
 0.37198336E+04  0.17003663E-23
 0.37312752E+04  0.17055870E-23
 0.37427521E+04  0.17108238E-23
 0.37542643E+04  0.17160767E-23
 0.37658119E+04  0.17213458E-23
 0.37773950E+04  0.17266312E-23
 0.37890137E+04  0.17319328E-23
 0.38006682E+04  0.17372508E-23
 0.38123585E+04  0.17425853E-23
 0.38240848E+04  0.17479359E-23
 0.38358471E+04  0.17533032E-23
 0.38476456E+04  0.17586870E-23
 0.38594804E+04  0.17640874E-23
 0.38713516E+04  0.17695044E-23
 0.38832594E+04  0.17749381E-23
 0.38952037E+04  0.17803886E-23
 0.39071848E+04  0.17858559E-23
 0.39192028E+04  0.17913400E-23
 0.39312577E+04  0.17968410E-23
 0.39433497E+04  0.18023589E-23
 0.39554788E+04  0.18078939E-23
 0.39676453E+04  0.18134459E-23
 0.39798493E+04  0.18190150E-23
 0.39920907E+04  0.18246012E-23
 0.40043698E+04  0.18302047E-23
 0.40166867E+04  0.18358254E-23
 0.40290414E+04  0.18414635E-23
 0.40414342E+04  0.18471189E-23
 0.40538651E+04  0.18527918E-23
 0.40663342E+04  0.18584821E-23
 0.40788417E+04  0.18641899E-23
 0.40913876E+04  0.18699153E-23
 0.41039721E+04  0.18756584E-23
 0.41165954E+04  0.18814192E-23
 0.41292574E+04  0.18871977E-23
 0.41419584E+04  0.18929940E-23
 0.41546985E+04  0.18988081E-23
 0.41674778E+04  0.19046402E-23
 0.41802963E+04  0.19104902E-23
 0.41931543E+04  0.19163583E-23
 0.42060519E+04  0.19222444E-23
 0.42189891E+04  0.19281486E-23
 0.42319661E+04  0.19340711E-23
 0.42449830E+04  0.19400118E-23
 0.42580400E+04  0.19459707E-23
 0.42711371E+04  0.19519481E-23
 0.42842745E+04  0.19579438E-23
 0.42974524E+04  0.19639580E-23
 0.43106707E+04  0.19699908E-23
 0.43239297E+04  0.19760421E-23
 0.43372295E+04  0.19821121E-23
 0.43505702E+04  0.19882007E-23
 0.43639519E+04  0.19943081E-23
 0.43773748E+04  0.20004343E-23
 0.43908390E+04  0.20065794E-23
 0.44043446E+04  0.20127434E-23
 0.44178918E+04  0.20189264E-23
 0.44314806E+04  0.20251285E-23
 0.44451112E+04  0.20313496E-23
 0.44587837E+04  0.20375899E-23
 0.44724983E+04  0.20438494E-23
 0.44862551E+04  0.20501282E-23
 0.45000541E+04  0.20564263E-23
 0.45138957E+04  0.20627439E-23
 0.45277798E+04  0.20690812E-23
 0.45417066E+04  0.20754373E-23
 0.45556762E+04  0.20818134E-23
 0.45696888E+04  0.20882091E-23
 0.45837446E+04  0.20946245E-23
 0.45978435E+04  0.21010597E-23
 0.46119858E+04  0.21075147E-23
 0.46261716E+04  0.21139895E-23
 0.46404011E+04  0.21204843E-23
 0.46546743E+04  0.21269991E-23
 0.46689914E+04  0.21335340E-23
 0.46833526E+04  0.21400890E-23
 0.46977579E+04  0.21466641E-23
 0.47122075E+04  0.21532595E-23
 0.47267016E+04  0.21598753E-23
 0.47412403E+04  0.21665114E-23
 0.47558236E+04  0.21731679E-23
 0.47704519E+04  0.21798449E-23
 0.47851251E+04  0.21865425E-23
 0.47998435E+04  0.21932607E-23
 0.48146071E+04  0.21999996E-23
 0.48294162E+04  0.22067593E-23
 0.48442708E+04  0.22135397E-23
 0.48591711E+04  0.22203411E-23
 0.48741172E+04  0.22271633E-23
 0.48891093E+04  0.22340066E-23
 0.49041475E+04  0.22408710E-23
 0.49192319E+04  0.22477565E-23
 0.49343628E+04  0.22546632E-23
 0.49495402E+04  0.22615911E-23
 0.49647643E+04  0.22685404E-23
 0.49800352E+04  0.22755111E-23
 0.49953531E+04  0.22825033E-23
 0.50107181E+04  0.22895170E-23
 0.50261303E+04  0.22965522E-23
 0.50415900E+04  0.23036092E-23
 0.50570972E+04  0.23106878E-23
 0.50726521E+04  0.23177883E-23
 0.50882549E+04  0.23249106E-23
 0.51039056E+04  0.23320549E-23
 0.51196045E+04  0.23392211E-23
 0.51353517E+04  0.23464094E-23
 0.51511473E+04  0.23536198E-23
 0.51669915E+04  0.23608525E-23
 0.51828844E+04  0.23681074E-23
 0.51988262E+04  0.23753846E-23
 0.52148171E+04  0.23826843E-23
 0.52308571E+04  0.23900064E-23
 0.52469465E+04  0.23973511E-23
 0.52630854E+04  0.24047183E-23
 0.52792739E+04  0.24121083E-23
 0.52955122E+04  0.24195210E-23
 0.53118004E+04  0.24269565E-23
 0.53281387E+04  0.24344149E-23
 0.53445273E+04  0.24418963E-23
 0.53609663E+04  0.24494007E-23
 0.53774559E+04  0.24569282E-23
 0.53939962E+04  0.24644789E-23
 0.54105874E+04  0.24720528E-23
 0.54272296E+04  0.24796501E-23
 0.54439230E+04  0.24872707E-23
 0.54606677E+04  0.24949148E-23
 0.54774639E+04  0.25025825E-23
 0.54943118E+04  0.25102737E-23
 0.55112116E+04  0.25179886E-23
 0.55281633E+04  0.25257273E-23
 0.55451671E+04  0.25334897E-23
 0.55622233E+04  0.25412761E-23
 0.55793319E+04  0.25490865E-23
 0.55964931E+04  0.25569208E-23
 0.56137071E+04  0.25647793E-23
 0.56309741E+04  0.25726620E-23
 0.56482942E+04  0.25805690E-23
 0.56656675E+04  0.25885003E-23
 0.56830943E+04  0.25964560E-23
 0.57005747E+04  0.26044362E-23
 0.57181088E+04  0.26124410E-23
 0.57356969E+04  0.26204704E-23
 0.57533391E+04  0.26285245E-23
 0.57710356E+04  0.26366034E-23
 0.57887865E+04  0.26447072E-23
 0.58065919E+04  0.26528360E-23
 0.58244522E+04  0.26609897E-23
 0.58423674E+04  0.26691686E-23
 0.58603377E+04  0.26773726E-23
 0.58783632E+04  0.26856019E-23
 0.58964443E+04  0.26938565E-23
 0.59145809E+04  0.27021365E-23
 0.59327733E+04  0.27104420E-23
 0.59510217E+04  0.27187731E-23
 0.59693262E+04  0.27271298E-23
 0.59876870E+04  0.27355122E-23
 0.60061042E+04  0.27439204E-23
 0.60245781E+04  0.27523546E-23
 0.60431089E+04  0.27608146E-23
 0.60616966E+04  0.27693007E-23
 0.60803416E+04  0.27778130E-23
 0.60990438E+04  0.27863514E-23
 0.61178036E+04  0.27949161E-23
 0.61366211E+04  0.28035072E-23
 0.61554965E+04  0.28121247E-23
 0.61744299E+04  0.28207688E-23
 0.61934216E+04  0.28294394E-23
 0.62124717E+04  0.28381368E-23
 0.62315804E+04  0.28468609E-23
 0.62507478E+04  0.28556118E-23
 0.62699742E+04  0.28643897E-23
 0.62892598E+04  0.28731946E-23
 0.63086046E+04  0.28820266E-23
 0.63280090E+04  0.28908858E-23
 0.63474731E+04  0.28997723E-23
 0.63669970E+04  0.29086861E-23
 0.63865810E+04  0.29176273E-23
 0.64062252E+04  0.29265961E-23
 0.64259298E+04  0.29355924E-23
 0.64456951E+04  0.29446165E-23
 0.64655211E+04  0.29536683E-23
 0.64854081E+04  0.29627480E-23
 0.65053563E+04  0.29718556E-23
 0.65253659E+04  0.29809913E-23
 0.65454370E+04  0.29901551E-23
 0.65655698E+04  0.29993470E-23
 0.65857646E+04  0.30085673E-23
 0.66060215E+04  0.30178160E-23
 0.66263406E+04  0.30270931E-23
 0.66467223E+04  0.30363987E-23
 0.66671667E+04  0.30457330E-23
 0.66876740E+04  0.30550961E-23
 0.67082443E+04  0.30644879E-23
 0.67288779E+04  0.30739086E-23
 0.67495750E+04  0.30833584E-23
 0.67703357E+04  0.30928372E-23
 0.67911603E+04  0.31023452E-23
 0.68120489E+04  0.31118824E-23
 0.68330018E+04  0.31214490E-23
 0.68540192E+04  0.31310451E-23
 0.68751012E+04  0.31406707E-23
 0.68962480E+04  0.31503259E-23
 0.69174599E+04  0.31600108E-23
 0.69387370E+04  0.31697255E-23
 0.69600796E+04  0.31794701E-23
 0.69814878E+04  0.31892447E-23
 0.70029619E+04  0.31990494E-23
 0.70245020E+04  0.32088843E-23
 0.70461083E+04  0.32187494E-23
 0.70677812E+04  0.32286449E-23
 0.70895207E+04  0.32385708E-23
 0.71113270E+04  0.32485273E-23
 0.71332004E+04  0.32585144E-23
 0.71551412E+04  0.32685323E-23
 0.71771494E+04  0.32785809E-23
 0.71992252E+04  0.32886605E-23
 0.72213690E+04  0.32987712E-23
 0.72435809E+04  0.33089129E-23
 0.72658612E+04  0.33190858E-23
 0.72882099E+04  0.33292901E-23
 0.73106274E+04  0.33395258E-23
 0.73331139E+04  0.33497929E-23
 0.73556695E+04  0.33600917E-23
 0.73782945E+04  0.33704221E-23
 0.74009891E+04  0.33807843E-23
 0.74237535E+04  0.33911784E-23
 0.74465879E+04  0.34016045E-23
 0.74694925E+04  0.34120627E-23
 0.74924676E+04  0.34225531E-23
 0.75155134E+04  0.34330757E-23
 0.75386300E+04  0.34436308E-23
 0.75618178E+04  0.34542183E-23
 0.75850769E+04  0.34648384E-23
 0.76084075E+04  0.34754911E-23
 0.76318099E+04  0.34861767E-23
 0.76552842E+04  0.34968951E-23
 0.76788308E+04  0.35076465E-23
 0.77024498E+04  0.35184310E-23
 0.77261414E+04  0.35292487E-23
 0.77499060E+04  0.35400997E-23
 0.77737436E+04  0.35509840E-23
 0.77976545E+04  0.35619019E-23
 0.78216390E+04  0.35728533E-23
 0.78456972E+04  0.35838385E-23
 0.78698295E+04  0.35948574E-23
 0.78940359E+04  0.36059103E-23
 0.79183169E+04  0.36169972E-23
 0.79426725E+04  0.36281181E-23
 0.79671030E+04  0.36392733E-23
 0.79916087E+04  0.36504629E-23
 0.80161898E+04  0.36616868E-23
 0.80408464E+04  0.36729453E-23
 0.80655789E+04  0.36842385E-23
 0.80903875E+04  0.36955664E-23
 0.81152724E+04  0.37069291E-23
 0.81402338E+04  0.37183268E-23
 0.81652720E+04  0.37297596E-23
 0.81903872E+04  0.37412275E-23
 0.82155797E+04  0.37527308E-23
 0.82408496E+04  0.37642694E-23
 0.82661973E+04  0.37758436E-23
 0.82916230E+04  0.37874533E-23
 0.83171268E+04  0.37990988E-23
 0.83427091E+04  0.38107801E-23
 0.83683701E+04  0.38224974E-23
 0.83941100E+04  0.38342507E-23
 0.84199291E+04  0.38460401E-23
 0.84458276E+04  0.38578659E-23
 0.84718058E+04  0.38697280E-23
 0.84978639E+04  0.38816267E-23
 0.85240021E+04  0.38935619E-23
 0.85502207E+04  0.39055339E-23
 0.85765200E+04  0.39175427E-23
 0.86029001E+04  0.39295884E-23
 0.86293614E+04  0.39416713E-23
 0.86559041E+04  0.39537913E-23
 0.86825285E+04  0.39659485E-23
 0.87092347E+04  0.39781432E-23
 0.87360231E+04  0.39903755E-23
 0.87628938E+04  0.40026453E-23
 0.87898472E+04  0.40149529E-23
 0.88168836E+04  0.40272984E-23
 0.88440030E+04  0.40396819E-23
 0.88712059E+04  0.40521034E-23
 0.88984925E+04  0.40645632E-23
 0.89258630E+04  0.40770613E-23
 0.89533177E+04  0.40895979E-23
 0.89808568E+04  0.41021730E-23
 0.90084807E+04  0.41147869E-23
 0.90361895E+04  0.41274395E-23
 0.90639835E+04  0.41401311E-23
 0.90918630E+04  0.41528617E-23
 0.91198283E+04  0.41656315E-23
 0.91478796E+04  0.41784406E-23
 0.91760172E+04  0.41912891E-23
 0.92042413E+04  0.42041771E-23
 0.92325522E+04  0.42171048E-23
 0.92609503E+04  0.42300723E-23
 0.92894356E+04  0.42430796E-23
 0.93180086E+04  0.42561270E-23
 0.93466695E+04  0.42692145E-23
 0.93754185E+04  0.42823423E-23
 0.94042560E+04  0.42955105E-23
 0.94331821E+04  0.43087191E-23
 0.94621973E+04  0.43219685E-23
 0.94913016E+04  0.43352586E-23
 0.95204955E+04  0.43485896E-23
 0.95497792E+04  0.43619616E-23
 0.95791530E+04  0.43753747E-23
 0.96086171E+04  0.43888291E-23
 0.96381718E+04  0.44023249E-23
 0.96678175E+04  0.44158622E-23
 0.96975543E+04  0.44294412E-23
 0.97273826E+04  0.44430620E-23
 0.97573027E+04  0.44567246E-23
 0.97873147E+04  0.44704293E-23
 0.98174191E+04  0.44841762E-23
 0.98476161E+04  0.44979653E-23
 0.98779060E+04  0.45117969E-23
 0.99082890E+04  0.45256710E-23
 0.99387655E+04  0.45395879E-23
 0.99693357E+04  0.45535475E-23
 0.10000000E+05  0.45675501E-23
