10	7.820798284e-21
10.02306	7.756796146e-21
10.046173	7.693352582e-21
10.06934	7.630460907e-21
10.09256	7.568116463e-21
10.115833	7.506312124e-21
10.139161	7.445044305e-21
10.162542	7.384305770e-21
10.185976	7.324092152e-21
10.209465	7.264398337e-21
10.233008	7.205218813e-21
10.256606	7.146548685e-21
10.280258	7.088382887e-21
10.303964	7.030716269e-21
10.327725	6.973544204e-21
10.351541	6.916861974e-21
10.375412	6.860664700e-21
10.399337	6.804947431e-21
10.423318	6.749706114e-21
10.447355	6.694936215e-21
10.471446	6.640632616e-21
10.495594	6.586791700e-21
10.519796	6.533408287e-21
10.544055	6.480478839e-21
10.56837	6.427998830e-21
10.592741	6.375963958e-21
10.617168	6.324370184e-21
10.641651	6.273213234e-21
10.666191	6.222489468e-21
10.690787	6.172194487e-21
10.71544	6.122324679e-21
10.74015	6.072876040e-21
10.764917	6.023844767e-21
10.789741	5.975226964e-21
10.814622	5.927018862e-21
10.83956	5.879216820e-21
10.864557	5.831817493e-21
10.88961	5.784816609e-21
10.914722	5.738211195e-21
10.939891	5.691997291e-21
10.965119	5.646171824e-21
10.990404	5.600730813e-21
11.015748	5.555671211e-21
11.041151	5.510989733e-21
11.066612	5.466682751e-21
11.092131	5.422746881e-21
11.11771	5.379179274e-21
11.143347	5.335976239e-21
11.169044	5.293134958e-21
11.1948	5.250652100e-21
11.220615	5.208524488e-21
11.24649	5.166749148e-21
11.272425	5.125323014e-21
11.298419	5.084242848e-21
11.324473	5.043505779e-21
11.350587	5.003108913e-21
11.376762	4.963049411e-21
11.402997	4.923324129e-21
11.429292	4.883930202e-21
11.455648	4.844864967e-21
11.482065	4.806125525e-21
11.508543	4.767709189e-21
11.535082	4.729613033e-21
11.561682	4.691834341e-21
11.588343	4.654370461e-21
11.615066	4.617218849e-21
11.64185	4.580376548e-21
11.668696	4.543841282e-21
11.695605	4.507610536e-21
11.722575	4.471681344e-21
11.749607	4.436051314e-21
11.776702	4.400718107e-21
11.803859	4.365678996e-21
11.831079	4.330931766e-21
11.858361	4.296473745e-21
11.885707	4.262302868e-21
11.913115	4.228416335e-21
11.940587	4.194812126e-21
11.968122	4.161487751e-21
11.995721	4.128440981e-21
12.023383	4.095669384e-21
12.051109	4.063170779e-21
12.078899	4.030943039e-21
12.106753	3.998983783e-21
12.134671	3.967290860e-21
12.162654	3.935862186e-21
12.190701	3.904695576e-21
12.218813	3.873788844e-21
12.246989	3.843139940e-21
12.275231	3.812746886e-21
12.303538	3.782607534e-21
12.33191	3.752719803e-21
12.360347	3.723081677e-21
12.38885	3.693691284e-21
12.417419	3.664546665e-21
12.446054	3.635645846e-21
12.474755	3.606986934e-21
12.503521	3.578567708e-21
12.532355	3.550386838e-21
12.561254	3.522442045e-21
12.590221	3.494731805e-21
12.619254	3.467254043e-21
12.648354	3.440007096e-21
12.677521	3.412989226e-21
12.706756	3.386198742e-21
12.736058	3.359633757e-21
12.765427	3.333292582e-21
12.794864	3.307173659e-21
12.824369	3.281275359e-21
12.853942	3.255595970e-21
12.883584	3.230133976e-21
12.913293	3.204887552e-21
12.943071	3.179855450e-21
12.972918	3.155035996e-21
13.002834	3.130427674e-21
13.032818	3.106028918e-21
13.062872	3.081838433e-21
13.092995	3.057854716e-21
13.123188	3.034076333e-21
13.15345	3.010501931e-21
13.183782	2.987130140e-21
13.214184	2.963959546e-21
13.244656	2.940988971e-21
13.275198	2.918217064e-21
13.305811	2.895642666e-21
13.336494	2.873264465e-21
13.367248	2.851081282e-21
13.398073	2.829092065e-21
13.428969	2.807295594e-21
13.459937	2.785690829e-21
13.490975	2.764276572e-21
13.522086	2.743052139e-21
13.553268	2.722016160e-21
13.584522	2.701167978e-21
13.615848	2.680506497e-21
13.647246	2.660030948e-21
13.678716	2.639740473e-21
13.71026	2.619634484e-21
13.741876	2.599712001e-21
13.773565	2.579972496e-21
13.805326	2.560415247e-21
13.837162	2.541039898e-21
13.86907	2.521845619e-21
13.901052	2.502832201e-21
13.933108	2.483999248e-21
13.965238	2.465346362e-21
13.997442	2.446873309e-21
14.02972	2.428579937e-21
14.062073	2.410466261e-21
14.0945	2.392532122e-21
14.127002	2.374777700e-21
14.159579	2.357203256e-21
14.192231	2.339808882e-21
14.224959	2.322595259e-21
14.257762	2.305562816e-21
14.29064	2.288712073e-21
14.323594	2.272043965e-21
14.356625	2.255559597e-21
14.389731	2.239259841e-21
14.422914	2.223146143e-21
14.456173	2.207219888e-21
14.48951	2.191482953e-21
14.522922	2.175937010e-21
14.556412	2.160584451e-21
14.58998	2.145427786e-21
14.623624	2.130469395e-21
14.657346	2.115712641e-21
14.691146	2.101160758e-21
14.725024	2.086817592e-21
14.75898	2.072687434e-21
14.793015	2.058774837e-21
14.827127	2.045084938e-21
14.861319	2.031623587e-21
14.895589	2.018397093e-21
14.929939	2.005412582e-21
14.964367	1.992677805e-21
14.998875	1.980201510e-21
15.033463	1.967993302e-21
15.06813	1.956063804e-21
15.102877	1.944425034e-21
15.137704	1.933090129e-21
15.172612	1.922074001e-21
15.2076	1.911392987e-21
15.242669	1.901065366e-21
15.277819	1.891111883e-21
15.31305	1.881555478e-21
15.348362	1.872421908e-21
15.383755	1.863740290e-21
15.41923	1.855543448e-21
15.454787	1.847868331e-21
15.490426	1.840756813e-21
15.526147	1.834256502e-21
15.56195	1.828421576e-21
15.597836	1.823313846e-21
15.633805	1.819004006e-21
15.669857	1.815573517e-21
15.705991	1.813115936e-21
15.74221	1.811739937e-21
15.778511	1.811571307e-21
15.814897	1.812757291e-21
15.851366	1.815469995e-21
15.887919	1.819912163e-21
15.924557	1.826323777e-21
15.961279	1.834990463e-21
15.998086	1.846253823e-21
16.034978	1.860525541e-21
16.071954	1.878305002e-21
16.109016	1.900202368e-21
16.146164	1.926969915e-21
16.183397	1.959542663e-21
16.220716	1.999096063e-21
16.258121	2.047123557e-21
16.295613	2.105547921e-21
16.33319	2.176880883e-21
16.370855	2.264460704e-21
16.408606	2.372811588e-21
16.446445	2.508210671e-21
16.48437	2.679613897e-21
16.522383	2.900239285e-21
16.560484	3.190428996e-21
16.598673	3.583184715e-21
16.636949	4.135831621e-21
16.675314	4.957533710e-21
16.713768	6.285143048e-21
16.75231	8.747473507e-21
16.790941	1.474962048e-20
16.829661	4.977394269e-20
16.86847	3.514719058e-20
16.907369	1.299428624e-20
16.946357	7.996721966e-21
16.985436	5.806368095e-21
17.024604	4.585955599e-21
17.063863	3.813657418e-21
17.103213	3.284535122e-21
17.142653	2.901703818e-21
17.182184	2.613424150e-21
17.221806	2.389565577e-21
17.26152	2.211407455e-21
17.301325	2.066719425e-21
17.341222	1.947185362e-21
17.381211	1.846963688e-21
17.421292	1.761838683e-21
17.461466	1.688698687e-21
17.501732	1.625201767e-21
17.542091	1.569555623e-21
17.582543	1.520368744e-21
17.623089	1.476546571e-21
17.663728	1.437218296e-21
17.70446	1.401684003e-21
17.745287	1.369375951e-21
17.786208	1.339829628e-21
17.827223	1.312661858e-21
17.868333	1.287554820e-21
17.909537	1.264242603e-21
17.950837	1.242501742e-21
17.992231	1.222143344e-21
18.033722	1.203006480e-21
18.075308	1.184954113e-21
18.116989	1.167868046e-21
18.158767	1.151646941e-21
18.200642	1.136202647e-21
18.242612	1.121458580e-21
18.28468	1.107348083e-21
18.326845	1.093812680e-21
18.369106	1.080800999e-21
18.411466	1.068267687e-21
18.453923	1.056172697e-21
18.496478	1.044480595e-21
18.539131	1.033159599e-21
18.581882	1.022181637e-21
18.624732	1.011521520e-21
18.667681	1.001156523e-21
18.710728	9.910663040e-22
18.753876	9.812326567e-22
18.797122	9.716389754e-22
18.840468	9.622703365e-22
18.883915	9.531130990e-22
18.927461	9.441549015e-22
18.971108	9.353845447e-22
19.014856	9.267917493e-22
19.058704	9.183671003e-22
19.102653	9.101020275e-22
19.146704	9.019886332e-22
19.190857	8.940196827e-22
19.235111	8.861884326e-22
19.279467	8.784887538e-22
19.323926	8.709149577e-22
19.368487	8.634617470e-22
19.413151	8.561242372e-22
19.457918	8.488978725e-22
19.502788	8.417784519e-22
19.547762	8.347620209e-22
19.592839	8.278449109e-22
19.63802	8.210237058e-22
19.683305	8.142951793e-22
19.728695	8.076563493e-22
19.77419	8.011043961e-22
19.819789	7.946366465e-22
19.865494	7.882506441e-22
19.911304	7.819440287e-22
19.957219	7.757145706e-22
20.003241	7.695602260e-22
20.049369	7.634790040e-22
20.095603	7.574690129e-22
20.141943	7.515285035e-22
20.188391	7.456558140e-22
20.234945	7.398493117e-22
20.281607	7.341075201e-22
20.328377	7.284289983e-22
20.375254	7.228123315e-22
20.42224	7.172562530e-22
20.469333	7.117594689e-22
20.516536	7.063208271e-22
20.563847	7.009391540e-22
20.611268	6.956133794e-22
20.658797	6.903424105e-22
20.706437	6.851252845e-22
20.754186	6.799610104e-22
20.802045	6.748486529e-22
20.850015	6.697873430e-22
20.898095	6.647761847e-22
20.946286	6.598143719e-22
20.994589	6.549011135e-22
21.043002	6.500355884e-22
21.091528	6.452171112e-22
21.140165	6.404449047e-22
21.188914	6.357182957e-22
21.237776	6.310366076e-22
21.28675	6.263991817e-22
21.335838	6.218053999e-22
21.385039	6.172546184e-22
21.434353	6.127462450e-22
21.48378	6.082796858e-22
21.533322	6.038544128e-22
21.582978	5.994698525e-22
21.632749	5.951254780e-22
21.682634	5.908207417e-22
21.732634	5.865551628e-22
21.78275	5.823282473e-22
21.832981	5.781395026e-22
21.883328	5.739884503e-22
21.933791	5.698746483e-22
21.984371	5.657976337e-22
22.035067	5.617569675e-22
22.08588	5.577522242e-22
22.13681	5.537829838e-22
22.187858	5.498488369e-22
22.239023	5.459493782e-22
22.290306	5.420842047e-22
22.341708	5.382529417e-22
22.393228	5.344552101e-22
22.444867	5.306906422e-22
22.496625	5.269588563e-22
22.548503	5.232595225e-22
22.6005	5.195922651e-22
22.652617	5.159567507e-22
22.704854	5.123526430e-22
22.757211	5.087795935e-22
22.809689	5.052372951e-22
22.862289	5.017254279e-22
22.915009	4.982436694e-22
22.967852	4.947917073e-22
23.020816	4.913692375e-22
23.073902	4.879759656e-22
23.12711	4.846115847e-22
23.180442	4.812758174e-22
23.233896	4.779683651e-22
23.287474	4.746889584e-22
23.341175	4.714373057e-22
23.395	4.682131459e-22
23.448949	4.650162057e-22
23.503022	4.618461997e-22
23.55722	4.587028944e-22
23.611543	4.555860122e-22
23.665992	4.524953270e-22
23.720566	4.494305494e-22
23.775265	4.463914410e-22
23.830091	4.433777812e-22
23.885044	4.403893074e-22
23.940123	4.374257793e-22
23.995329	4.344869736e-22
24.050662	4.315726454e-22
24.106123	4.286825802e-22
24.161712	4.258165411e-22
24.217429	4.229743022e-22
24.273275	4.201556663e-22
24.329249	4.173603737e-22
24.385353	4.145882555e-22
24.441586	4.118390613e-22
24.497948	4.091125913e-22
24.554441	4.064086623e-22
24.611063	4.037270226e-22
24.667817	4.010675165e-22
24.724701	3.984299125e-22
24.781716	3.958140142e-22
24.838863	3.932196456e-22
24.896142	3.906465998e-22
24.953552	3.880946718e-22
25.011095	3.855637019e-22
25.068771	3.830534792e-22
25.12658	3.805638264e-22
25.184522	3.780945534e-22
25.242598	3.756454994e-22
25.300807	3.732164535e-22
25.359151	3.708072715e-22
25.41763	3.684177593e-22
25.476243	3.660477373e-22
25.534991	3.636970394e-22
25.593875	3.613654984e-22
25.652895	3.590529506e-22
25.71205	3.567592238e-22
25.771343	3.544841621e-22
25.830772	3.522275848e-22
25.890338	3.499893314e-22
25.950041	3.477692675e-22
26.009882	3.455672079e-22
26.069861	3.433830051e-22
26.129978	3.412164993e-22
26.190234	3.390675595e-22
26.250629	3.369360015e-22
26.311163	3.348216973e-22
26.371837	3.327244902e-22
26.43265	3.306442333e-22
26.493604	3.285807855e-22
26.554699	3.265339930e-22
26.615934	3.245037177e-22
26.677311	3.224898277e-22
26.738829	3.204921606e-22
26.800489	3.185105995e-22
26.862291	3.165449870e-22
26.924236	3.145952044e-22
26.986323	3.126611098e-22
27.048554	3.107425660e-22
27.110928	3.088394410e-22
27.173446	3.069516135e-22
27.236108	3.050789440e-22
27.298915	3.032213101e-22
27.361866	3.013785770e-22
27.424963	2.995506258e-22
27.488205	2.977373205e-22
27.551593	2.959385589e-22
27.615127	2.941541974e-22
27.678808	2.923841204e-22
27.742636	2.906282181e-22
27.80661	2.888863514e-22
27.870732	2.871584197e-22
27.935003	2.854443046e-22
27.999421	2.837438836e-22
28.063988	2.820570421e-22
28.128704	2.803836663e-22
28.193569	2.787236421e-22
28.258583	2.770768666e-22
28.323748	2.754432340e-22
28.389062	2.738226067e-22
28.454528	2.722149183e-22
28.520144	2.706200179e-22
28.585912	2.690378329e-22
28.651831	2.674682282e-22
28.717903	2.659111300e-22
28.784126	2.643664091e-22
28.850503	2.628339831e-22
28.917032	2.613137340e-22
28.983715	2.598055735e-22
29.050552	2.583094034e-22
29.117543	2.568251134e-22
29.184688	2.553526042e-22
29.251988	2.538917806e-22
29.319443	2.524425666e-22
29.387054	2.510048417e-22
29.454821	2.495785166e-22
29.522744	2.481635139e-22
29.590824	2.467597234e-22
29.65906	2.453670625e-22
29.727454	2.439854358e-22
29.796006	2.426147520e-22
29.864716	2.412549186e-22
29.933584	2.399058676e-22
30.002611	2.385674852e-22
30.071797	2.372397024e-22
30.141143	2.359224166e-22
30.210649	2.346155700e-22
30.280315	2.333190552e-22
30.350142	2.320327803e-22
30.420129	2.307566949e-22
30.490278	2.294906852e-22
30.560589	2.282346913e-22
30.631062	2.269886156e-22
30.701697	2.257523848e-22
30.772496	2.245259327e-22
30.843457	2.233091655e-22
30.914583	2.221020070e-22
30.985872	2.209043876e-22
31.057326	2.197162265e-22
31.128944	2.185374319e-22
31.200728	2.173679596e-22
31.272677	2.162077169e-22
31.344792	2.150566302e-22
31.417073	2.139146345e-22
31.489521	2.127816554e-22
31.562136	2.116576146e-22
31.634919	2.105424491e-22
31.707869	2.094360765e-22
31.780988	2.083384367e-22
31.854275	2.072494588e-22
31.927731	2.061690785e-22
32.001357	2.050972308e-22
32.075152	2.040338317e-22
32.149118	2.029788311e-22
32.223254	2.019321567e-22
32.297561	2.008937420e-22
32.372039	1.998635298e-22
32.446689	1.988414402e-22
32.521512	1.978274310e-22
32.596506	1.968214123e-22
32.671674	1.958233472e-22
32.747015	1.948331609e-22
32.82253	1.938507972e-22
32.898219	1.928761963e-22
32.974083	1.919093011e-22
33.050121	1.909500356e-22
33.126335	1.899983447e-22
33.202725	1.890541933e-22
33.27929	1.881174913e-22
33.356033	1.871882113e-22
33.432952	1.862662728e-22
33.510049	1.853516320e-22
33.587323	1.844442234e-22
33.664776	1.835440025e-22
33.742407	1.826509032e-22
33.820217	1.817648777e-22
33.898207	1.808858776e-22
33.976376	1.800138361e-22
34.054726	1.791487200e-22
34.133257	1.782904644e-22
34.211968	1.774390014e-22
34.290861	1.765943100e-22
34.369936	1.757563245e-22
34.449194	1.749249943e-22
34.528634	1.741002637e-22
34.608257	1.732820946e-22
34.688064	1.724704360e-22
34.768055	1.716652203e-22
34.84823	1.708664326e-22
34.92859	1.700739946e-22
35.009136	1.692878799e-22
35.089867	1.685080308e-22
35.170785	1.677344101e-22
35.251889	1.669669593e-22
35.33318	1.662056382e-22
35.414659	1.654503927e-22
35.496325	1.647012038e-22
35.57818	1.639580060e-22
35.660224	1.632207555e-22
35.742456	1.624894059e-22
35.824879	1.617639330e-22
35.907491	1.610442745e-22
35.990294	1.603303901e-22
36.073288	1.596222481e-22
36.156473	1.589198032e-22
36.23985	1.582230122e-22
36.32342	1.575318315e-22
36.407182	1.568462263e-22
36.491137	1.561661525e-22
36.575286	1.554915795e-22
36.659629	1.548224470e-22
36.744166	1.541587351e-22
36.828898	1.535003852e-22
36.913826	1.528473927e-22
36.99895	1.521996827e-22
37.08427	1.515572347e-22
37.169786	1.509200142e-22
37.2555	1.502879769e-22
37.341412	1.496611016e-22
37.427521	1.490393240e-22
37.513829	1.484226263e-22
37.600336	1.478109731e-22
37.687043	1.472043169e-22
37.77395	1.466026493e-22
37.861057	1.460059067e-22
37.948365	1.454140547e-22
38.035874	1.448270843e-22
38.123585	1.442449333e-22
38.211498	1.436675922e-22
38.299614	1.430950121e-22
38.387933	1.425271694e-22
38.476456	1.419640287e-22
38.565183	1.414055522e-22
38.654115	1.408517038e-22
38.743251	1.403024716e-22
38.832594	1.397578087e-22
38.922142	1.392176786e-22
39.011897	1.386820618e-22
39.101858	1.381509231e-22
39.192028	1.376242345e-22
39.282405	1.371019617e-22
39.37299	1.365840768e-22
39.463785	1.360705509e-22
39.554788	1.355613519e-22
39.646002	1.350564535e-22
39.737426	1.345558238e-22
39.829061	1.340594368e-22
39.920907	1.335672621e-22
40.012965	1.330792719e-22
40.105235	1.325954367e-22
40.197718	1.321157314e-22
40.290414	1.316401262e-22
40.383324	1.311685941e-22
40.476449	1.307011109e-22
40.569788	1.302376446e-22
40.663342	1.297781720e-22
40.757112	1.293226657e-22
40.851098	1.288710977e-22
40.945301	1.284234457e-22
41.039721	1.279796801e-22
41.134359	1.275397784e-22
41.229215	1.271037135e-22
41.32429	1.266714596e-22
41.419584	1.262429923e-22
41.515098	1.258182884e-22
41.610832	1.253973202e-22
41.706787	1.249800658e-22
41.802963	1.245664985e-22
41.899361	1.241565976e-22
41.995982	1.237503376e-22
42.092825	1.233476931e-22
42.189891	1.229486413e-22
42.287181	1.225531608e-22
42.384696	1.221612271e-22
42.482435	1.217728170e-22
42.5804	1.213879087e-22
42.678591	1.210064788e-22
42.777008	1.206285051e-22
42.875652	1.202539654e-22
42.974524	1.198828373e-22
43.073623	1.195150983e-22
43.172951	1.191507272e-22
43.272508	1.187897027e-22
43.372295	1.184320033e-22
43.472312	1.180776089e-22
43.572559	1.177264950e-22
43.673038	1.173786425e-22
43.773748	1.170340311e-22
43.874691	1.166926400e-22
43.975866	1.163544457e-22
44.077275	1.160194331e-22
44.178918	1.156875783e-22
44.280795	1.153588618e-22
44.382906	1.150332610e-22
44.485254	1.147107615e-22
44.587837	1.143913408e-22
44.690657	1.140749787e-22
44.793714	1.137616563e-22
44.897009	1.134513548e-22
45.000541	1.131440526e-22
45.104313	1.128397346e-22
45.208324	1.125383789e-22
45.312575	1.122399676e-22
45.417066	1.119444814e-22
45.521798	1.116519037e-22
45.626772	1.113622148e-22
45.731987	1.110753937e-22
45.837446	1.107914276e-22
45.943147	1.105102925e-22
46.049092	1.102319756e-22
46.155282	1.099564565e-22
46.261716	1.096837168e-22
46.368396	1.094137405e-22
46.475322	1.091465099e-22
46.582494	1.088820047e-22
46.689914	1.086202128e-22
46.797581	1.083611124e-22
46.905497	1.081046880e-22
47.013661	1.078509239e-22
47.122075	1.075998012e-22
47.230739	1.073513035e-22
47.339654	1.071054139e-22
47.448819	1.068621161e-22
47.558236	1.066213940e-22
47.667906	1.063832319e-22
47.777829	1.061476129e-22
47.888005	1.059145184e-22
47.998435	1.056839353e-22
48.10912	1.054558460e-22
48.22006	1.052302363e-22
48.331255	1.050070857e-22
48.442708	1.047863845e-22
48.554417	1.045681145e-22
48.666384	1.043522586e-22
48.778609	1.041388022e-22
48.891093	1.039277314e-22
49.003836	1.037190284e-22
49.116839	1.035126777e-22
49.230103	1.033086683e-22
49.343628	1.031069806e-22
49.457415	1.029076018e-22
49.571464	1.027105166e-22
49.685776	1.025157092e-22
49.800352	1.023231668e-22
49.915192	1.021328720e-22
50.030297	1.019448119e-22
50.145667	1.017589725e-22
50.261303	1.015753371e-22
50.377206	1.013938926e-22
50.493376	1.012146261e-22
50.609814	1.010375210e-22
50.726521	1.008625637e-22
50.843497	1.006897411e-22
50.960742	1.005190369e-22
51.078258	1.003504399e-22
51.196045	1.001839351e-22
51.314103	1.000195077e-22
51.432434	9.985714604e-23
51.551038	9.969683500e-23
51.669915	9.953855939e-23
51.789066	9.938230806e-23
51.908492	9.922806662e-23
52.028193	9.907582119e-23
52.148171	9.892556138e-23
52.268425	9.877726902e-23
52.388956	9.863093417e-23
52.509766	9.848654294e-23
52.630854	9.834408177e-23
52.752221	9.820353733e-23
52.873868	9.806489775e-23
52.995795	9.792815017e-23
53.118004	9.779328032e-23
53.240495	9.766027680e-23
53.363268	9.752912657e-23
53.486324	9.739981576e-23
53.609663	9.727233119e-23
53.733288	9.714666554e-23
53.857197	9.702280041e-23
53.981392	9.690072580e-23
54.105874	9.678042912e-23
54.230642	9.666189751e-23
54.355699	9.654512005e-23
54.481043	9.643008288e-23
54.606677	9.631677489e-23
54.7326	9.620518461e-23
54.858814	9.609529825e-23
54.985319	9.598710512e-23
55.112116	9.588059368e-23
55.239205	9.577575145e-23
55.366587	9.567256511e-23
55.494262	9.557102534e-23
55.622233	9.547112042e-23
55.750498	9.537283583e-23
55.879059	9.527616386e-23
56.007916	9.518108993e-23
56.137071	9.508760450e-23
56.266524	9.499569617e-23
56.396275	9.490535185e-23
56.526325	9.481656266e-23
56.656675	9.472931452e-23
56.787326	9.464359833e-23
56.918278	9.455940244e-23
57.049532	9.447671597e-23
57.181088	9.439552709e-23
57.312948	9.431582566e-23
57.445113	9.423760226e-23
57.577581	9.416084154e-23
57.710356	9.408553818e-23
57.843436	9.401167672e-23
57.976824	9.393924915e-23
58.110519	9.386824583e-23
58.244522	9.379865186e-23
58.378834	9.373046084e-23
58.513456	9.366366118e-23
58.648389	9.359824285e-23
58.783632	9.353419262e-23
58.919188	9.347150363e-23
59.055056	9.341016420e-23
59.191237	9.335016411e-23
59.327733	9.329149388e-23
59.464543	9.323414163e-23
59.601669	9.317810116e-23
59.739111	9.312335786e-23
59.87687	9.306990464e-23
60.014946	9.301772844e-23
60.153341	9.296682465e-23
60.292055	9.291717826e-23
60.431089	9.286878380e-23
60.570443	9.282162798e-23
60.710119	9.277570415e-23
60.850117	9.273100064e-23
60.990438	9.268750822e-23
61.131083	9.264521939e-23
61.272051	9.260412151e-23
61.413345	9.256420669e-23
61.554965	9.252546649e-23
61.696911	9.248789240e-23
61.839185	9.245147214e-23
61.981786	9.241619631e-23
62.124717	9.238206024e-23
62.267977	9.234905102e-23
62.411567	9.231716062e-23
62.555489	9.228638166e-23
62.699742	9.225670285e-23
62.844328	9.222811499e-23
62.989248	9.220061158e-23
63.134501	9.217418291e-23
63.28009	9.214882037e-23
63.426014	9.212451408e-23
63.572275	9.210125642e-23
63.718874	9.207903887e-23
63.86581	9.205785328e-23
64.013085	9.203768997e-23
64.160699	9.201854142e-23
64.308655	9.200039864e-23
64.456951	9.198325429e-23
64.605589	9.196709855e-23
64.75457	9.195192619e-23
64.903894	9.193772409e-23
65.053563	9.192448939e-23
65.203577	9.191221064e-23
65.353937	9.190088065e-23
65.504644	9.189049037e-23
65.655698	9.188103537e-23
65.807101	9.187250364e-23
65.958852	9.186488818e-23
66.110954	9.185818480e-23
66.263406	9.185238097e-23
66.41621	9.184747171e-23
66.569367	9.184344944e-23
66.722876	9.184030335e-23
66.87674	9.183803085e-23
67.030958	9.183662102e-23
67.185532	9.183606677e-23
67.340462	9.183636154e-23
67.49575	9.183749632e-23
67.651395	9.183946556e-23
67.8074	9.184226268e-23
67.963764	9.184587843e-23
68.120489	9.185030547e-23
68.277576	9.185553941e-23
68.435024	9.186156900e-23
68.592836	9.186839122e-23
68.751012	9.187599714e-23
68.909552	9.188437982e-23
69.068458	9.189353165e-23
69.22773	9.190344738e-23
69.38737	9.191411935e-23
69.547378	9.192554038e-23
69.707755	9.193770399e-23
69.868501	9.195060285e-23
70.029619	9.196423359e-23
70.191107	9.197858378e-23
70.352969	9.199365247e-23
70.515203	9.200942908e-23
70.677812	9.202590999e-23
70.840795	9.204308714e-23
71.004155	9.206095497e-23
71.167891	9.207950714e-23
71.332004	9.209873484e-23
71.496497	9.211863623e-23
71.661368	9.213920235e-23
71.82662	9.216042746e-23
71.992252	9.218230321e-23
72.158267	9.220482756e-23
72.324665	9.222799274e-23
72.491446	9.225179090e-23
72.658612	9.227621934e-23
72.826163	9.230127009e-23
72.994101	9.232693656e-23
73.162426	9.235321464e-23
73.331139	9.238009883e-23
73.500241	9.240758178e-23
73.669733	9.243565797e-23
73.839616	9.246432188e-23
74.009891	9.249356788e-23
74.180558	9.252338983e-23
74.351619	9.255378455e-23
74.523074	9.258474197e-23
74.694925	9.261626275e-23
74.867172	9.264833479e-23
75.039817	9.268095872e-23
75.212859	9.271412560e-23
75.3863	9.274783019e-23
75.560142	9.278206729e-23
75.734384	9.281683363e-23
75.909028	9.285212004e-23
76.084075	9.288792642e-23
76.259525	9.292424229e-23
76.43538	9.296106806e-23
76.611641	9.299839386e-23
76.788308	9.303621690e-23
76.965382	9.307453105e-23
77.142865	9.311333277e-23
77.320757	9.315261730e-23
77.49906	9.319237705e-23
77.677773	9.323261052e-23
77.856898	9.327331014e-23
78.036437	9.331447214e-23
78.21639	9.335609161e-23
78.396757	9.339816559e-23
78.577541	9.344068694e-23
78.758741	9.348365007e-23
78.940359	9.352705315e-23
79.122397	9.357089224e-23
79.304853	9.361515916e-23
79.487731	9.365985116e-23
79.67103	9.370496452e-23
79.854752	9.375049523e-23
80.038898	9.379643477e-23
80.223468	9.384278390e-23
80.408464	9.388953461e-23
80.593887	9.393668623e-23
80.779737	9.398422947e-23
80.966016	9.403216423e-23
81.152724	9.408048517e-23
81.339863	9.412918615e-23
81.527433	9.417826578e-23
81.715436	9.422771787e-23
81.903872	9.427753903e-23
82.092743	9.432772495e-23
82.28205	9.437827279e-23
82.471793	9.442917505e-23
82.661973	9.448043287e-23
82.852592	9.453203788e-23
83.043651	9.458398910e-23
83.23515	9.463627896e-23
83.427091	9.468890709e-23
83.619475	9.474187047e-23
83.812302	9.479516148e-23
84.005574	9.484877756e-23
84.199291	9.490271519e-23
84.393456	9.495697231e-23
84.588067	9.501154214e-23
84.783128	9.506642323e-23
84.978639	9.512161187e-23
85.1746	9.517710231e-23
85.371013	9.523289188e-23
85.56788	9.528898003e-23
85.7652	9.534535828e-23
85.962975	9.540202603e-23
86.161206	9.545897999e-23
86.359895	9.551621543e-23
86.559041	9.557372785e-23
86.758647	9.563151719e-23
86.958713	9.568957746e-23
87.159241	9.574790585e-23
87.360231	9.580649845e-23
87.561684	9.586535393e-23
87.763602	9.592446528e-23
87.965985	9.598383270e-23
88.168836	9.604345173e-23
88.372154	9.610331990e-23
88.57594	9.616343167e-23
88.780197	9.622378459e-23
88.984925	9.628437669e-23
89.190125	9.634520658e-23
89.395798	9.640626645e-23
89.601945	9.646755486e-23
89.808568	9.652907300e-23
90.015667	9.659081033e-23
90.223244	9.665277014e-23
90.4313	9.671494670e-23
90.639835	9.677733575e-23
90.848851	9.683993629e-23
91.058349	9.690274679e-23
91.268331	9.696575978e-23
91.478796	9.702897688e-23
91.689747	9.709239327e-23
91.901184	9.715600463e-23
92.113109	9.721980989e-23
92.325522	9.728380685e-23
92.538426	9.734799058e-23
92.75182	9.741236053e-23
92.965707	9.747691175e-23
93.180086	9.754164147e-23
93.39496	9.760654904e-23
93.61033	9.767163268e-23
93.826196	9.773688582e-23
94.04256	9.780230721e-23
94.259423	9.786789512e-23
94.476786	9.793364550e-23
94.69465	9.799955661e-23
94.913016	9.806562660e-23
95.131886	9.813185199e-23
95.351261	9.819823097e-23
95.571142	9.826475948e-23
95.79153	9.833143561e-23
96.012426	9.839825756e-23
96.233831	9.846522114e-23
96.455747	9.853232503e-23
96.678175	9.859956727e-23
96.901115	9.866694545e-23
97.12457	9.873445640e-23
97.34854	9.880209550e-23
97.573027	9.886986563e-23
97.798031	9.893775996e-23
98.023554	9.900577693e-23
98.249597	9.907391455e-23
98.476161	9.914217301e-23
98.703248	9.921054642e-23
98.930858	9.927903210e-23
99.158994	9.934763133e-23
99.387655	9.941633875e-23
99.616844	9.948515329e-23
99.846561	9.955407234e-23
100.07681	9.962309534e-23
100.30759	9.969221687e-23
100.5389	9.976143611e-23
100.77074	9.983075037e-23
101.00312	9.990015973e-23
101.23603	9.996965887e-23
101.46948	1.000392478e-22
101.70347	1.001089238e-22
101.938	1.001786864e-22
102.17307	1.002485307e-22
102.40868	1.003184539e-22
102.64484	1.003884606e-22
102.88154	1.004585409e-22
103.11878	1.005286918e-22
103.35658	1.005989229e-22
103.59492	1.006692191e-22
103.83381	1.007395828e-22
104.07325	1.008100132e-22
104.31324	1.008805077e-22
104.55379	1.009510661e-22
104.79489	1.010216828e-22
105.03655	1.010923600e-22
105.27876	1.011630899e-22
105.52154	1.012338794e-22
105.76487	1.013047160e-22
106.00877	1.013756087e-22
106.25322	1.014465428e-22
106.49824	1.015175248e-22
106.74383	1.015885566e-22
106.98998	1.016596259e-22
107.2367	1.017307391e-22
107.48399	1.018018909e-22
107.73185	1.018730785e-22
107.98028	1.019443035e-22
108.22928	1.020155584e-22
108.47886	1.020868471e-22
108.72901	1.021581645e-22
108.97974	1.022295097e-22
109.23105	1.023008823e-22
109.48294	1.023722792e-22
109.73541	1.024436997e-22
109.98846	1.025151384e-22
110.24209	1.025865947e-22
110.49631	1.026580702e-22
110.75112	1.027295642e-22
111.00651	1.028010666e-22
111.26249	1.028725837e-22
111.51906	1.029441102e-22
111.77623	1.030156475e-22
112.03398	1.030871879e-22
112.29234	1.031587376e-22
112.55128	1.032302867e-22
112.81083	1.033018411e-22
113.07097	1.033733933e-22
113.33171	1.034449424e-22
113.59306	1.035164944e-22
113.855	1.035880348e-22
114.11755	1.036595696e-22
114.38071	1.037311002e-22
114.64447	1.038026166e-22
114.90884	1.038741225e-22
115.17382	1.039456172e-22
115.43942	1.040170995e-22
115.70562	1.040885620e-22
115.97244	1.041600057e-22
116.23987	1.042314300e-22
116.50792	1.043028363e-22
116.77659	1.043742188e-22
117.04588	1.044455768e-22
117.31579	1.045169093e-22
117.58632	1.045882131e-22
117.85747	1.046594873e-22
118.12925	1.047307331e-22
118.40166	1.048019496e-22
118.67469	1.048731266e-22
118.94836	1.049442746e-22
119.22265	1.050153814e-22
119.49758	1.050864525e-22
119.77314	1.051574825e-22
120.04934	1.052284749e-22
120.32618	1.052994265e-22
120.60365	1.053703294e-22
120.88176	1.054411872e-22
121.16052	1.055120007e-22
121.43991	1.055827629e-22
121.71996	1.056534808e-22
122.00064	1.057241406e-22
122.28198	1.057947518e-22
122.56396	1.058653073e-22
122.84659	1.059358055e-22
123.12988	1.060062522e-22
123.41382	1.060766372e-22
123.69841	1.061469620e-22
123.98366	1.062172251e-22
124.26957	1.062874278e-22
124.55613	1.063575624e-22
124.84336	1.064276364e-22
125.13125	1.064976422e-22
125.41981	1.065675805e-22
125.70902	1.066374443e-22
125.99891	1.067072428e-22
126.28946	1.067769664e-22
126.58069	1.068466176e-22
126.87259	1.069161963e-22
127.16515	1.069856896e-22
127.4584	1.070551140e-22
127.75232	1.071244553e-22
128.04692	1.071937190e-22
128.34219	1.072628948e-22
128.63815	1.073319926e-22
128.93479	1.074010047e-22
129.23212	1.074699315e-22
129.53013	1.075387704e-22
129.82882	1.076075203e-22
130.12821	1.076761809e-22
130.42829	1.077447519e-22
130.72906	1.078132324e-22
131.03052	1.078816134e-22
131.33268	1.079499033e-22
131.63553	1.080180968e-22
131.93908	1.080861892e-22
132.24333	1.081541846e-22
132.54829	1.082220858e-22
132.85395	1.082898800e-22
133.16031	1.083575738e-22
133.46738	1.084251625e-22
133.77515	1.084926434e-22
134.08364	1.085600234e-22
134.39284	1.086272923e-22
134.70275	1.086944541e-22
135.01337	1.087615024e-22
135.32472	1.088284468e-22
135.63678	1.088952729e-22
135.94956	1.089619859e-22
136.26306	1.090285851e-22
136.57728	1.090950664e-22
136.89223	1.091614327e-22
137.2079	1.092276763e-22
137.52431	1.092938065e-22
137.84144	1.093598116e-22
138.1593	1.094256944e-22
138.4779	1.094914550e-22
138.79723	1.095570910e-22
139.1173	1.096226023e-22
139.4381	1.096879840e-22
139.75965	1.097532400e-22
140.08193	1.098183639e-22
140.40496	1.098833597e-22
140.72874	1.099482262e-22
141.05326	1.100129582e-22
141.37853	1.100775558e-22
141.70455	1.101420178e-22
142.03132	1.102063455e-22
142.35885	1.102705364e-22
142.68713	1.103345878e-22
143.01617	1.103984999e-22
143.34596	1.104622676e-22
143.67652	1.105258999e-22
144.00784	1.105893863e-22
144.33992	1.106527284e-22
144.67277	1.107159287e-22
145.00639	1.107789806e-22
145.34077	1.108418843e-22
145.67593	1.109046408e-22
146.01186	1.109672505e-22
146.34856	1.110297067e-22
146.68604	1.110920119e-22
147.0243	1.111541648e-22
147.36334	1.112161668e-22
147.70316	1.112780112e-22
148.04377	1.113397033e-22
148.38516	1.114012352e-22
148.72734	1.114626120e-22
149.0703	1.115238289e-22
149.41406	1.115848864e-22
149.75861	1.116457824e-22
150.10395	1.117065182e-22
150.45009	1.117670879e-22
150.79703	1.118274985e-22
151.14477	1.118877433e-22
151.49331	1.119478208e-22
151.84266	1.120077363e-22
152.19281	1.120674818e-22
152.54377	1.121270570e-22
152.89553	1.121864626e-22
153.24811	1.122456987e-22
153.6015	1.123047634e-22
153.95571	1.123636589e-22
154.31073	1.124223774e-22
154.66657	1.124809211e-22
155.02324	1.125392954e-22
155.38072	1.125974884e-22
155.73903	1.126555092e-22
156.09817	1.127133508e-22
156.45813	1.127710109e-22
156.81892	1.128284945e-22
157.18055	1.128857984e-22
157.54301	1.129429203e-22
157.9063	1.129998561e-22
158.27044	1.130566171e-22
158.63541	1.131131893e-22
159.00122	1.131695777e-22
159.36788	1.132257815e-22
159.73539	1.132818023e-22
160.10374	1.133376351e-22
160.47294	1.133932793e-22
160.84299	1.134487333e-22
161.21389	1.135039987e-22
161.58565	1.135590748e-22
161.95827	1.136139631e-22
162.33175	1.136686592e-22
162.70609	1.137231646e-22
163.08129	1.137774751e-22
163.45736	1.138315927e-22
163.83429	1.138855155e-22
164.21209	1.139392427e-22
164.59077	1.139927790e-22
164.97031	1.140461134e-22
165.35074	1.140992578e-22
165.73204	1.141522037e-22
166.11422	1.142049503e-22
166.49728	1.142574962e-22
166.88122	1.143098458e-22
167.26605	1.143619952e-22
167.65177	1.144139460e-22
168.03837	1.144656904e-22
168.42587	1.145172397e-22
168.81426	1.145685860e-22
169.20355	1.146197285e-22
169.59373	1.146706681e-22
169.98482	1.147214072e-22
170.37681	1.147719441e-22
170.7697	1.148222743e-22
171.16349	1.148723963e-22
171.5582	1.149223185e-22
171.95381	1.149720326e-22
172.35034	1.150215441e-22
172.74778	1.150708478e-22
173.14614	1.151199460e-22
173.54541	1.151688337e-22
173.94561	1.152175192e-22
174.34673	1.152659947e-22
174.74877	1.153142618e-22
175.15175	1.153623256e-22
175.55565	1.154101780e-22
175.96048	1.154578210e-22
176.36625	1.155052593e-22
176.77295	1.155524853e-22
177.18059	1.155995037e-22
177.58917	1.156463132e-22
177.99869	1.156929122e-22
178.40916	1.157393027e-22
178.82057	1.157854829e-22
179.23293	1.158314545e-22
179.64624	1.158772162e-22
180.06051	1.159227728e-22
180.47573	1.159681166e-22
180.89191	1.160132493e-22
181.30905	1.160581756e-22
181.72715	1.161028910e-22
182.14621	1.161473970e-22
182.56624	1.161916926e-22
182.98724	1.162357822e-22
183.40921	1.162796613e-22
183.83215	1.163233316e-22
184.25607	1.163667949e-22
184.68097	1.164100497e-22
185.10684	1.164530944e-22
185.5337	1.164959340e-22
185.96154	1.165385638e-22
186.39037	1.165809887e-22
186.82019	1.166232071e-22
187.251	1.166652209e-22
187.6828	1.167070285e-22
188.1156	1.167486285e-22
188.54939	1.167900258e-22
188.98419	1.168312188e-22
189.41999	1.168722094e-22
189.85679	1.169129929e-22
190.2946	1.169535772e-22
190.73343	1.169939610e-22
191.17326	1.170341428e-22
191.61411	1.170741244e-22
192.05597	1.171139043e-22
192.49885	1.171534874e-22
192.94276	1.171928754e-22
193.38768	1.172320606e-22
193.83364	1.172710540e-22
194.28062	1.173098513e-22
194.72863	1.173484542e-22
195.17768	1.173868642e-22
195.62776	1.174250802e-22
196.07888	1.174631068e-22
196.53104	1.175009460e-22
196.98424	1.175385932e-22
197.43849	1.175760564e-22
197.89378	1.176133281e-22
198.35012	1.176504162e-22
198.80752	1.176873256e-22
199.26597	1.177240486e-22
199.72548	1.177605935e-22
200.18605	1.177969589e-22
200.64768	1.178331433e-22
201.11038	1.178691548e-22
201.57414	1.179049924e-22
202.03897	1.179406546e-22
202.50487	1.179761464e-22
202.97185	1.180114694e-22
203.43991	1.180466288e-22
203.90904	1.180816171e-22
204.37926	1.181164454e-22
204.85056	1.181511096e-22
205.32294	1.181856115e-22
205.79642	1.182199621e-22
206.27099	1.182541542e-22
206.74665	1.182881928e-22
207.22341	1.183220797e-22
207.70127	1.183558170e-22
208.18023	1.183894097e-22
208.66029	1.184228569e-22
209.14147	1.184561662e-22
209.62375	1.184893340e-22
210.10714	1.185223652e-22
210.59165	1.185552648e-22
211.07728	1.185880349e-22
211.56402	1.186206715e-22
212.05189	1.186531857e-22
212.54088	1.186855767e-22
213.031	1.187178496e-22
213.52226	1.187500094e-22
214.01464	1.187820526e-22
214.50816	1.188139837e-22
215.00282	1.188458116e-22
215.49861	1.188775324e-22
215.99556	1.189091599e-22
216.49364	1.189406850e-22
216.99288	1.189721214e-22
217.49327	1.190034686e-22
217.99481	1.190347257e-22
218.4975	1.190659016e-22
219.00136	1.190970042e-22
219.50638	1.191280299e-22
220.01256	1.191589875e-22
220.51991	1.191898789e-22
221.02844	1.192207126e-22
221.53813	1.192514823e-22
222.049	1.192822026e-22
222.56104	1.193128731e-22
223.07427	1.193435018e-22
223.58868	1.193740919e-22
224.10428	1.194046486e-22
224.62107	1.194351744e-22
225.13904	1.194656726e-22
225.65822	1.194961539e-22
226.17859	1.195266222e-22
226.70016	1.195570795e-22
227.22293	1.195875318e-22
227.74691	1.196179878e-22
228.27209	1.196484476e-22
228.79849	1.196789226e-22
229.3261	1.197094163e-22
229.85493	1.197399341e-22
230.38497	1.197704762e-22
230.91624	1.198010608e-22
231.44874	1.198316874e-22
231.98246	1.198623596e-22
232.51741	1.198930865e-22
233.0536	1.199238769e-22
233.59102	1.199547345e-22
234.12969	1.199856676e-22
234.66959	1.200166808e-22
235.21074	1.200477824e-22
235.75314	1.200789822e-22
236.29679	1.201102798e-22
236.84169	1.201416889e-22
237.38785	1.201732185e-22
237.93527	1.202048717e-22
238.48395	1.202366552e-22
239.03389	1.202685792e-22
239.58511	1.203006520e-22
240.13759	1.203328822e-22
240.69135	1.203652748e-22
241.24639	1.203978434e-22
241.8027	1.204305926e-22
242.3603	1.204635307e-22
242.91919	1.204966716e-22
243.47936	1.205300128e-22
244.04083	1.205635768e-22
244.60359	1.205973647e-22
245.16764	1.206313870e-22
245.733	1.206656560e-22
246.29967	1.207001821e-22
246.86763	1.207349642e-22
247.43691	1.207700276e-22
248.0075	1.208053734e-22
248.57941	1.208410116e-22
249.15264	1.208769600e-22
249.72719	1.209132190e-22
250.30306	1.209498067e-22
250.88026	1.209867295e-22
251.45879	1.210240020e-22
252.03866	1.210616343e-22
252.61986	1.210996352e-22
253.2024	1.211380183e-22
253.78629	1.211767973e-22
254.37152	1.212159810e-22
254.95811	1.212555859e-22
255.54604	1.212956186e-22
256.13533	1.213360915e-22
256.72598	1.213770237e-22
257.31799	1.214184230e-22
257.91137	1.214603036e-22
258.50612	1.215026806e-22
259.10223	1.215455637e-22
259.69973	1.215889680e-22
260.29859	1.216329056e-22
260.89885	1.216773979e-22
261.50048	1.217224461e-22
262.1035	1.217680745e-22
262.70792	1.218142972e-22
263.31372	1.218611220e-22
263.92092	1.219085729e-22
264.52953	1.219566574e-22
265.13954	1.220053964e-22
265.75095	1.220548022e-22
266.36377	1.221048900e-22
266.97801	1.221556779e-22
267.59366	1.222071837e-22
268.21074	1.222594211e-22
268.82923	1.223124019e-22
269.44915	1.223661508e-22
270.07051	1.224206831e-22
270.69329	1.224760143e-22
271.31751	1.225321622e-22
271.94317	1.225891436e-22
272.57028	1.226469812e-22
273.19882	1.227056838e-22
273.82882	1.227652789e-22
274.46027	1.228257813e-22
275.09318	1.228872104e-22
275.72755	1.229495871e-22
276.36338	1.230129252e-22
277.00067	1.230772457e-22
277.63944	1.231425743e-22
278.27968	1.232089263e-22
278.92139	1.232763232e-22
279.56459	1.233447833e-22
280.20927	1.234143298e-22
280.85543	1.234849805e-22
281.50309	1.235567616e-22
282.15223	1.236296868e-22
282.80288	1.237037883e-22
283.45503	1.237790822e-22
284.10868	1.238555907e-22
284.76383	1.239333320e-22
285.4205	1.240123367e-22
286.07868	1.240926212e-22
286.73838	1.241742139e-22
287.3996	1.242571374e-22
288.06235	1.243414128e-22
288.72662	1.244270606e-22
289.39243	1.245141157e-22
290.05977	1.246025950e-22
290.72865	1.246925239e-22
291.39907	1.247839254e-22
292.07104	1.248768289e-22
292.74456	1.249712577e-22
293.41963	1.250672390e-22
294.09626	1.251647986e-22
294.77444	1.252639582e-22
295.4542	1.253647517e-22
296.13552	1.254672025e-22
296.81841	1.255713331e-22
297.50287	1.256771753e-22
298.18892	1.257847612e-22
298.87654	1.258941072e-22
299.56575	1.260052499e-22
300.25656	1.261182157e-22
300.94895	1.262330328e-22
301.64294	1.263497305e-22
302.33853	1.264683334e-22
303.03573	1.265888804e-22
303.73453	1.267113906e-22
304.43494	1.268358954e-22
305.13697	1.269624337e-22
305.84062	1.270910273e-22
306.54589	1.272217095e-22
307.25279	1.273545121e-22
307.96131	1.274894628e-22
308.67148	1.276265976e-22
309.38327	1.277659444e-22
310.09672	1.279075375e-22
310.8118	1.280514051e-22
311.52853	1.281975816e-22
312.24692	1.283461036e-22
312.96697	1.284969977e-22
313.68867	1.286502968e-22
314.41204	1.288060396e-22
315.13708	1.289642575e-22
315.86378	1.291249793e-22
316.59217	1.292882466e-22
317.32223	1.294540868e-22
318.05398	1.296225396e-22
318.78741	1.297936345e-22
319.52254	1.299674116e-22
320.25936	1.301439008e-22
320.99788	1.303231402e-22
321.73811	1.305051682e-22
322.48004	1.306900152e-22
323.22368	1.308777157e-22
323.96903	1.310683145e-22
324.71611	1.312618405e-22
325.46491	1.314583325e-22
326.21543	1.316578238e-22
326.96769	1.318603557e-22
327.72168	1.320659636e-22
328.47741	1.322746870e-22
329.23488	1.324865598e-22
329.9941	1.327016217e-22
330.75506	1.329199090e-22
331.51779	1.331414615e-22
332.28227	1.333663138e-22
333.04852	1.335945082e-22
333.81653	1.338260815e-22
334.58631	1.340610703e-22
335.35787	1.342995196e-22
336.13121	1.345414604e-22
336.90633	1.347869360e-22
337.68324	1.350359879e-22
338.46194	1.352886472e-22
339.24243	1.355449621e-22
340.02473	1.358049680e-22
340.80883	1.360687030e-22
341.59474	1.363362094e-22
342.38246	1.366075272e-22
343.17199	1.368826973e-22
343.96335	1.371617556e-22
344.75653	1.374447454e-22
345.55154	1.377317094e-22
346.34839	1.380226826e-22
347.14707	1.383177081e-22
347.94759	1.386168296e-22
348.74996	1.389200822e-22
349.55418	1.392275076e-22
350.36026	1.395391497e-22
351.16819	1.398550487e-22
351.97799	1.401752421e-22
352.78965	1.404997747e-22
353.60319	1.408286886e-22
354.4186	1.411620162e-22
355.23589	1.414998107e-22
356.05507	1.418421044e-22
356.87613	1.421889385e-22
357.69909	1.425403602e-22
358.52395	1.428964087e-22
359.35071	1.432571193e-22
360.17937	1.436225397e-22
361.00995	1.439927097e-22
361.84244	1.443676711e-22
362.67685	1.447474617e-22
363.51319	1.451321236e-22
364.35145	1.455217036e-22
365.19165	1.459162377e-22
366.03379	1.463157662e-22
366.87786	1.467203325e-22
367.72389	1.471299789e-22
368.57186	1.475447425e-22
369.42179	1.479646685e-22
370.27368	1.483897939e-22
371.12753	1.488201645e-22
371.98336	1.492558173e-22
372.84115	1.496967944e-22
373.70093	1.501431350e-22
374.56268	1.505948817e-22
375.42643	1.510520782e-22
376.29216	1.515147586e-22
377.1599	1.519829714e-22
378.02963	1.524567465e-22
378.90137	1.529361352e-22
379.77512	1.534211673e-22
380.65088	1.539118947e-22
381.52867	1.544083471e-22
382.40848	1.549105703e-22
383.29031	1.554186033e-22
384.17418	1.559324853e-22
385.06009	1.564522599e-22
385.94804	1.569779623e-22
386.83804	1.575096344e-22
387.73009	1.580473115e-22
388.6242	1.585910400e-22
389.52037	1.591408557e-22
390.41861	1.596968007e-22
391.31892	1.602589067e-22
392.2213	1.608272230e-22
393.12577	1.614017855e-22
394.03232	1.619826284e-22
394.94096	1.625697948e-22
395.8517	1.631633277e-22
396.76453	1.637632574e-22
397.67948	1.643696313e-22
398.59653	1.649824824e-22
399.51569	1.656018497e-22
400.43698	1.662277791e-22
401.36039	1.668603059e-22
402.28593	1.674994697e-22
403.21361	1.681453102e-22
404.14342	1.687978676e-22
405.07538	1.694571793e-22
406.00948	1.701232858e-22
406.94575	1.707962315e-22
407.88417	1.714760550e-22
408.82475	1.721628014e-22
409.7675	1.728565112e-22
410.71243	1.735572298e-22
411.65954	1.742650005e-22
412.60883	1.749798714e-22
413.5603	1.757018905e-22
414.51398	1.764311175e-22
415.46985	1.771675964e-22
416.42793	1.779113986e-22
417.38821	1.786625800e-22
418.35071	1.794212261e-22
419.31543	1.801874092e-22
420.28238	1.809612316e-22
421.25155	1.817428102e-22
422.22296	1.825322869e-22
423.19661	1.833298415e-22
424.17251	1.841357074e-22
425.15065	1.849501837e-22
426.13105	1.857737114e-22
427.11371	1.866068951e-22
428.09864	1.874506455e-22
429.08584	1.883063891e-22
430.07531	1.891764585e-22
431.06707	1.900649284e-22
432.06111	1.909794832e-22
433.05745	1.919361226e-22
434.05608	1.929729903e-22
435.05702	1.942010169e-22
436.06027	1.960678755e-22
437.06582	2.021672509e-22
438.0737	4.947535524e-21
439.0839	2.035257395e-22
440.09643	1.995848032e-22
441.1113	1.995998612e-22
442.12851	2.002192536e-22
443.14806	2.010196961e-22
444.16996	2.018962422e-22
445.19422	2.028129281e-22
446.22084	2.037547779e-22
447.24983	2.047146599e-22
448.28119	2.056888442e-22
449.31493	2.066752355e-22
450.35105	2.076725900e-22
451.38957	2.086801375e-22
452.43047	2.096973807e-22
453.47378	2.107239931e-22
454.5195	2.117597685e-22
455.56762	2.128045546e-22
456.61816	2.138582579e-22
457.67113	2.149208155e-22
458.72652	2.159921835e-22
459.78435	2.170723391e-22
460.84462	2.181612737e-22
461.90733	2.192589788e-22
462.97249	2.203654672e-22
464.04011	2.214807375e-22
465.11019	2.226048146e-22
466.18273	2.237377090e-22
467.25776	2.248794433e-22
468.33526	2.260300325e-22
469.41524	2.271895045e-22
470.49772	2.283578840e-22
471.58269	2.295351891e-22
472.67016	2.307214522e-22
473.76014	2.319167008e-22
474.85264	2.331209579e-22
475.94765	2.343342512e-22
477.04519	2.355566061e-22
478.14526	2.367880578e-22
479.24786	2.380286318e-22
480.35301	2.392783585e-22
481.46071	2.405372636e-22
482.57096	2.418053728e-22
483.68378	2.430827266e-22
484.79915	2.443693457e-22
485.91711	2.456652610e-22
487.03763	2.469705058e-22
488.16075	2.482851063e-22
489.28645	2.496090932e-22
490.41475	2.509424977e-22
491.54565	2.522853509e-22
492.67916	2.536376816e-22
493.81528	2.549995210e-22
494.95402	2.563708929e-22
496.09539	2.577518365e-22
497.23939	2.591423829e-22
498.38602	2.605425537e-22
499.53531	2.619523884e-22
500.68724	2.633719134e-22
501.84183	2.648011604e-22
502.99908	2.662401613e-22
504.159	2.676889407e-22
505.32159	2.691475402e-22
506.48687	2.706159872e-22
507.65483	2.720943061e-22
508.82549	2.735825342e-22
509.99884	2.750807061e-22
511.1749	2.765888441e-22
512.35368	2.781069886e-22
513.53517	2.796351638e-22
514.71938	2.811734050e-22
515.90633	2.827217453e-22
517.09601	2.842802141e-22
518.28844	2.858488448e-22
519.48362	2.874276647e-22
520.68155	2.890167121e-22
521.88225	2.906160199e-22
523.08571	2.922256131e-22
524.29195	2.938455255e-22
525.50097	2.954757949e-22
526.71278	2.971164523e-22
527.92739	2.987675286e-22
529.14479	3.004290489e-22
530.365	3.021010627e-22
531.58803	3.037835907e-22
532.81387	3.054766633e-22
534.04255	3.071803229e-22
535.27405	3.088945974e-22
536.5084	3.106195237e-22
537.74559	3.123551327e-22
538.98564	3.141014591e-22
540.22854	3.158585283e-22
541.47431	3.176263856e-22
542.72296	3.194050626e-22
543.97448	3.211945853e-22
545.22889	3.229949990e-22
546.48619	3.248063275e-22
547.74639	3.266286081e-22
549.0095	3.284618780e-22
550.27552	3.303061668e-22
551.54446	3.321615167e-22
552.81633	3.340279554e-22
554.09112	3.359055141e-22
555.36886	3.377942371e-22
556.64955	3.396941588e-22
557.93319	3.416053091e-22
559.21978	3.435277228e-22
560.50935	3.454614442e-22
561.80189	3.474064948e-22
563.09741	3.493629236e-22
564.39591	3.513307550e-22
565.69742	3.533100340e-22
567.00192	3.553007895e-22
568.30943	3.573030632e-22
569.61995	3.593168805e-22
570.9335	3.613422934e-22
572.25008	3.633793328e-22
573.56969	3.654280288e-22
574.89235	3.674884238e-22
576.21806	3.695605593e-22
577.54682	3.716444602e-22
578.87865	3.737401694e-22
580.21354	3.758477197e-22
581.55152	3.779671625e-22
582.89258	3.800985201e-22
584.23674	3.822418407e-22
585.58399	3.843971524e-22
586.93435	3.865644984e-22
588.28783	3.887439237e-22
589.64443	3.909354544e-22
591.00415	3.931391273e-22
592.36701	3.953549916e-22
593.73301	3.975830785e-22
595.10217	3.998234373e-22
596.47448	4.020760911e-22
597.84995	4.043410857e-22
599.2286	4.066184654e-22
600.61042	4.089082638e-22
601.99543	4.112105147e-22
603.38364	4.135252752e-22
604.77505	4.158525667e-22
606.16966	4.181924376e-22
607.5675	4.205449309e-22
608.96855	4.229100774e-22
610.37284	4.252879199e-22
611.78036	4.276785040e-22
613.19113	4.300818641e-22
614.60516	4.324980525e-22
616.02244	4.349270933e-22
617.44299	4.373690318e-22
618.86682	4.398239211e-22
620.29393	4.422917888e-22
621.72433	4.447726769e-22
623.15804	4.472666425e-22
624.59504	4.497737062e-22
626.03536	4.522939231e-22
627.47901	4.548273305e-22
628.92598	4.573739691e-22
630.37629	4.599338857e-22
631.82994	4.625071193e-22
633.28694	4.650937130e-22
634.74731	4.676937080e-22
636.21104	4.703071513e-22
637.67815	4.729340787e-22
639.14864	4.755745412e-22
640.62252	4.782285766e-22
642.0998	4.808962285e-22
643.58049	4.835775407e-22
645.06459	4.862725590e-22
646.55211	4.889813270e-22
648.04307	4.917038871e-22
649.53746	4.944402815e-22
651.0353	4.971905639e-22
652.53659	4.999547634e-22
654.04134	5.027329300e-22
655.54957	5.055251181e-22
657.06127	5.083313587e-22
658.57646	5.111517062e-22
660.09514	5.139862017e-22
661.61732	5.168348899e-22
663.14302	5.196978258e-22
664.67223	5.225750350e-22
666.20497	5.254665784e-22
667.74125	5.283725014e-22
669.28106	5.312928415e-22
670.82443	5.342276580e-22
672.37136	5.371769813e-22
673.92185	5.401408644e-22
675.47592	5.431193633e-22
677.03357	5.461125085e-22
678.59481	5.491203517e-22
680.15966	5.521429492e-22
681.72811	5.551803392e-22
683.30018	5.582325721e-22
684.87588	5.612997007e-22
686.45521	5.643817556e-22
688.03818	5.674788012e-22
689.6248	5.705908787e-22
691.21508	5.737180349e-22
692.80903	5.768603230e-22
694.40665	5.800177861e-22
696.00796	5.831904817e-22
697.61296	5.863784469e-22
699.22166	5.895817295e-22
700.83407	5.928003833e-22
702.4502	5.960344614e-22
704.07005	5.992840438e-22
705.69364	6.025491172e-22
707.32098	6.058297239e-22
708.95207	6.091260205e-22
710.58691	6.124379267e-22
712.22553	6.157655527e-22
713.86793	6.191089967e-22
715.51412	6.224681823e-22
717.1641	6.258433270e-22
718.81788	6.292343540e-22
720.47548	6.326413113e-22
722.1369	6.360643573e-22
723.80216	6.395034195e-22
725.47125	6.429586529e-22
727.14419	6.464300455e-22
728.82099	6.499176406e-22
730.50166	6.534215423e-22
732.1862	6.569417298e-22
733.87463	6.604783726e-22
735.56695	6.640313889e-22
737.26317	6.676009443e-22
738.96331	6.711869662e-22
740.66736	6.747896722e-22
742.37535	6.784089337e-22
744.08727	6.820449688e-22
745.80314	6.856977048e-22
747.52297	6.893672476e-22
749.24676	6.930536376e-22
750.97453	6.967569858e-22
752.70628	7.004772717e-22
754.44203	7.042145452e-22
756.18178	7.079689082e-22
757.92554	7.117404067e-22
759.67332	7.155290861e-22
761.42514	7.193349967e-22
763.18099	7.231581756e-22
764.94089	7.269987349e-22
766.70485	7.308566590e-22
768.47288	7.347320559e-22
770.24498	7.386249678e-22
772.02117	7.425354453e-22
773.80146	7.464635356e-22
775.58585	7.504093423e-22
777.37436	7.543727931e-22
779.16699	7.583541168e-22
780.96375	7.623532360e-22
782.76466	7.663702650e-22
784.56972	7.704052460e-22
786.37895	7.744582316e-22
788.19234	7.785293225e-22
790.00992	7.826185134e-22
791.83169	7.867259097e-22
793.65766	7.908515597e-22
795.48784	7.949954484e-22
797.32224	7.991577501e-22
799.16087	8.033384495e-22
801.00374	8.075376595e-22
802.85086	8.117553637e-22
804.70224	8.159916124e-22
806.55789	8.202465797e-22
808.41782	8.245202523e-22
810.28204	8.288126788e-22
812.15056	8.331239083e-22
814.02338	8.374540486e-22
815.90052	8.418031545e-22
817.782	8.461712170e-22
819.66781	8.505584028e-22
821.55797	8.549646393e-22
823.45249	8.593901684e-22
825.35138	8.638348479e-22
827.25464	8.682989154e-22
829.1623	8.727823033e-22
831.07435	8.772851800e-22
832.99082	8.818076071e-22
834.9117	8.863495603e-22
836.83701	8.909111600e-22
838.76676	8.954925220e-22
840.70097	9.000937035e-22
842.63963	9.047148747e-22
844.58276	9.093560931e-22
846.53038	9.140176763e-22
848.48248	9.186999924e-22
850.43909	9.234039547e-22
852.40021	9.281317687e-22
854.36585	9.328914733e-22
856.33603	9.377347946e-22
858.31074	9.456117097e-22
860.29001	9.475000090e-22
862.27385	9.520751706e-22
864.26226	9.568841722e-22
866.25525	9.617366199e-22
868.25285	9.666155922e-22
870.25504	9.715173856e-22
872.26186	9.764408889e-22
874.2733	9.813857509e-22
876.28938	9.863517674e-22
878.31011	9.913389269e-22
880.3355	9.963471513e-22
882.36556	1.001376495e-21
884.4003	1.006427011e-21
886.43974	1.011498826e-21
888.48387	1.016591851e-21
890.53272	1.021706217e-21
892.5863	1.026842047e-21
894.64461	1.031999322e-21
896.70767	1.037178169e-21
898.77548	1.042378571e-21
900.84807	1.047600595e-21
902.92543	1.052844417e-21
905.00758	1.058110033e-21
907.09454	1.063397437e-21
909.1863	1.068706805e-21
911.28289	1.074038207e-21
913.38432	1.079391631e-21
915.49059	1.084767262e-21
917.60172	1.090165026e-21
919.71771	1.095585043e-21
921.83859	1.101027447e-21
923.96436	1.106492221e-21
926.09503	1.111979491e-21
928.23061	1.117489314e-21
930.37112	1.123021750e-21
932.51656	1.128576854e-21
934.66695	1.134154687e-21
936.8223	1.139755375e-21
938.98262	1.145378977e-21
941.14792	1.151025548e-21
943.31821	1.156695080e-21
945.49351	1.162387772e-21
947.67383	1.168103684e-21
949.85917	1.173842799e-21
952.04955	1.179605250e-21
954.24499	1.185391102e-21
956.44548	1.191200400e-21
958.65105	1.197033218e-21
960.86171	1.202889682e-21
963.07746	1.208769777e-21
965.29833	1.214673713e-21
967.52431	1.220601396e-21
969.75543	1.226553041e-21
971.99169	1.232528629e-21
974.23312	1.238528304e-21
976.4797	1.244552035e-21
978.73147	1.250599974e-21
980.98844	1.256672248e-21
983.2506	1.262768838e-21
985.51799	1.268889821e-21
987.7906	1.275035388e-21
990.06845	1.281205464e-21
992.35156	1.287400186e-21
994.63993	1.293619612e-21
996.93357	1.299863871e-21
999.23251	1.306133038e-21
1001.5367	1.312427066e-21
1003.8463	1.318746185e-21
1006.1612	1.325090449e-21
1008.4814	1.331459843e-21
1010.807	1.337854488e-21
1013.1379	1.344274517e-21
1015.4742	1.350719910e-21
1017.8159	1.357190792e-21
1020.163	1.363687293e-21
1022.5155	1.370209398e-21
1024.8734	1.376757305e-21
1027.2368	1.383330995e-21
1029.6056	1.389930531e-21
1031.9799	1.396556035e-21
1034.3596	1.403207569e-21
1036.7449	1.409885327e-21
1039.1356	1.416589229e-21
1041.5319	1.423319397e-21
1043.9336	1.430075969e-21
1046.341	1.436858992e-21
1048.7538	1.443668461e-21
1051.1723	1.450504715e-21
1053.5963	1.457367527e-21
1056.0259	1.464257172e-21
1058.4611	1.471173634e-21
1060.9019	1.478117045e-21
1063.3483	1.485087465e-21
1065.8004	1.492085021e-21
1068.2582	1.499109773e-21
1070.7216	1.506161783e-21
1073.1907	1.513241108e-21
1075.6655	1.520347953e-21
1078.146	1.527482232e-21
1080.6322	1.534644225e-21
1083.1241	1.541833772e-21
1085.6218	1.549051223e-21
1088.1253	1.556296493e-21
1090.6345	1.563569718e-21
1093.1495	1.570870956e-21
1095.6703	1.578200268e-21
1098.1969	1.585557862e-21
1100.7294	1.592943725e-21
1103.2677	1.600357993e-21
1105.8118	1.607800653e-21
1108.3618	1.615271915e-21
1110.9177	1.622771838e-21
1113.4795	1.630300560e-21
1116.0472	1.637857994e-21
1118.6208	1.645444352e-21
1121.2004	1.653059768e-21
1123.7859	1.660704233e-21
1126.3773	1.668377808e-21
1128.9747	1.676080630e-21
1131.5782	1.683812911e-21
1134.1876	1.691574566e-21
1136.803	1.699365808e-21
1139.4245	1.707186624e-21
1142.052	1.715037154e-21
1144.6856	1.722917537e-21
1147.3253	1.730827836e-21
1149.971	1.738768117e-21
1152.6229	1.746738441e-21
1155.2808	1.754738952e-21
1157.9449	1.762769712e-21
1160.6151	1.770830863e-21
1163.2915	1.778922469e-21
1165.9741	1.787044671e-21
1168.6628	1.795197383e-21
1171.3578	1.803380975e-21
1174.0589	1.811595284e-21
1176.7663	1.819840605e-21
1179.48	1.828116927e-21
1182.1998	1.836424316e-21
1184.926	1.844762993e-21
1187.6585	1.853133024e-21
1190.3972	1.861534322e-21
1193.1423	1.869967185e-21
1195.8937	1.878431679e-21
1198.6514	1.886927872e-21
1201.4155	1.895455833e-21
1204.186	1.904015706e-21
1206.9628	1.912607556e-21
1209.7461	1.921231534e-21
1212.5358	1.929887704e-21
1215.3319	1.938576214e-21
1218.1345	1.947297211e-21
1220.9435	1.956050606e-21
1223.759	1.964836783e-21
1226.581	1.973655888e-21
1229.4095	1.982508149e-21
1232.2445	1.991394420e-21
1235.0861	2.000317214e-21
1237.9342	2.009295334e-21
1240.7889	2.027412753e-21
1243.6502	2.027306092e-21
1246.518	2.036318789e-21
1249.3925	2.045396189e-21
1252.2736	2.054511328e-21
1255.1614	2.063661440e-21
1258.0558	2.072845805e-21
1260.9569	2.082064260e-21
1263.8646	2.091316874e-21
1266.7791	2.100603645e-21
1269.7003	2.109924800e-21
1272.6283	2.119280257e-21
1275.563	2.128670243e-21
1278.5044	2.138094669e-21
1281.4527	2.147553937e-21
1284.4077	2.157047870e-21
1287.3696	2.166576789e-21
1290.3382	2.176140519e-21
1293.3138	2.185739547e-21
1296.2962	2.195373695e-21
1299.2854	2.205043119e-21
1302.2816	2.214748061e-21
1305.2847	2.224488592e-21
1308.2947	2.234264622e-21
1311.3116	2.244076470e-21
1314.3355	2.253924215e-21
1317.3664	2.263807930e-21
1320.4042	2.273727767e-21
1323.4491	2.283683811e-21
1326.501	2.293676133e-21
1329.5599	2.303704888e-21
1332.6259	2.313770240e-21
1335.6989	2.323872177e-21
1338.779	2.334010861e-21
1341.8663	2.344186621e-21
1344.9606	2.354399194e-21
1348.0621	2.364648996e-21
1351.1708	2.374936021e-21
1354.2866	2.385260424e-21
1357.4096	2.395622204e-21
1360.5398	2.406021687e-21
1363.6772	2.416458785e-21
1366.8218	2.426933658e-21
1369.9737	2.437446556e-21
1373.1329	2.447997557e-21
1376.2993	2.458586652e-21
1379.4731	2.469214096e-21
1382.6542	2.479879963e-21
1385.8426	2.490584331e-21
1389.0384	2.501327454e-21
1392.2415	2.512109237e-21
1395.452	2.522929934e-21
1398.6699	2.533789707e-21
1401.8953	2.544688646e-21
1405.1281	2.555626822e-21
1408.3683	2.566604401e-21
1411.616	2.577621469e-21
1414.8712	2.588678194e-21
1418.1339	2.599774739e-21
1421.4041	2.610911102e-21
1424.6819	2.622087542e-21
1427.9672	2.633304048e-21
1431.2601	2.644560878e-21
1434.5606	2.655858117e-21
1437.8687	2.667195930e-21
1441.1845	2.678574324e-21
1444.5079	2.689993546e-21
1447.8389	2.701453673e-21
1451.1776	2.712954719e-21
1454.5241	2.724497111e-21
1457.8782	2.736080667e-21
1461.2401	2.747705738e-21
1464.6097	2.759372317e-21
1467.9871	2.771080668e-21
1471.3723	2.782830792e-21
1474.7653	2.794622858e-21
1478.1661	2.806457038e-21
1481.5748	2.818333429e-21
1484.9913	2.830252189e-21
1488.4157	2.842213417e-21
1491.848	2.854217284e-21
1495.2882	2.866263878e-21
1498.7364	2.878353469e-21
1502.1925	2.890486045e-21
1505.6565	2.902661695e-21
1509.1286	2.914880787e-21
1512.6086	2.927143215e-21
1516.0967	2.939449260e-21
1519.5929	2.951799186e-21
1523.097	2.964192711e-21
1526.6093	2.976630392e-21
1530.1297	2.989112221e-21
1533.6582	3.001638286e-21
1537.1948	3.014208764e-21
1540.7396	3.026823933e-21
1544.2926	3.039483793e-21
1547.8537	3.052188337e-21
1551.4231	3.064938118e-21
1555.0007	3.077732949e-21
1558.5865	3.090573188e-21
1562.1806	3.103459114e-21
1565.783	3.116391085e-21
1569.3937	3.129370790e-21
1573.0128	3.142412528e-21
1576.6401	3.156300505e-21
1580.2759	3.168584795e-21
1583.92	3.181736318e-21
1587.5725	3.194941740e-21
1591.2335	3.208195122e-21
1594.9029	3.221495662e-21
1598.5807	3.234843185e-21
1602.2671	3.248237898e-21
1605.9619	3.261679783e-21
1609.6653	3.275169139e-21
1613.3772	3.288705958e-21
1617.0976	3.302290429e-21
1620.8267	3.315922849e-21
1624.5643	3.329603018e-21
1628.3106	3.343331511e-21
1632.0655	3.357108230e-21
1635.829	3.370933271e-21
1639.6013	3.384807030e-21
1643.3822	3.398729395e-21
1647.1719	3.412700856e-21
1650.9702	3.426721118e-21
1654.7774	3.440790774e-21
1658.5933	3.454909805e-21
1662.4181	3.469078337e-21
1666.2516	3.483296535e-21
1670.094	3.497564613e-21
1673.9452	3.511882660e-21
1677.8054	3.526250984e-21
1681.6744	3.540669569e-21
1685.5524	3.555138726e-21
1689.4393	3.569658538e-21
1693.3351	3.584229019e-21
1697.24	3.598850664e-21
1701.1538	3.613523364e-21
1705.0767	3.628247525e-21
1709.0086	3.643023050e-21
1712.9496	3.657850333e-21
1716.8997	3.672729388e-21
1720.8588	3.687660299e-21
1724.8272	3.702643680e-21
1728.8046	3.717679125e-21
1732.7913	3.732767250e-21
1736.7871	3.747907940e-21
1740.7921	3.763101411e-21
1744.8064	3.778348060e-21
1748.83	3.793647901e-21
1752.8628	3.809000932e-21
1756.9049	3.824407646e-21
1760.9563	3.839867964e-21
1765.0171	3.855382194e-21
1769.0872	3.870950524e-21
1773.1668	3.886573091e-21
1777.2557	3.902250064e-21
1781.3541	3.917981681e-21
1785.4619	3.933767937e-21
1789.5792	3.949609239e-21
1793.706	3.965505698e-21
1797.8423	3.981457424e-21
1801.9881	3.997464525e-21
1806.1435	4.013527412e-21
1810.3085	4.029646195e-21
1814.4831	4.045820892e-21
1818.6673	4.062051895e-21
1822.8611	4.078339226e-21
1827.0647	4.094683214e-21
1831.2779	4.111083945e-21
1835.5008	4.127541541e-21
1839.7335	4.144056422e-21
1843.9759	4.160628590e-21
1848.2282	4.177258381e-21
1852.4902	4.193945685e-21
1856.7621	4.210691131e-21
1861.0438	4.227494526e-21
1865.3353	4.244356083e-21
1869.6368	4.261276238e-21
1873.9482	4.278255093e-21
1878.2696	4.295292973e-21
1882.6009	4.312389783e-21
1886.9422	4.329546144e-21
1891.2935	4.346762854e-21
1895.6548	4.364049768e-21
1900.0262	4.381412712e-21
1904.4077	4.398768425e-21
1908.7992	4.416221508e-21
1913.2009	4.433736540e-21
1917.6128	4.451312474e-21
1922.0348	4.468949408e-21
1926.4671	4.486647403e-21
1930.9095	4.504406544e-21
1935.3622	4.522227181e-21
1939.8252	4.540109537e-21
1944.2984	4.558053615e-21
1948.782	4.576059771e-21
1953.2759	4.594128208e-21
1957.7802	4.612259065e-21
1962.2948	4.630452547e-21
1966.8199	4.648708913e-21
1971.3554	4.667028368e-21
1975.9013	4.685411034e-21
1980.4578	4.703857375e-21
1985.0247	4.722367175e-21
1989.6022	4.740941099e-21
1994.1903	4.759579071e-21
1998.7889	4.778281398e-21
2003.3981	4.797048228e-21
2008.0179	4.815879783e-21
2012.6484	4.834776313e-21
2017.2896	4.853738146e-21
2021.9415	4.872765309e-21
2026.6041	4.891858132e-21
2031.2775	4.911016864e-21
2035.9616	4.930241615e-21
2040.6566	4.949532655e-21
2045.3623	4.968890072e-21
2050.079	4.988314465e-21
2054.8065	5.007805617e-21
2059.5449	5.027364088e-21
2064.2942	5.046989804e-21
2069.0545	5.066683225e-21
2073.8257	5.086444358e-21
2078.608	5.106273686e-21
2083.4013	5.126171320e-21
2088.2056	5.146137392e-21
2093.021	5.166172264e-21
2097.8475	5.186276172e-21
2102.6852	5.206449272e-21
2107.534	5.226691782e-21
2112.394	5.247003958e-21
2117.2652	5.267386145e-21
2122.1476	5.287838378e-21
2127.0413	5.308361019e-21
2131.9463	5.328954310e-21
2136.8626	5.349618388e-21
2141.7902	5.370353496e-21
2146.7292	5.391160000e-21
2151.6796	5.412038145e-21
2156.6413	5.432987840e-21
2161.6146	5.454009810e-21
2166.5993	5.475104050e-21
2171.5955	5.496270721e-21
2176.6032	5.517510174e-21
2181.6224	5.538822656e-21
2186.6533	5.560208457e-21
2191.6957	5.581667676e-21
2196.7498	5.603200710e-21
2201.8155	5.624807576e-21
2206.8929	5.646488863e-21
2211.982	5.668244502e-21
2217.0829	5.690075084e-21
2222.1955	5.711980521e-21
2227.3199	5.733961193e-21
2232.4561	5.756017457e-21
2237.6042	5.778149483e-21
2242.7641	5.800357398e-21
2247.9359	5.822641794e-21
2253.1197	5.845004014e-21
2258.3154	5.867476488e-21
2263.5231	5.889955146e-21
2268.7428	5.912546396e-21
2273.9745	5.935215538e-21
2279.2183	5.957962642e-21
2284.4742	5.980787963e-21
2289.7422	6.003691549e-21
2295.0224	6.026673792e-21
2300.3147	6.049734712e-21
2305.6193	6.072875044e-21
2310.9361	6.096094708e-21
2316.2651	6.119393856e-21
2321.6064	6.142773099e-21
2326.9601	6.166232507e-21
2332.3261	6.189772429e-21
2337.7044	6.213393022e-21
2343.0952	6.237094707e-21
2348.4984	6.260877617e-21
2353.914	6.284742019e-21
2359.3422	6.308688445e-21
2364.7828	6.332716791e-21
2370.236	6.356827698e-21
2375.7018	6.381021218e-21
2381.1802	6.405297729e-21
2386.6712	6.429657394e-21
2392.1749	6.454100618e-21
2397.6913	6.478627782e-21
2403.2204	6.503238828e-21
2408.7622	6.527934251e-21
2414.3168	6.552714348e-21
2419.8843	6.577579527e-21
2425.4646	6.602529823e-21
2431.0577	6.627565506e-21
2436.6637	6.652687101e-21
2442.2827	6.677894800e-21
2447.9146	6.703188856e-21
2453.5595	6.728569571e-21
2459.2175	6.754037362e-21
2464.8884	6.779592234e-21
2470.5725	6.805234881e-21
2476.2696	6.830965195e-21
2481.9799	6.856783735e-21
2487.7034	6.882690784e-21
2493.4401	6.908686623e-21
2499.19	6.934771427e-21
2504.9531	6.960945588e-21
2510.7295	6.987209308e-21
2516.5193	7.013563127e-21
2522.3224	7.040007187e-21
2528.1389	7.066541808e-21
2533.9688	7.093167385e-21
2539.8122	7.119884125e-21
2545.669	7.146692287e-21
2551.5393	7.173592308e-21
2557.4232	7.200584497e-21
2563.3206	7.227669009e-21
2569.2317	7.254846422e-21
2575.1563	7.282116739e-21
2581.0947	7.309480686e-21
2587.0467	7.336938152e-21
2593.0124	7.364489582e-21
2598.992	7.392135551e-21
2604.9852	7.419875932e-21
2610.9924	7.447711474e-21
2617.0133	7.475642277e-21
2623.0482	7.503668729e-21
2629.097	7.531791095e-21
2635.1597	7.560009795e-21
2641.2364	7.588325039e-21
2647.3271	7.616737251e-21
2653.4318	7.645246726e-21
2659.5507	7.673854520e-21
2665.6836	7.702560422e-21
2671.8307	7.731362247e-21
2677.992	7.760264119e-21
2684.1674	7.789264808e-21
2690.3571	7.818364912e-21
2696.5611	7.847564625e-21
2702.7794	7.876864256e-21
2709.0121	7.906264374e-21
2715.2591	7.935764913e-21
2721.5205	7.965366448e-21
2727.7963	7.995069284e-21
2734.0866	8.024873887e-21
2740.3915	8.054780596e-21
2746.7108	8.084789434e-21
2753.0448	8.114901161e-21
2759.3933	8.145115788e-21
2765.7565	8.175434053e-21
2772.1343	8.205855885e-21
2778.5269	8.236381900e-21
2784.9342	8.267012390e-21
2791.3563	8.297747818e-21
2797.7932	8.328588389e-21
2804.2449	8.359534425e-21
2810.7115	8.390586398e-21
2817.193	8.421744745e-21
2823.6895	8.453009707e-21
2830.201	8.484381725e-21
2836.7274	8.515860978e-21
2843.2689	8.547447967e-21
2849.8255	8.579143145e-21
2856.3972	8.610946716e-21
2862.9841	8.642859284e-21
2869.5862	8.674881054e-21
2876.2035	8.707012361e-21
2882.836	8.739253532e-21
2889.4839	8.771605207e-21
2896.147	8.804067412e-21
2902.8256	8.836640940e-21
2909.5195	8.869325817e-21
2916.2289	8.902122688e-21
2922.9537	8.935031614e-21
2929.6941	8.968053359e-21
2936.45	9.001187991e-21
2943.2215	9.034436117e-21
2950.0085	9.067797806e-21
2956.8113	9.101273982e-21
2963.6297	9.134864556e-21
2970.4639	9.168570180e-21
2977.3138	9.202391165e-21
2984.1795	9.236327763e-21
2991.061	9.270380569e-21
2997.9584	9.304549960e-21
3004.8718	9.338836434e-21
3011.801	9.373240157e-21
3018.7463	9.407761697e-21
3025.7075	9.442401217e-21
3032.6848	9.477159374e-21
3039.6782	9.512036527e-21
3046.6877	9.547033023e-21
3053.7134	9.582149375e-21
3060.7553	9.617385814e-21
3067.8134	9.652742942e-21
3074.8878	9.688221147e-21
3081.9785	9.723820666e-21
3089.0856	9.759542138e-21
3096.2091	9.795391271e-21
3103.3489	9.831352341e-21
3110.5053	9.867441862e-21
3117.6781	9.903654775e-21
3124.8675	9.939991766e-21
3132.0735	9.976453195e-21
3139.2961	1.001303955e-20
3146.5353	1.004975095e-20
3153.7913	1.008658809e-20
3161.0639	1.012355124e-20
3168.3534	1.016064116e-20
3175.6596	1.019785787e-20
3182.9827	1.023520195e-20
3190.3227	1.027267402e-20
3197.6796	1.031027433e-20
3205.0535	1.034800342e-20
3212.4443	1.038586149e-20
3219.8523	1.042384939e-20
3227.2773	1.046196721e-20
3234.7194	1.050021558e-20
3242.1787	1.053859493e-20
3249.6552	1.057710578e-20
3257.1489	1.061574823e-20
3264.6599	1.065452322e-20
3272.1882	1.069343074e-20
3279.7339	1.073247174e-20
3287.297	1.077164633e-20
3294.8776	1.081095506e-20
3302.4756	1.085039843e-20
3310.0911	1.088997671e-20
3317.7242	1.092969060e-20
3325.3749	1.096954060e-20
3333.0432	1.100952687e-20
3340.7293	1.104965036e-20
3348.433	1.108991102e-20
3356.1545	1.113030957e-20
3363.8938	1.117084641e-20
3371.651	1.121152223e-20
3379.4261	1.125233742e-20
3387.219	1.129329223e-20
3395.03	1.133438740e-20
3402.859	1.137562332e-20
3410.706	1.141700038e-20
3418.5711	1.145851928e-20
3426.4543	1.150018016e-20
3434.3558	1.154198403e-20
3442.2754	1.158393096e-20
3450.2133	1.162602155e-20
3458.1695	1.166825635e-20
3466.1441	1.171063593e-20
3474.1371	1.175316058e-20
3482.1485	1.179583096e-20
3490.1783	1.183864736e-20
3498.2267	1.188161067e-20
3506.2936	1.192472098e-20
3514.3792	1.196797907e-20
3522.4834	1.201138544e-20
3530.6062	1.205494024e-20
3538.7478	1.209864517e-20
3546.9082	1.214249852e-20
3555.0874	1.218650257e-20
3563.2855	1.223065764e-20
3571.5024	1.227496386e-20
3579.7383	1.231942187e-20
3587.9932	1.236403235e-20
3596.2672	1.240879564e-20
3604.5602	1.245371226e-20
3612.8724	1.249878299e-20
3621.2037	1.254400808e-20
3629.5542	1.258938800e-20
3637.924	1.263492363e-20
3646.313	1.268061510e-20
3654.7215	1.272646336e-20
3663.1493	1.277246863e-20
3671.5965	1.281863153e-20
3680.0633	1.286495285e-20
3688.5495	1.291143280e-20
3697.0553	1.295807206e-20
3705.5808	1.300487122e-20
3714.1259	1.305183084e-20
3722.6907	1.309895126e-20
3731.2752	1.314623319e-20
3739.8796	1.319367746e-20
3748.5038	1.324128417e-20
3757.1479	1.328905424e-20
3765.8119	1.333698798e-20
3774.4959	1.338508602e-20
3783.1999	1.343334895e-20
3791.924	1.348177726e-20
3800.6682	1.353037169e-20
3809.4325	1.357913269e-20
3818.2171	1.362806093e-20
3827.022	1.367715703e-20
3835.8471	1.372642125e-20
3844.6926	1.377585456e-20
3853.5585	1.382545728e-20
3862.4448	1.387523002e-20
3871.3516	1.392517370e-20
3880.279	1.397528896e-20
3889.227	1.402557516e-20
3898.1955	1.407603385e-20
3907.1848	1.412666589e-20
3916.1948	1.417747145e-20
3925.2256	1.422845242e-20
3934.2772	1.427960636e-20
3943.3497	1.433093658e-20
3952.4431	1.438244341e-20
3961.5574	1.443412720e-20
3970.6928	1.448598724e-20
3979.8493	1.453804363e-20
3989.0268	1.459024149e-20
3998.2255	1.464263798e-20
4007.4455	1.469521245e-20
4016.6867	1.474796931e-20
4025.9492	1.480090625e-20
4035.2331	1.485402381e-20
4044.5383	1.490732500e-20
4053.8651	1.496080787e-20
4063.2133	1.501447525e-20
4072.5831	1.506832644e-20
4081.9745	1.512236323e-20
4091.3876	1.517658471e-20
4100.8224	1.523099126e-20
4110.2789	1.528558609e-20
4119.7572	1.534036687e-20
4129.2574	1.539533559e-20
4138.7795	1.545049404e-20
4148.3236	1.550584135e-20
4157.8896	1.556137912e-20
4167.4778	1.561710684e-20
4177.088	1.567302595e-20
4186.7204	1.572913718e-20
4196.375	1.578543946e-20
4206.0519	1.584193624e-20
4215.7511	1.589862790e-20
4225.4726	1.595551336e-20
4235.2166	1.601259337e-20
4244.983	1.606986956e-20
4254.772	1.612734270e-20
4264.5835	1.618501297e-20
4274.4177	1.624288114e-20
4284.2745	1.630094738e-20
4294.1541	1.635921393e-20
4304.0565	1.641768117e-20
4313.9816	1.647634783e-20
4323.9297	1.653521633e-20
4333.9007	1.659428688e-20
4343.8947	1.665356004e-20
4353.9118	1.671303641e-20
4363.9519	1.677271765e-20
4374.0153	1.683260326e-20
4384.1018	1.689269472e-20
4394.2115	1.695299262e-20
4404.3446	1.701349776e-20
4414.5011	1.707421051e-20
4424.681	1.713513129e-20
4434.8843	1.719626197e-20
4445.1112	1.725760187e-20
4455.3616	1.731915268e-20
4465.6357	1.738091519e-20
4475.9335	1.744288982e-20
4486.2551	1.750507715e-20
4496.6004	1.756747891e-20
4506.9696	1.763009290e-20
4517.3627	1.769292403e-20
4527.7798	1.775596991e-20
4538.2209	1.781923245e-20
4548.686	1.788271208e-20
4559.1753	1.794640958e-20
4569.6888	1.801032692e-20
4580.2266	1.807446317e-20
4590.7886	1.813882009e-20
4601.375	1.820339850e-20
4611.9858	1.826819729e-20
4622.6211	1.833322014e-20
4633.2809	1.839846594e-20
4643.9653	1.846393534e-20
4654.6743	1.852963027e-20
4665.408	1.859554984e-20
4676.1665	1.866169775e-20
4686.9497	1.872807118e-20
4697.7579	1.879467421e-20
4708.591	1.886150556e-20
4719.449	1.892856566e-20
4730.3321	1.899585690e-20
4741.2403	1.906337971e-20
4752.1736	1.913113454e-20
4763.1321	1.919912049e-20
4774.116	1.926734305e-20
4785.1251	1.933579917e-20
4796.1597	1.940448837e-20
4807.2196	1.947341532e-20
4818.3051	1.954257955e-20
4829.4162	1.961197996e-20
4840.5528	1.968161990e-20
4851.7152	1.975149889e-20
4862.9033	1.982161875e-20
4874.1172	1.989198014e-20
4885.3569	1.996258196e-20
4896.6226	2.003342665e-20
4907.9142	2.010451603e-20
4919.2319	2.017584942e-20
4930.5757	2.024742729e-20
4941.9457	2.031925188e-20
4953.3418	2.039132188e-20
4964.7643	2.046364153e-20
4976.2131	2.053620954e-20
4987.6882	2.060902638e-20
4999.1899	2.068209471e-20
5010.7181	2.075541326e-20
5022.2728	2.082898407e-20
5033.8542	2.090280804e-20
5045.4623	2.097688566e-20
5057.0972	2.105121762e-20
5068.7589	2.112580601e-20
5080.4475	2.120064993e-20
5092.163	2.127575147e-20
5103.9056	2.135111154e-20
5115.6753	2.142673222e-20
5127.472	2.150261063e-20
5139.296	2.157875108e-20
5151.1473	2.165515408e-20
5163.0259	2.173181853e-20
5174.9319	2.180874673e-20
5186.8653	2.188594082e-20
5198.8262	2.196339990e-20
5210.8148	2.204112490e-20
5222.8309	2.211911753e-20
5234.8748	2.219737732e-20
5246.9465	2.227590801e-20
5259.046	2.235470851e-20
5271.1734	2.243377955e-20
5283.3288	2.251312186e-20
5295.5122	2.259273922e-20
5307.7236	2.267262888e-20
5319.9633	2.275279367e-20
5332.2312	2.283323387e-20
5344.5273	2.291395166e-20
5356.8519	2.299494822e-20
5369.2048	2.307622199e-20
5381.5862	2.315777398e-20
5393.9962	2.323960818e-20
5406.4348	2.332172515e-20
5418.9021	2.340412235e-20
5431.3981	2.348680527e-20
5443.923	2.356977160e-20
5456.4767	2.365302330e-20
5469.0594	2.373656135e-20
5481.6711	2.382038631e-20
5494.3118	2.390450039e-20
5506.9818	2.398890479e-20
5519.6809	2.407359964e-20
5532.4093	2.415858426e-20
5545.1671	2.424386276e-20
5557.9543	2.432943404e-20
5570.771	2.441530055e-20
5583.6172	2.450146284e-20
5596.4931	2.458792028e-20
5609.3986	2.467467653e-20
5622.334	2.476173117e-20
5635.2991	2.484908600e-20
5648.2942	2.493674057e-20
5661.3192	2.502469693e-20
5674.3742	2.511295588e-20
5687.4594	2.520151845e-20
5700.5747	2.529038666e-20
5713.7202	2.537956134e-20
5726.8961	2.546904184e-20
5740.1024	2.555883042e-20
5753.3391	2.564892938e-20
5766.6064	2.573933806e-20
5779.9042	2.583005684e-20
5793.2327	2.592108845e-20
5806.5919	2.601243350e-20
5819.982	2.610409473e-20
5833.4029	2.619606912e-20
5846.8548	2.628836115e-20
5860.3377	2.638097142e-20
5873.8517	2.647390075e-20
5887.3968	2.656714977e-20
5900.9732	2.666071956e-20
5914.5809	2.675461071e-20
5928.2199	2.684882727e-20
5941.8905	2.694336713e-20
5955.5925	2.703823216e-20
5969.3262	2.713342368e-20
5983.0915	2.722894381e-20
5996.8885	2.732479340e-20
6010.7174	2.742097183e-20
6024.5781	2.751748295e-20
6038.4709	2.761432635e-20
6052.3956	2.771150223e-20
6066.3525	2.780901363e-20
6080.3416	2.790685947e-20
6094.3629	2.800504388e-20
6108.4165	2.810356597e-20
6122.5026	2.820242688e-20
6136.6211	2.830162876e-20
6150.7722	2.840117274e-20
6164.9559	2.850105947e-20
6179.1724	2.860129007e-20
6193.4216	2.870186496e-20
6207.7037	2.880278881e-20
6222.0187	2.890405874e-20
6236.3667	2.900567742e-20
6250.7478	2.910764576e-20
6265.1621	2.920999474e-20
6279.6096	2.931264009e-20
6294.0904	2.941566590e-20
6308.6046	2.951904832e-20
6323.1523	2.962278469e-20
6337.7336	2.972688129e-20
6352.3484	2.983133499e-20
6366.997	2.993614899e-20
6381.6793	3.004132373e-20
6396.3955	3.014686037e-20
6411.1457	3.025276163e-20
6425.9298	3.035902620e-20
6440.7481	3.046565906e-20
6455.6005	3.057265889e-20
6470.4871	3.068002662e-20
6485.4081	3.078776524e-20
6500.3635	3.089587366e-20
6515.3534	3.100435644e-20
6530.3779	3.111321272e-20
6545.437	3.122244323e-20
6560.5308	3.133205071e-20
6575.6594	3.144203616e-20
6590.823	3.155240076e-20
6606.0215	3.166314501e-20
6621.255	3.177427170e-20
6636.5237	3.188578202e-20
6651.8275	3.199767467e-20
6667.1667	3.210995475e-20
6682.5412	3.222262091e-20
6697.9512	3.233567624e-20
6713.3968	3.244911990e-20
6728.8779	3.256295601e-20
6744.3947	3.267718403e-20
6759.9474	3.279180515e-20
6775.5359	3.290682175e-20
6791.1603	3.302223483e-20
6806.8208	3.313804563e-20
6822.5173	3.325425652e-20
6838.2501	3.337086714e-20
6854.0192	3.348788014e-20
6869.8246	3.360529626e-20
6885.6665	3.372311863e-20
6901.5449	3.384134619e-20
6917.4599	3.395997992e-20
6933.4116	3.407902460e-20
6949.4001	3.419847940e-20
6965.4255	3.431834534e-20
6981.4878	3.443862509e-20
6997.5872	3.455931993e-20
7013.7236	3.468042854e-20
7029.8973	3.480195811e-20
7046.1083	3.492390375e-20
7062.3567	3.504627218e-20
7078.6426	3.516906072e-20
7094.966	3.529227391e-20
7111.327	3.541591284e-20
7127.7258	3.553997693e-20
7144.1624	3.566446886e-20
7160.6369	3.578938973e-20
7177.1494	3.591474249e-20
7193.6999	3.604052609e-20
7210.2886	3.616674374e-20
7226.9156	3.629339655e-20
7243.5809	3.642048723e-20
7260.2847	3.654801521e-20
7277.027	3.667598329e-20
7293.8079	3.680439441e-20
7310.6274	3.693324565e-20
7327.4858	3.706254241e-20
7344.383	3.719228530e-20
7361.3192	3.732247569e-20
7378.2945	3.745311469e-20
7395.3089	3.758420507e-20
7412.3625	3.771574798e-20
7429.4555	3.784774284e-20
7446.5879	3.798019439e-20
7463.7598	3.811310184e-20
7480.9713	3.824646823e-20
7498.2224	3.838029448e-20
7515.5134	3.851458412e-20
7532.8442	3.864933397e-20
7550.215	3.878455118e-20
7567.6259	3.892023309e-20
7585.0769	3.905638445e-20
7602.5681	3.919300445e-20
7620.0997	3.933009649e-20
7637.6717	3.946766146e-20
7655.2842	3.960570052e-20
7672.9374	3.974421514e-20
7690.6312	3.988320788e-20
7708.3659	4.002268047e-20
7726.1414	4.016263552e-20
7743.958	4.030307276e-20
7761.8156	4.044399289e-20
7779.7144	4.058540128e-20
7797.6545	4.072729517e-20
7815.6359	4.086968145e-20
7833.6589	4.101255786e-20
7851.7233	4.115592681e-20
7869.8295	4.129979031e-20
7887.9774	4.144415102e-20
7906.1671	4.158900818e-20
7924.3988	4.173436723e-20
7942.6725	4.188022715e-20
7960.9884	4.202658942e-20
7979.3465	4.217345902e-20
7997.7469	4.232083317e-20
8016.1898	4.246871738e-20
8034.6752	4.261711065e-20
8053.2032	4.276602621e-20
8071.7739	4.291543524e-20
8090.3875	4.306537136e-20
8109.044	4.321582354e-20
8127.7435	4.336679702e-20
8146.4861	4.351828907e-20
8165.272	4.367030527e-20
8184.1012	4.382284660e-20
8202.9738	4.397591232e-20
8221.8899	4.412950775e-20
8240.8496	4.428363216e-20
8259.8531	4.443828912e-20
8278.9004	4.459348170e-20
8297.9916	4.474920712e-20
8317.1268	4.490547076e-20
8336.3062	4.506227417e-20
8355.5298	4.521962044e-20
8374.7977	4.537750681e-20
8394.11	4.553594071e-20
8413.4669	4.569491965e-20
8432.8684	4.585444672e-20
8452.3147	4.601452555e-20
8471.8058	4.617515724e-20
8491.3419	4.633634337e-20
8510.923	4.649808708e-20
8530.5492	4.666038557e-20
8550.2207	4.682324667e-20
8569.9376	4.698666965e-20
8589.6999	4.715065768e-20
8609.5078	4.731521029e-20
8629.3614	4.748033094e-20
8649.2608	4.764602308e-20
8669.2061	4.781228597e-20
8689.1973	4.797912281e-20
8709.2347	4.814653763e-20
8729.3182	4.831452707e-20
8749.4481	4.848309932e-20
8769.6244	4.865225136e-20
8789.8472	4.882198871e-20
8810.1167	4.899231101e-20
8830.4329	4.916322354e-20
8850.7959	4.933472353e-20
8871.2059	4.950681687e-20
8891.663	4.967950499e-20
8912.1672	4.985278690e-20
8932.7188	5.002666882e-20
8953.3177	5.020115162e-20
8973.9641	5.037623700e-20
8994.6581	5.055192430e-20
9015.3999	5.072822159e-20
9036.1895	5.090512579e-20
9057.027	5.108264050e-20
9077.9126	5.126076955e-20
9098.8463	5.143951201e-20
9119.8283	5.161887176e-20
9140.8587	5.179885239e-20
9161.9376	5.197945325e-20
9183.0651	5.216067795e-20
9204.2413	5.234252797e-20
9225.4664	5.252500723e-20
9246.7404	5.270811478e-20
9268.0634	5.289185643e-20
9289.4356	5.307623182e-20
9310.8571	5.326124242e-20
9332.328	5.344689409e-20
9353.8485	5.363318644e-20
9375.4185	5.382012261e-20
9397.0383	5.400770252e-20
9418.7079	5.419593173e-20
9440.4276	5.438481018e-20
9462.1973	5.457434102e-20
9484.0172	5.476452607e-20
9505.8874	5.495536906e-20
9527.808	5.514687153e-20
9549.7792	5.533903317e-20
9571.8011	5.553185986e-20
9593.8737	5.572535293e-20
9615.9973	5.591951449e-20
9638.1718	5.611434336e-20
9660.3975	5.630984829e-20
9682.6745	5.650602865e-20
9705.0028	5.670288575e-20
9727.3826	5.690042147e-20
9749.814	5.709864182e-20
9772.2972	5.729754429e-20
9794.8322	5.749713461e-20
9817.4191	5.769741660e-20
9840.0582	5.789838803e-20
9862.7494	5.810005440e-20
9885.493	5.830241568e-20
9908.289	5.850547766e-20
9931.1376	5.870924006e-20
9954.0389	5.891370672e-20
9976.993	5.911888155e-20
10000	5.932476174e-20
