1	1.232340388e-20
1.0030759	1.190300821e-20
1.0061612	1.149697432e-20
1.009256	1.110483544e-20
1.0123603	1.072613908e-20
1.0154742	1.036044771e-20
1.0185976	1.000733552e-20
1.0217307	9.666391867e-21
1.0248734	9.337217305e-21
1.0280258	9.019425665e-21
1.0311878	8.712642274e-21
1.0343596	8.416504956e-21
1.0375412	8.130662455e-21
1.0407325	7.854774535e-21
1.0439336	7.588511401e-21
1.0471446	7.331554514e-21
1.0503655	7.083594770e-21
1.0535963	6.844333238e-21
1.056837	6.613479651e-21
1.0600877	6.390754374e-21
1.0633483	6.175885434e-21
1.0666191	5.968610915e-21
1.0698998	5.768675584e-21
1.0731907	5.575833593e-21
1.0764917	5.389847080e-21
1.0798028	5.210484690e-21
1.0831241	5.037523998e-21
1.0864557	4.870748899e-21
1.0897974	4.709950088e-21
1.0931495	4.554926098e-21
1.0965119	4.405480549e-21
1.0998846	4.261424671e-21
1.1032677	4.122563218e-21
1.1066612	3.988702733e-21
1.1100651	3.859669713e-21
1.1134795	3.735296782e-21
1.1169044	3.615422107e-21
1.1203398	3.499889625e-21
1.1237859	3.388548589e-21
1.1272425	3.281253488e-21
1.1307097	3.177863822e-21
1.1341876	3.078244204e-21
1.1376762	2.982263717e-21
1.1411755	2.889795836e-21
1.1446856	2.800718579e-21
1.1482065	2.714914151e-21
1.1517382	2.632268675e-21
1.1552808	2.552672138e-21
1.1588343	2.476018268e-21
1.1623987	2.402204365e-21
1.1659741	2.331131229e-21
1.1695605	2.262702922e-21
1.1731579	2.196826686e-21
1.1767663	2.133412855e-21
1.1803859	2.072374888e-21
1.1840166	2.013628830e-21
1.1876585	1.957093619e-21
1.1913115	1.902690680e-21
1.1949758	1.850344243e-21
1.1986514	1.799980760e-21
1.2023383	1.751531554e-21
1.2060365	1.704936035e-21
1.2097461	1.660127323e-21
1.2134671	1.617039758e-21
1.2171996	1.575609887e-21
1.2209435	1.535776102e-21
1.2246989	1.497478816e-21
1.2284659	1.460660390e-21
1.2322445	1.425264927e-21
1.2360347	1.391238260e-21
1.2398366	1.358527998e-21
1.2436502	1.327083336e-21
1.2474755	1.296855131e-21
1.2513125	1.267795739e-21
1.2551614	1.239859159e-21
1.2590221	1.213000732e-21
1.2628946	1.187177247e-21
1.2667791	1.162347076e-21
1.2706756	1.138469736e-21
1.274584	1.115506130e-21
1.2785044	1.093418546e-21
1.2824369	1.072170486e-21
1.2863815	1.051726752e-21
1.2903382	1.032053239e-21
1.2943071	1.013117189e-21
1.2982882	9.948868850e-22
1.3022816	9.773323287e-22
1.3062872	9.604262328e-22
1.3103052	9.441402385e-22
1.3143355	9.284467000e-22
1.3183782	9.133190512e-22
1.3224333	8.987317064e-22
1.326501	8.846601999e-22
1.3305811	8.710809059e-22
1.3346738	8.579712839e-22
1.338779	8.453096230e-22
1.3428969	8.330751875e-22
1.3470275	8.212481209e-22
1.3511708	8.098093391e-22
1.3553268	7.987406284e-22
1.3594956	7.880246202e-22
1.3636772	7.776446782e-22
1.3678716	7.675848749e-22
1.372079	7.578301733e-22
1.3762993	7.483660517e-22
1.3805326	7.391787087e-22
1.384779	7.302551039e-22
1.3890384	7.215826375e-22
1.3933108	7.131494185e-22
1.3975965	7.049442269e-22
1.4018953	6.969562529e-22
1.4062073	6.891758273e-22
1.4105326	6.815932478e-22
1.4148712	6.741991855e-22
1.4192231	6.669847745e-22
1.4235885	6.599416625e-22
1.4279672	6.530618120e-22
1.4323594	6.463376601e-22
1.4367652	6.397621273e-22
1.4411845	6.333283535e-22
1.4456173	6.270298927e-22
1.4500639	6.208607568e-22
1.4545241	6.148150591e-22
1.458998	6.088874084e-22
1.4634856	6.030725756e-22
1.4679871	5.973657458e-22
1.4725024	5.917622609e-22
1.4770316	5.862577253e-22
1.4815748	5.808479966e-22
1.4861319	5.755291814e-22
1.490703	5.702975265e-22
1.4952882	5.651495374e-22
1.4998875	5.600819311e-22
1.5045009	5.550915934e-22
1.5091286	5.501757120e-22
1.5137704	5.453313826e-22
1.5184266	5.405559639e-22
1.523097	5.358468986e-22
1.5277819	5.312017969e-22
1.5324811	5.266184212e-22
1.5371948	5.220946211e-22
1.541923	5.176283253e-22
1.5466657	5.132176740e-22
1.5514231	5.088608285e-22
1.556195	5.045560646e-22
1.5609817	5.003017935e-22
1.565783	4.960963992e-22
1.5705991	4.919384491e-22
1.5754301	4.878266137e-22
1.5802759	4.837595560e-22
1.5851366	4.797359942e-22
1.5900122	4.757547851e-22
1.5949029	4.718148076e-22
1.5998086	4.679149864e-22
1.6047294	4.640543665e-22
1.6096653	4.602319724e-22
1.6146164	4.564469013e-22
1.6195827	4.526982959e-22
1.6245643	4.489853402e-22
1.6295613	4.453072120e-22
1.6345736	4.416631888e-22
1.6396013	4.380525363e-22
1.6446445	4.344746155e-22
1.6497031	4.309287229e-22
1.6547774	4.274142689e-22
1.6598673	4.239307071e-22
1.6649728	4.204774005e-22
1.670094	4.170538546e-22
1.675231	4.136595368e-22
1.6803837	4.102939873e-22
1.6855524	4.069566907e-22
1.6907369	4.036472352e-22
1.6959373	4.003651757e-22
1.7011538	3.971100748e-22
1.7063863	3.938815580e-22
1.7116349	3.906792719e-22
1.7168997	3.875028255e-22
1.7221806	3.843518376e-22
1.7274778	3.812260247e-22
1.7327913	3.781249774e-22
1.7381211	3.750484533e-22
1.7434673	3.719961175e-22
1.74883	3.689676654e-22
1.7542091	3.659628383e-22
1.7596048	3.629813041e-22
1.7650171	3.600228787e-22
1.770446	3.570872049e-22
1.7758917	3.541741154e-22
1.7813541	3.512833419e-22
1.7868333	3.484146345e-22
1.7923293	3.455677660e-22
1.7978423	3.427425270e-22
1.8033722	3.399386873e-22
1.8089191	3.371560419e-22
1.8144831	3.343943905e-22
1.8200642	3.316535254e-22
1.8256624	3.289332514e-22
1.8312779	3.262333869e-22
1.8369106	3.235537311e-22
1.8425607	3.208941166e-22
1.8482282	3.182543632e-22
1.8539131	3.156342860e-22
1.8596154	3.130337130e-22
1.8653353	3.104524913e-22
1.8710728	3.078904495e-22
1.876828	3.053474303e-22
1.8826009	3.028232776e-22
1.8883915	3.003178272e-22
1.8941999	2.978309355e-22
1.9000262	2.953624508e-22
1.9058704	2.929122297e-22
1.9117326	2.904801291e-22
1.9176128	2.880660031e-22
1.9235111	2.856697165e-22
1.9294276	2.832911362e-22
1.9353622	2.809301134e-22
1.9413151	2.785865272e-22
1.9472863	2.762602411e-22
1.9532759	2.739511318e-22
1.9592839	2.716590641e-22
1.9653104	2.693839202e-22
1.9713554	2.671255665e-22
1.977419	2.648838861e-22
1.9835012	2.626587583e-22
1.9896022	2.604500635e-22
1.9957219	2.582576832e-22
2.0018605	2.560815066e-22
2.0080179	2.539214097e-22
2.0141943	2.517772833e-22
2.0203897	2.496490190e-22
2.0266041	2.475364965e-22
2.0328377	2.454396144e-22
2.0390904	2.433582556e-22
2.0453623	2.412923141e-22
2.0516536	2.392416965e-22
2.0579642	2.372062794e-22
2.0642942	2.351859690e-22
2.0706437	2.331806592e-22
2.0770127	2.311902450e-22
2.0834013	2.292146298e-22
2.0898095	2.272537067e-22
2.0962375	2.253073866e-22
2.1026852	2.233755593e-22
2.1091528	2.214581375e-22
2.1156402	2.195550132e-22
2.1221476	2.176661011e-22
2.128675	2.157913046e-22
2.1352226	2.139305287e-22
2.1417902	2.120836726e-22
2.148378	2.102506514e-22
2.1549861	2.084313700e-22
2.1616146	2.066257441e-22
2.1682634	2.048336751e-22
2.1749327	2.030550782e-22
2.1816224	2.012898573e-22
2.1883328	1.995379342e-22
2.1950638	1.977992151e-22
2.2018155	1.960736189e-22
2.208588	1.943610554e-22
2.2153813	1.926614375e-22
2.2221955	1.909746814e-22
2.2290306	1.893007061e-22
2.2358868	1.876394267e-22
2.2427641	1.859907609e-22
2.2496625	1.843546254e-22
2.2565822	1.827309407e-22
2.2635231	1.811196223e-22
2.2704854	1.795205929e-22
2.2774691	1.779337707e-22
2.2844742	1.763590770e-22
2.2915009	1.747964323e-22
2.2985493	1.732457644e-22
2.3056193	1.717069887e-22
2.312711	1.701800277e-22
2.3198246	1.686648108e-22
2.3269601	1.671612592e-22
2.3341175	1.656692976e-22
2.3412969	1.641888497e-22
2.3484984	1.627198423e-22
2.355722	1.612622023e-22
2.3629679	1.598158546e-22
2.370236	1.583807254e-22
2.3775265	1.569567462e-22
2.3848395	1.555438487e-22
2.3921749	1.541419492e-22
2.3995329	1.527509852e-22
2.4069135	1.513708835e-22
2.4143168	1.500015769e-22
2.4217429	1.486429940e-22
2.4291919	1.472950665e-22
2.4366637	1.459577196e-22
2.4441586	1.446308940e-22
2.4516764	1.433145187e-22
2.4592175	1.420085240e-22
2.4667817	1.407128461e-22
2.4743691	1.394274131e-22
2.4819799	1.381521679e-22
2.4896142	1.368870372e-22
2.4972719	1.356319583e-22
2.5049531	1.343868651e-22
2.512658	1.331516939e-22
2.5203866	1.319263828e-22
2.5281389	1.307108615e-22
2.5359151	1.295050724e-22
2.5437152	1.283089525e-22
2.5515393	1.271224362e-22
2.5593875	1.259454660e-22
2.5672598	1.247779729e-22
2.5751563	1.236198982e-22
2.5830772	1.224711891e-22
2.5910223	1.213317662e-22
2.598992	1.202015888e-22
2.6069861	1.190805847e-22
2.6150048	1.179686992e-22
2.6230482	1.168658702e-22
2.6311163	1.157720371e-22
2.6392092	1.146871455e-22
2.6473271	1.136111339e-22
2.6554699	1.125439466e-22
2.6636377	1.114855232e-22
2.6718307	1.104358093e-22
2.6800489	1.093947455e-22
2.6882923	1.083622764e-22
2.6965611	1.073383418e-22
2.7048554	1.063228912e-22
2.7131751	1.053158618e-22
2.7215205	1.043172063e-22
2.7298915	1.033268605e-22
2.7382882	1.023447727e-22
2.7467108	1.013708919e-22
2.7551593	1.004051634e-22
2.7636338	9.944752492e-23
2.7721343	9.849792946e-23
2.780661	9.755632424e-23
2.7892139	9.662265266e-23
2.7977932	9.569686529e-23
2.8063988	9.477890289e-23
2.8150309	9.386871953e-23
2.8236895	9.296625674e-23
2.8323748	9.207146761e-23
2.8410868	9.118430150e-23
2.8498255	9.030469873e-23
2.8585912	8.943261687e-23
2.8673838	8.856800250e-23
2.8762035	8.771080640e-23
2.8850503	8.686097148e-23
2.8939243	8.601845484e-23
2.9028256	8.518319999e-23
2.9117543	8.435516771e-23
2.9207104	8.353429475e-23
2.9296941	8.272054247e-23
2.9387054	8.191385556e-23
2.9477444	8.111418878e-23
2.9568113	8.032149763e-23
2.965906	7.953572435e-23
2.9750287	7.875682814e-23
2.9841795	7.798475752e-23
2.9933584	7.721946374e-23
3.0025656	7.646090925e-23
3.011801	7.570902980e-23
3.0210649	7.496379277e-23
3.0303573	7.422514783e-23
3.0396782	7.349304888e-23
3.0490278	7.276744277e-23
3.0584062	7.204829278e-23
3.0678134	7.133555164e-23
3.0772496	7.062916950e-23
3.0867148	6.992909826e-23
3.0962091	6.923530429e-23
3.1057326	6.854773087e-23
3.1152853	6.786633793e-23
3.1248675	6.719108381e-23
3.1344792	6.652192317e-23
3.1441204	6.585880574e-23
3.1537913	6.520169217e-23
3.1634919	6.455054065e-23
3.1732223	6.390530545e-23
3.1829827	6.326594153e-23
3.1927731	6.263241058e-23
3.2025936	6.200466118e-23
3.2124443	6.138266000e-23
3.2223254	6.076636042e-23
3.2322368	6.015571726e-23
3.2421787	5.955069244e-23
3.2521512	5.895124200e-23
3.2621543	5.835732531e-23
3.2721882	5.776890324e-23
3.282253	5.718592608e-23
3.2923488	5.660836245e-23
3.3024756	5.603616572e-23
3.3126335	5.546929451e-23
3.3228227	5.490771261e-23
3.3330432	5.435137240e-23
3.3432952	5.380024171e-23
3.3535787	5.325427696e-23
3.3638938	5.271343512e-23
3.3742407	5.217768296e-23
3.3846194	5.164697122e-23
3.39503	5.112127483e-23
3.4054726	5.060053986e-23
3.4159474	5.008473662e-23
3.4264543	4.957382327e-23
3.4369936	4.906776075e-23
3.4475653	4.856651207e-23
3.4581695	4.807003606e-23
3.4688064	4.757830186e-23
3.4794759	4.709126336e-23
3.4901783	4.660888693e-23
3.5009136	4.613113371e-23
3.5116819	4.565796664e-23
3.5224834	4.518934955e-23
3.533318	4.472524350e-23
3.544186	4.426561328e-23
3.5550874	4.381042145e-23
3.5660224	4.335963255e-23
3.5769909	4.291320896e-23
3.5879932	4.247111517e-23
3.5990294	4.203331567e-23
3.6100995	4.159977454e-23
3.6212037	4.117045578e-23
3.632342	4.074532438e-23
3.6435145	4.032434469e-23
3.6547215	3.990748282e-23
3.6659629	3.949470290e-23
3.6772389	3.908597039e-23
3.6885495	3.868125096e-23
3.699895	3.828051054e-23
3.7112753	3.788371417e-23
3.7226907	3.749082972e-23
3.7341412	3.710182175e-23
3.7456268	3.671665702e-23
3.7571479	3.633530305e-23
3.7687043	3.595772514e-23
3.7802963	3.558389172e-23
3.791924	3.521376903e-23
3.8035874	3.484732508e-23
3.8152867	3.448452704e-23
3.827022	3.412534236e-23
3.8387933	3.376973882e-23
3.8506009	3.341768577e-23
3.8624448	3.306915047e-23
3.8743251	3.272410141e-23
3.886242	3.238250721e-23
3.8981955	3.204433749e-23
3.9101858	3.170956037e-23
3.922213	3.137814537e-23
3.9342772	3.105006178e-23
3.9463785	3.072527966e-23
3.958517	3.040376832e-23
3.9706928	3.008549737e-23
3.9829061	2.977043807e-23
3.9951569	2.945855967e-23
4.0074455	2.914983389e-23
4.0197718	2.884423069e-23
4.0321361	2.854172129e-23
4.0445383	2.824227575e-23
4.0569788	2.794586724e-23
4.0694575	2.765246591e-23
4.0819745	2.736204395e-23
4.0945301	2.707457350e-23
4.1071243	2.679002648e-23
4.1197572	2.650837493e-23
4.132429	2.622959157e-23
4.1451398	2.595364957e-23
4.1578896	2.568052109e-23
4.1706787	2.541017953e-23
4.1835071	2.514259819e-23
4.196375	2.487775080e-23
4.2092825	2.461561108e-23
4.2222296	2.435615229e-23
4.2352166	2.409934994e-23
4.2482435	2.384517685e-23
4.2613105	2.359360837e-23
4.2744177	2.334461884e-23
4.2875652	2.309818397e-23
4.3007531	2.285427825e-23
4.3139816	2.261287731e-23
4.3272508	2.237395629e-23
4.3405608	2.213749177e-23
4.3539118	2.190345987e-23
4.3673038	2.167183547e-23
4.380737	2.144259648e-23
4.3942115	2.121571819e-23
4.4077275	2.099117921e-23
4.4212851	2.076895504e-23
4.4348843	2.054902343e-23
4.4485254	2.033136275e-23
4.4622084	2.011594930e-23
4.4759335	1.990276192e-23
4.4897009	1.969177871e-23
4.5035105	1.948297803e-23
4.5173627	1.927633862e-23
4.5312575	1.907183873e-23
4.545195	1.886945833e-23
4.5591753	1.866917556e-23
4.5731987	1.847097102e-23
4.5872652	1.827482399e-23
4.601375	1.808071454e-23
4.6155282	1.788862238e-23
4.6297249	1.769852877e-23
4.6439653	1.751041330e-23
4.6582494	1.732425783e-23
4.6725776	1.714004315e-23
4.6869497	1.695774990e-23
4.7013661	1.677736081e-23
4.7158269	1.659885678e-23
4.7303321	1.642222008e-23
4.7448819	1.624743320e-23
4.7594765	1.607447848e-23
4.774116	1.590333910e-23
4.7888005	1.573399695e-23
4.8035301	1.556643606e-23
4.8183051	1.540063953e-23
4.8331255	1.523659097e-23
4.8479915	1.507427475e-23
4.8629033	1.491367511e-23
4.8778609	1.475477586e-23
4.8928645	1.459756157e-23
4.9079142	1.444201767e-23
4.9230103	1.428812920e-23
4.9381528	1.413588121e-23
4.9533418	1.398525938e-23
4.9685776	1.383624951e-23
4.9838602	1.368883806e-23
4.9991899	1.354301121e-23
5.0145667	1.339875576e-23
5.0299908	1.325605811e-23
5.0454623	1.311490498e-23
5.0609814	1.297528490e-23
5.0765483	1.283718452e-23
5.092163	1.270059187e-23
5.1078258	1.256549529e-23
5.1235368	1.243188277e-23
5.139296	1.229974322e-23
5.1551038	1.216906541e-23
5.1709601	1.203983854e-23
5.1868653	1.191205175e-23
5.2028193	1.178569409e-23
5.2188225	1.166075688e-23
5.2348748	1.153722901e-23
5.2509766	1.141510101e-23
5.2671278	1.129436398e-23
5.2833288	1.117500830e-23
5.2995795	1.105702551e-23
5.3158803	1.094040642e-23
5.3322312	1.082514372e-23
5.3486324	1.071122785e-23
5.365084	1.059865268e-23
5.3815862	1.048740910e-23
5.3981392	1.037749033e-23
5.4147431	1.026888944e-23
5.4313981	1.016160012e-23
5.4481043	1.005561470e-23
5.4648619	9.950927354e-24
5.4816711	9.847531596e-24
5.4985319	9.745422519e-24
5.5154446	9.644594202e-24
5.5324093	9.545041125e-24
5.5494262	9.446758382e-24
5.5664955	9.349741038e-24
5.5836172	9.253984533e-24
5.6007916	9.159483912e-24
5.6180189	9.066236525e-24
5.6352991	8.974237687e-24
5.6526325	8.883483528e-24
5.6700192	8.793970582e-24
5.6874594	8.705696645e-24
5.7049532	8.618657575e-24
5.7225008	8.532851094e-24
5.7401024	8.448275520e-24
5.7577581	8.364927204e-24
5.7754682	8.282804465e-24
5.7932327	8.201905998e-24
5.8110519	8.122230059e-24
5.8289258	8.043774042e-24
5.8468548	7.966537463e-24
5.8648389	7.890519532e-24
5.8828783	7.815718321e-24
5.9009732	7.742133757e-24
5.9191237	7.669764423e-24
5.9373301	7.598610264e-24
5.9555925	7.528671076e-24
5.9739111	7.459946067e-24
5.992286	7.392435622e-24
6.0107174	7.326138910e-24
6.0292055	7.261056343e-24
6.0477505	7.197188314e-24
6.0663525	7.134534507e-24
6.0850117	7.073095915e-24
6.1037284	7.012871671e-24
6.1225026	6.953862617e-24
6.1413345	6.896069066e-24
6.1602244	6.839491363e-24
6.1791724	6.784129088e-24
6.1981786	6.729983727e-24
6.2172433	6.677054935e-24
6.2363667	6.625342295e-24
6.2555489	6.574845953e-24
6.2747901	6.525566095e-24
6.2940904	6.477503040e-24
6.3134501	6.430655626e-24
6.3328694	6.385023789e-24
6.3523484	6.340606808e-24
6.3718874	6.297403779e-24
6.3914864	6.255413757e-24
6.4111457	6.214635399e-24
6.4308655	6.175067283e-24
6.4506459	6.136707588e-24
6.4704871	6.099554312e-24
6.4903894	6.063605145e-24
6.510353	6.028857492e-24
6.5303779	5.995308373e-24
6.5504644	5.962954517e-24
6.5706127	5.931792362e-24
6.590823	5.901817851e-24
6.6110954	5.873026701e-24
6.6314302	5.845414211e-24
6.6518275	5.818975213e-24
6.6722876	5.793704242e-24
6.6928106	5.769595362e-24
6.7133968	5.746642268e-24
6.7340462	5.724838069e-24
6.7547592	5.704175784e-24
6.7755359	5.684647774e-24
6.7963764	5.666245933e-24
6.8172811	5.648961877e-24
6.8382501	5.632786825e-24
6.8592836	5.617711361e-24
6.8803818	5.603725854e-24
6.9015449	5.590820199e-24
6.922773	5.578983828e-24
6.9440665	5.568205871e-24
6.9654255	5.558475123e-24
6.9868501	5.549779815e-24
7.0083407	5.542107937e-24
7.0298973	5.535447094e-24
7.0515203	5.529784684e-24
7.0732098	5.525107620e-24
7.094966	5.521402482e-24
7.1167891	5.518655758e-24
7.1386793	5.516853421e-24
7.1606369	5.515981384e-24
7.182662	5.516025313e-24
7.2047548	5.516970465e-24
7.2269156	5.518802099e-24
7.2491446	5.521505195e-24
7.2714419	5.525064591e-24
7.2938079	5.529465058e-24
7.3162426	5.534691046e-24
7.3387463	5.540727076e-24
7.3613192	5.547557527e-24
7.3839616	5.555166708e-24
7.4066736	5.563538812e-24
7.4294555	5.572658072e-24
7.4523074	5.582508750e-24
7.4752297	5.593075110e-24
7.4982224	5.604341233e-24
7.5212859	5.616291381e-24
7.5444203	5.628909952e-24
7.5676259	5.642181313e-24
7.5909028	5.656089792e-24
7.6142514	5.670620013e-24
7.6376717	5.685756554e-24
7.6611641	5.701484259e-24
7.6847288	5.717787863e-24
7.7083659	5.734652466e-24
7.7320757	5.752063213e-24
7.7558585	5.770005367e-24
7.7797144	5.788464519e-24
7.8036437	5.807426098e-24
7.8276466	5.826876118e-24
7.8517233	5.846800503e-24
7.8758741	5.867185480e-24
7.9000992	5.888017440e-24
7.9243988	5.909282901e-24
7.9487731	5.930968726e-24
7.9732224	5.953061808e-24
7.9977469	5.975549494e-24
8.0223468	5.998419194e-24
8.0470224	6.021658424e-24
8.0717739	6.045255162e-24
8.0966016	6.069197348e-24
8.1215056	6.093473427e-24
8.1464861	6.118071734e-24
8.1715436	6.142981083e-24
8.1966781	6.168190470e-24
8.2218899	6.193688856e-24
8.2471793	6.219465877e-24
8.2725464	6.245510869e-24
8.2979916	6.271813814e-24
8.323515	6.298364587e-24
8.349117	6.325153483e-24
8.3747977	6.352170845e-24
8.4005574	6.379407480e-24
8.4263963	6.406854019e-24
8.4523147	6.434501598e-24
8.4783128	6.462341334e-24
8.5043909	6.490364850e-24
8.5305492	6.518563599e-24
8.556788	6.546929400e-24
8.5831074	6.575454242e-24
8.6095078	6.604130253e-24
8.6359895	6.632949930e-24
8.6625525	6.661905602e-24
8.6891973	6.690990126e-24
8.7159241	6.720196198e-24
8.742733	6.749516959e-24
8.7696244	6.778945549e-24
8.7965985	6.808475292e-24
8.8236556	6.838099739e-24
8.8507959	6.867812438e-24
8.8780197	6.897607318e-24
8.9053272	6.927478233e-24
8.9327188	6.957419383e-24
8.9601945	6.987424777e-24
8.9877548	7.017488966e-24
9.0153999	7.047606431e-24
9.04313	7.077771690e-24
9.0709454	7.107979660e-24
9.0988463	7.138225029e-24
9.1268331	7.168502999e-24
9.1549059	7.198808544e-24
9.1830651	7.229136964e-24
9.2113109	7.259483602e-24
9.2396436	7.289844051e-24
9.2680634	7.320213758e-24
9.2965707	7.350588534e-24
9.3251656	7.380964206e-24
9.3538485	7.411336691e-24
9.3826196	7.441702122e-24
9.4114792	7.472056723e-24
9.4404276	7.502396777e-24
9.469465	7.532718902e-24
9.4985917	7.563019653e-24
9.527808	7.593295965e-24
9.5571142	7.623544994e-24
9.5865105	7.653763919e-24
9.6159973	7.683950541e-24
9.6455747	7.714102529e-24
9.6752431	7.744218301e-24
9.7050028	7.774296225e-24
9.734854	7.804334862e-24
9.764797	7.834332077e-24
9.7948322	7.864284634e-24
9.8249597	7.894186485e-24
9.8551799	7.924027450e-24
9.885493	7.953792825e-24
9.9158994	7.983465863e-24
9.9463993	8.013032567e-24
9.976993	8.042487133e-24
10.007681	8.071832950e-24
10.038463	8.101078671e-24
10.06934	8.130233610e-24
10.100312	8.159304111e-24
10.131379	8.188292858e-24
10.162542	8.217200241e-24
10.1938	8.246024448e-24
10.225155	8.274762716e-24
10.256606	8.303412544e-24
10.288154	8.331970327e-24
10.319799	8.360433689e-24
10.351541	8.388798571e-24
10.383381	8.417063807e-24
10.415319	8.445226143e-24
10.447355	8.473282308e-24
10.479489	8.501230680e-24
10.511723	8.529069621e-24
10.544055	8.556795003e-24
10.576487	8.584405978e-24
10.609019	8.611900898e-24
10.641651	8.639276401e-24
10.674383	8.666531655e-24
10.707216	8.693664540e-24
10.74015	8.720673346e-24
10.773185	8.747554675e-24
10.806322	8.774308911e-24
10.83956	8.800933072e-24
10.872901	8.827425393e-24
10.906345	8.853784969e-24
10.939891	8.880009647e-24
10.973541	8.906097630e-24
11.007294	8.932047589e-24
11.041151	8.957857307e-24
11.075112	8.983524984e-24
11.109177	9.009050560e-24
11.143347	9.034430910e-24
11.177623	9.059666359e-24
11.212004	9.084752963e-24
11.24649	9.109690613e-24
11.281083	9.134478303e-24
11.315782	9.159113785e-24
11.350587	9.183595211e-24
11.3855	9.207921542e-24
11.42052	9.232092255e-24
11.455648	9.256104133e-24
11.490884	9.279957935e-24
11.526229	9.303650427e-24
11.561682	9.327181071e-24
11.597244	9.350548387e-24
11.632915	9.373750455e-24
11.668696	9.396786660e-24
11.704588	9.419656374e-24
11.740589	9.442355991e-24
11.776702	9.464886546e-24
11.812925	9.487245311e-24
11.84926	9.509431143e-24
11.885707	9.531442986e-24
11.922265	9.553279378e-24
11.958937	9.574939558e-24
11.995721	9.596421649e-24
12.032618	9.617724977e-24
12.069628	9.638846670e-24
12.106753	9.659788231e-24
12.143991	9.680545966e-24
12.181345	9.701119987e-24
12.218813	9.721508385e-24
12.256396	9.741710452e-24
12.294095	9.761723673e-24
12.33191	9.781548739e-24
12.369841	9.801182714e-24
12.407889	9.820625785e-24
12.446054	9.839875904e-24
12.484336	9.858931944e-24
12.522736	9.877793158e-24
12.561254	9.896457498e-24
12.599891	9.914924202e-24
12.638646	9.933192649e-24
12.677521	9.951260627e-24
12.716515	9.969127504e-24
12.75563	9.986792909e-24
12.794864	1.000425396e-23
12.834219	1.002151027e-23
12.873696	1.003856105e-23
12.913293	1.005540435e-23
12.953013	1.007203921e-23
12.992854	1.008846553e-23
13.032818	1.010468104e-23
13.072906	1.012068491e-23
13.113116	1.013647519e-23
13.15345	1.015205237e-23
13.193908	1.016741337e-23
13.234491	1.018255923e-23
13.275198	1.019748649e-23
13.316031	1.021219656e-23
13.356989	1.022668596e-23
13.398073	1.024095478e-23
13.439284	1.025500124e-23
13.480621	1.026882465e-23
13.522086	1.028242453e-23
13.563678	1.029579833e-23
13.605398	1.030894612e-23
13.647246	1.032186665e-23
13.689223	1.033455809e-23
13.731329	1.034701919e-23
13.773565	1.035925001e-23
13.81593	1.037124892e-23
13.858426	1.038301443e-23
13.901052	1.039454586e-23
13.94381	1.040584173e-23
13.986699	1.041690133e-23
14.02972	1.042772473e-23
14.072874	1.043830909e-23
14.11616	1.044865371e-23
14.159579	1.045875767e-23
14.203132	1.046862003e-23
14.246819	1.047823950e-23
14.29064	1.048761576e-23
14.334596	1.049674787e-23
14.378687	1.050563354e-23
14.422914	1.051427280e-23
14.467277	1.052266435e-23
14.511776	1.053080784e-23
14.556412	1.053870036e-23
14.601186	1.054634389e-23
14.646097	1.055373478e-23
14.691146	1.056087305e-23
14.736334	1.056775772e-23
14.781661	1.057438945e-23
14.827127	1.058076393e-23
14.872734	1.058688350e-23
14.91848	1.059274612e-23
14.964367	1.059835016e-23
15.010395	1.060369527e-23
15.056565	1.060878046e-23
15.102877	1.061360638e-23
15.149331	1.061816967e-23
15.195929	1.062247169e-23
15.242669	1.062651039e-23
15.289553	1.063028511e-23
15.336582	1.063379584e-23
15.383755	1.063704088e-23
15.431073	1.064002021e-23
15.478537	1.064273385e-23
15.526147	1.064517942e-23
15.573903	1.064735756e-23
15.621806	1.064926626e-23
15.669857	1.065090651e-23
15.718055	1.065227763e-23
15.766401	1.065337758e-23
15.814897	1.065420667e-23
15.863541	1.065476492e-23
15.912335	1.065505163e-23
15.961279	1.065506543e-23
16.010374	1.065480734e-23
16.059619	1.065427566e-23
16.109016	1.065347073e-23
16.158565	1.065239219e-23
16.208267	1.065104005e-23
16.258121	1.064941366e-23
16.308129	1.064751230e-23
16.35829	1.064533635e-23
16.408606	1.064288615e-23
16.459077	1.064016139e-23
16.509702	1.063716142e-23
16.560484	1.063388585e-23
16.611422	1.063033615e-23
16.662516	1.062651095e-23
16.713768	1.062241166e-23
16.765177	1.061803765e-23
16.816744	1.061339001e-23
16.86847	1.060846772e-23
16.920355	1.060327143e-23
16.9724	1.059780236e-23
17.024604	1.059205993e-23
17.07697	1.058604553e-23
17.129496	1.057975904e-23
17.182184	1.057320147e-23
17.235034	1.056637332e-23
17.288046	1.055927521e-23
17.341222	1.055190836e-23
17.394561	1.054427334e-23
17.448064	1.053637107e-23
17.501732	1.052820285e-23
17.555565	1.051976966e-23
17.609563	1.051107238e-23
17.663728	1.050211285e-23
17.718059	1.049289199e-23
17.772557	1.048341125e-23
17.827223	1.047367241e-23
17.882057	1.046367684e-23
17.93706	1.045342657e-23
17.992231	1.044292270e-23
18.047573	1.043216810e-23
18.103085	1.042116411e-23
18.158767	1.040991288e-23
18.214621	1.039841698e-23
18.270647	1.038667857e-23
18.326845	1.037470003e-23
18.383215	1.036248356e-23
18.439759	1.035003257e-23
18.496478	1.033734970e-23
18.55337	1.032443728e-23
18.610438	1.031129920e-23
18.667681	1.029793802e-23
18.7251	1.028435733e-23
18.782696	1.027056073e-23
18.840468	1.025655144e-23
18.898419	1.024233387e-23
18.956548	1.022791150e-23
19.014856	1.021328872e-23
19.073343	1.019846944e-23
19.132009	1.018345793e-23
19.190857	1.016825956e-23
19.249885	1.015287845e-23
19.309095	1.013731987e-23
19.368487	1.012158877e-23
19.428062	1.010569067e-23
19.48782	1.008963095e-23
19.547762	1.007341540e-23
19.607888	1.005704983e-23
19.668199	1.004054056e-23
19.728695	1.002389372e-23
19.789378	1.000711641e-23
19.850247	9.990214919e-24
19.911304	9.973196569e-24
19.972548	9.956068541e-24
20.033981	9.938838470e-24
20.095603	9.921514001e-24
20.157414	9.904103173e-24
20.219415	9.886614328e-24
20.281607	9.869056203e-24
20.343991	9.851437709e-24
20.406566	9.833767433e-24
20.469333	9.816055104e-24
20.532294	9.798310728e-24
20.595449	9.780544024e-24
20.658797	9.762765114e-24
20.722341	9.744985131e-24
20.78608	9.727214569e-24
20.850015	9.709464809e-24
20.914147	9.691747651e-24
20.978475	9.674074509e-24
21.043002	9.656458264e-24
21.107728	9.638911297e-24
21.172652	9.621446426e-24
21.237776	9.604077124e-24
21.3031	9.586817077e-24
21.368626	9.569680388e-24
21.434353	9.552681404e-24
21.500282	9.535834887e-24
21.566413	9.519155954e-24
21.632749	9.502660705e-24
21.699288	9.486364347e-24
21.766032	9.470283681e-24
21.832981	9.454435389e-24
21.900136	9.438836482e-24
21.967498	9.423504673e-24
22.035067	9.408457805e-24
22.102844	9.393714164e-24
22.170829	9.379292418e-24
22.239023	9.365211918e-24
22.307427	9.351491888e-24
22.376042	9.338152648e-24
22.444867	9.325213956e-24
22.513904	9.312696820e-24
22.583154	9.300622273e-24
22.652617	9.289011763e-24
22.722293	9.277886857e-24
22.792183	9.267269702e-24
22.862289	9.257183031e-24
22.93261	9.247649334e-24
23.003147	9.238691895e-24
23.073902	9.230334198e-24
23.144874	9.222599644e-24
23.216064	9.215512411e-24
23.287474	9.209096898e-24
23.359102	9.203376841e-24
23.430952	9.198377679e-24
23.503022	9.194123689e-24
23.575314	9.190640069e-24
23.647828	9.187951650e-24
23.720566	9.186084041e-24
23.793527	9.185062032e-24
23.866712	9.184910825e-24
23.940123	9.185656075e-24
24.013759	9.187322628e-24
24.087622	9.189935796e-24
24.161712	9.193520385e-24
24.23603	9.198101289e-24
24.310577	9.203703150e-24
24.385353	9.210349921e-24
24.460359	9.218065886e-24
24.535595	9.226874494e-24
24.611063	9.236799067e-24
24.686763	9.247862164e-24
24.762696	9.260086008e-24
24.838863	9.273492431e-24
24.915264	9.288102034e-24
24.9919	9.303935196e-24
25.068771	9.321011194e-24
25.145879	9.339348985e-24
25.223224	9.358966100e-24
25.300807	9.379879430e-24
25.378629	9.402104775e-24
25.45669	9.425656801e-24
25.534991	9.450548979e-24
25.613533	9.476793808e-24
25.692317	9.504402538e-24
25.771343	9.533384568e-24
25.850612	9.563748487e-24
25.930124	9.595501140e-24
26.009882	9.628648375e-24
26.089885	9.663193606e-24
26.170133	9.699139103e-24
26.250629	9.736485707e-24
26.331372	9.775232181e-24
26.412364	9.815375687e-24
26.493604	9.856911200e-24
26.575095	9.899832527e-24
26.656836	9.944130942e-24
26.738829	9.989796194e-24
26.821074	1.003681558e-23
26.903571	1.008517454e-23
26.986323	1.013485699e-23
27.069329	1.018584420e-23
27.152591	1.023811560e-23
27.236108	1.029164801e-23
27.319882	1.034641677e-23
27.403915	1.040239504e-23
27.488205	1.045955326e-23
27.572755	1.051786031e-23
27.657565	1.057728270e-23
27.742636	1.063778470e-23
27.827968	1.069932853e-23
27.913563	1.076187447e-23
27.999421	1.082538045e-23
28.085543	1.088980261e-23
28.17193	1.095509478e-23
28.258583	1.102120926e-23
28.345503	1.108809612e-23
28.432689	1.115570306e-23
28.520144	1.122397700e-23
28.607868	1.129286241e-23
28.695862	1.136230236e-23
28.784126	1.143223785e-23
28.872662	1.150260893e-23
28.96147	1.157335389e-23
29.050552	1.164440995e-23
29.139907	1.171571262e-23
29.229537	1.178719650e-23
29.319443	1.185879544e-23
29.409626	1.193044220e-23
29.500085	1.200206814e-23
29.590824	1.207360535e-23
29.681841	1.214498388e-23
29.773138	1.221613429e-23
29.864716	1.228698681e-23
29.956575	1.235747131e-23
30.048718	1.242751813e-23
30.141143	1.249705717e-23
30.233853	1.256601934e-23
30.326848	1.263433552e-23
30.420129	1.270193766e-23
30.513697	1.276875831e-23
30.607553	1.283473131e-23
30.701697	1.289979091e-23
30.796131	1.296387353e-23
30.890856	1.302691674e-23
30.985872	1.308885909e-23
31.08118	1.314964144e-23
31.176781	1.320920660e-23
31.272677	1.326749914e-23
31.368867	1.332446555e-23
31.465353	1.338005500e-23
31.562136	1.343421871e-23
31.659217	1.348691058e-23
31.756596	1.353808660e-23
31.854275	1.358770591e-23
31.952254	1.363573015e-23
32.050535	1.368212384e-23
32.149118	1.372685393e-23
32.248004	1.376989079e-23
32.347194	1.381120742e-23
32.446689	1.385077977e-23
32.546491	1.388858696e-23
32.646599	1.392461061e-23
32.747015	1.395883602e-23
32.847741	1.399125076e-23
32.948776	1.402184558e-23
33.050121	1.405061402e-23
33.151779	1.407755296e-23
33.253749	1.410266115e-23
33.356033	1.412594081e-23
33.458631	1.414739648e-23
33.561545	1.416703557e-23
33.664776	1.418486771e-23
33.768324	1.420090500e-23
33.87219	1.421516179e-23
33.976376	1.422765500e-23
34.080883	1.423840328e-23
34.185711	1.424742734e-23
34.290861	1.425475003e-23
34.396335	1.426039569e-23
34.502133	1.426439062e-23
34.608257	1.426676255e-23
34.714707	1.426754061e-23
34.821485	1.426675533e-23
34.92859	1.426443820e-23
35.036026	1.426062257e-23
35.143792	1.425534190e-23
35.251889	1.424863090e-23
35.360319	1.424052549e-23
35.469082	1.423106141e-23
35.57818	1.422027569e-23
35.687613	1.420820548e-23
35.797383	1.419488859e-23
35.907491	1.418036289e-23
36.017937	1.416466627e-23
36.128724	1.414783750e-23
36.23985	1.412991443e-23
36.351319	1.411093560e-23
36.46313	1.409093908e-23
36.575286	1.406996307e-23
36.687786	1.404804508e-23
36.800633	1.402522301e-23
36.913826	1.400153374e-23
37.027368	1.397701409e-23
37.141259	1.395170053e-23
37.2555	1.392562869e-23
37.370093	1.389883430e-23
37.485038	1.387135170e-23
37.600336	1.384321529e-23
37.71599	1.381445899e-23
37.831999	1.378511536e-23
37.948365	1.375521680e-23
38.065088	1.372479489e-23
38.182171	1.369388069e-23
38.299614	1.366250428e-23
38.417418	1.363069531e-23
38.535585	1.359848266e-23
38.654115	1.356589408e-23
38.773009	1.353295689e-23
38.89227	1.349969793e-23
39.011897	1.346614274e-23
39.131892	1.343231654e-23
39.252256	1.339824375e-23
39.37299	1.336394781e-23
39.494096	1.332945196e-23
39.615574	1.329477782e-23
39.737426	1.325994745e-23
39.859653	1.322498112e-23
39.982255	1.318989903e-23
40.105235	1.315472087e-23
40.228593	1.311946481e-23
40.352331	1.308414929e-23
40.476449	1.304879156e-23
40.600948	1.301340799e-23
40.725831	1.297801535e-23
40.851098	1.294262890e-23
40.97675	1.290726332e-23
41.102789	1.287193320e-23
41.229215	1.283665224e-23
41.35603	1.280143338e-23
41.483236	1.276628963e-23
41.610832	1.273123279e-23
41.738821	1.269627467e-23
41.867204	1.266142635e-23
41.995982	1.262669831e-23
42.125155	1.259210075e-23
42.254726	1.255764323e-23
42.384696	1.252333523e-23
42.515065	1.248918529e-23
42.645835	1.245520197e-23
42.777008	1.242139300e-23
42.908584	1.238776607e-23
43.040565	1.235432851e-23
43.172951	1.232108673e-23
43.305745	1.228804742e-23
43.438947	1.225521674e-23
43.572559	1.222260046e-23
43.706582	1.219020372e-23
43.841018	1.215803220e-23
43.975866	1.212608997e-23
44.11113	1.209438218e-23
44.24681	1.206291291e-23
44.382906	1.203168577e-23
44.519422	1.200070510e-23
44.656357	1.196997388e-23
44.793714	1.193949549e-23
44.931493	1.190927290e-23
45.069696	1.187930905e-23
45.208324	1.184960603e-23
45.347378	1.182016648e-23
45.48686	1.179099247e-23
45.626772	1.176208611e-23
45.767113	1.173344873e-23
45.907886	1.170508223e-23
46.049092	1.167698771e-23
46.190733	1.164916675e-23
46.332809	1.162162032e-23
46.475322	1.159434914e-23
46.618273	1.156735397e-23
46.761665	1.154063581e-23
46.905497	1.151419482e-23
47.049772	1.148803147e-23
47.19449	1.146214587e-23
47.339654	1.143653830e-23
47.485264	1.141120885e-23
47.631321	1.138615703e-23
47.777829	1.136138305e-23
47.924786	1.133688638e-23
48.072196	1.131266687e-23
48.22006	1.128872382e-23
48.368378	1.126505675e-23
48.517152	1.124166469e-23
48.666384	1.121854739e-23
48.816075	1.119570376e-23
48.966226	1.117313303e-23
49.116839	1.115083404e-23
49.267916	1.112880611e-23
49.419457	1.110704800e-23
49.571464	1.108555830e-23
49.723939	1.106433633e-23
49.876882	1.104338042e-23
50.030297	1.102268974e-23
50.184183	1.100226248e-23
50.338542	1.098209736e-23
50.493376	1.096219309e-23
50.648687	1.094254817e-23
50.804475	1.092316105e-23
50.960742	1.090403022e-23
51.11749	1.088515431e-23
51.27472	1.086653130e-23
51.432434	1.084815981e-23
51.590633	1.083003814e-23
51.749319	1.081216470e-23
51.908492	1.079453768e-23
52.068155	1.077715516e-23
52.228309	1.076001579e-23
52.388956	1.074311753e-23
52.550097	1.072645879e-23
52.711734	1.071003751e-23
52.873868	1.069385207e-23
53.0365	1.067790065e-23
53.199633	1.066218124e-23
53.363268	1.064669220e-23
53.527405	1.063143134e-23
53.692048	1.061639710e-23
53.857197	1.060158748e-23
54.022854	1.058700067e-23
54.189021	1.057263483e-23
54.355699	1.055848785e-23
54.522889	1.054455795e-23
54.690594	1.053084336e-23
54.858814	1.051734199e-23
55.027552	1.050405203e-23
55.196809	1.049097167e-23
55.366587	1.047809875e-23
55.536886	1.046543154e-23
55.70771	1.045296825e-23
55.879059	1.044070690e-23
56.050935	1.042864549e-23
56.22334	1.041678220e-23
56.396275	1.040511529e-23
56.569742	1.039364272e-23
56.743742	1.038236272e-23
56.918278	1.037127331e-23
57.09335	1.036037280e-23
57.268961	1.034965916e-23
57.445113	1.033913087e-23
57.621806	1.032878580e-23
57.799042	1.031862219e-23
57.976824	1.030863816e-23
58.155152	1.029883214e-23
58.334029	1.028920220e-23
58.513456	1.027974645e-23
58.693435	1.027046325e-23
58.873968	1.026135094e-23
59.055056	1.025240759e-23
59.236701	1.024363150e-23
59.418905	1.023502080e-23
59.601669	1.022657409e-23
59.784995	1.021828945e-23
59.968885	1.021016536e-23
60.153341	1.020219986e-23
60.338364	1.019439152e-23
60.523956	1.018673855e-23
60.710119	1.017923939e-23
60.896855	1.017189241e-23
61.084165	1.016469596e-23
61.272051	1.015764838e-23
61.460516	1.015074833e-23
61.649559	1.014399393e-23
61.839185	1.013738375e-23
62.029393	1.013091606e-23
62.220187	1.012458958e-23
62.411567	1.011840282e-23
62.603536	1.011235397e-23
62.796096	1.010644191e-23
62.989248	1.010066482e-23
63.182994	1.009502138e-23
63.377336	1.008951023e-23
63.572275	1.008412952e-23
63.767815	1.007887845e-23
63.963955	1.007375520e-23
64.160699	1.006875833e-23
64.358049	1.006388683e-23
64.556005	1.005913895e-23
64.75457	1.005451353e-23
64.953746	1.005000914e-23
65.153534	1.004562446e-23
65.353937	1.004135812e-23
65.554957	1.003720905e-23
65.756594	1.003317564e-23
65.958852	1.002925696e-23
66.161732	1.002545143e-23
66.365237	1.002175825e-23
66.569367	1.001817577e-23
66.774125	1.001470271e-23
66.979512	1.001133810e-23
67.185532	1.000808076e-23
67.392185	1.000492961e-23
67.599474	1.000188316e-23
67.8074	9.998940380e-24
68.015966	9.996100400e-24
68.225173	9.993361757e-24
68.435024	9.990723561e-24
68.645521	9.988184613e-24
68.856665	9.985743648e-24
69.068458	9.983399875e-24
69.280903	9.981152372e-24
69.494001	9.978999623e-24
69.707755	9.976940897e-24
69.922166	9.974975091e-24
70.137236	9.973101387e-24
70.352969	9.971318448e-24
70.569364	9.969625449e-24
70.786426	9.968021753e-24
71.004155	9.966505723e-24
71.222553	9.965076929e-24
71.441624	9.963734434e-24
71.661368	9.962477008e-24
71.881788	9.961303830e-24
72.102886	9.960214245e-24
72.324665	9.959207201e-24
72.547125	9.958281883e-24
72.77027	9.957437073e-24
72.994101	9.956672456e-24
73.21862	9.955986882e-24
73.44383	9.955379718e-24
73.669733	9.954849799e-24
73.896331	9.954396630e-24
74.123625	9.954019195e-24
74.351619	9.953717115e-24
74.580314	9.953489137e-24
74.809713	9.953334801e-24
75.039817	9.953253073e-24
75.270628	9.953243411e-24
75.50215	9.953305190e-24
75.734384	9.953437567e-24
75.967332	9.953639539e-24
76.200997	9.953911071e-24
76.43538	9.954250854e-24
76.670485	9.954658454e-24
76.906312	9.955133158e-24
77.142865	9.955674302e-24
77.380146	9.956281297e-24
77.618156	9.956953259e-24
77.856898	9.957689883e-24
78.096375	9.958490414e-24
78.336589	9.959354236e-24
78.577541	9.960280913e-24
78.819234	9.961269431e-24
79.061671	9.962319465e-24
79.304853	9.963430323e-24
79.548784	9.964601732e-24
79.793465	9.965832763e-24
80.038898	9.967123009e-24
80.285086	9.968471889e-24
80.532032	9.969879043e-24
80.779737	9.971343757e-24
81.028204	9.972865439e-24
81.277435	9.974443884e-24
81.527433	9.976078258e-24
81.7782	9.977768351e-24
82.029738	9.979513258e-24
82.28205	9.981313053e-24
82.535138	9.983166822e-24
82.789004	9.985074345e-24
83.043651	9.987034982e-24
83.299082	9.989048337e-24
83.555298	9.991114116e-24
83.812302	9.993231666e-24
84.070097	9.995400819e-24
84.328684	9.997620793e-24
84.588067	9.999891466e-24
84.848248	1.000221235e-23
85.10923	1.000458324e-23
85.371013	1.000700331e-23
85.633603	1.000947253e-23
85.896999	1.001199021e-23
86.161206	1.001455628e-23
86.426226	1.001717020e-23
86.692061	1.001983174e-23
86.958713	1.002254036e-23
87.226186	1.002529591e-23
87.494481	1.002809780e-23
87.763602	1.003094611e-23
88.03355	1.003384001e-23
88.304329	1.003677957e-23
88.57594	1.003976444e-23
88.848387	1.004279396e-23
89.121672	1.004586807e-23
89.395798	1.004898676e-23
89.670767	1.005214901e-23
89.946581	1.005535523e-23
90.223244	1.005860475e-23
90.500758	1.006189750e-23
90.779126	1.006523322e-23
91.058349	1.006861129e-23
91.338432	1.007203181e-23
91.619376	1.007549439e-23
91.901184	1.007899902e-23
92.183859	1.008254493e-23
92.467404	1.008613234e-23
92.75182	1.008976085e-23
93.037112	1.009343032e-23
93.32328	1.009714053e-23
93.61033	1.010089111e-23
93.898262	1.010468187e-23
94.187079	1.010851251e-23
94.476786	1.011238310e-23
94.767383	1.011629343e-23
95.058874	1.012024301e-23
95.351261	1.012423199e-23
95.644548	1.012825987e-23
95.938737	1.013232653e-23
96.233831	1.013643194e-23
96.529833	1.014057603e-23
96.826745	1.014475844e-23
97.12457	1.014897885e-23
97.423312	1.015323751e-23
97.722972	1.015753374e-23
98.023554	1.016186779e-23
98.32506	1.016623952e-23
98.627494	1.017064868e-23
98.930858	1.017509487e-23
99.235156	1.017957861e-23
99.540389	1.018409918e-23
99.846561	1.018865657e-23
100.15367	1.019325045e-23
100.46173	1.019788129e-23
100.77074	1.020254881e-23
101.0807	1.020725278e-23
101.39161	1.021199295e-23
101.70347	1.021676911e-23
102.0163	1.022158174e-23
102.33008	1.022642961e-23
102.64484	1.023131450e-23
102.96056	1.023623438e-23
103.27725	1.024119030e-23
103.59492	1.024618199e-23
103.91356	1.025120896e-23
104.23318	1.025627146e-23
104.55379	1.026136975e-23
104.87538	1.026650307e-23
105.19796	1.027167168e-23
105.52154	1.027687580e-23
105.84611	1.028211497e-23
106.17168	1.028738942e-23
106.49824	1.029269814e-23
106.82582	1.029804288e-23
107.1544	1.030342213e-23
107.48399	1.030883638e-23
107.8146	1.031428560e-23
108.14622	1.031976932e-23
108.47886	1.032528803e-23
108.81253	1.033084167e-23
109.14722	1.033643005e-23
109.48294	1.034205283e-23
109.81969	1.034771057e-23
110.15748	1.035340294e-23
110.49631	1.035913021e-23
110.83618	1.036489186e-23
111.1771	1.037068833e-23
111.51906	1.037651919e-23
111.86208	1.038238510e-23
112.20615	1.038828532e-23
112.55128	1.039422005e-23
112.89747	1.040018956e-23
113.24473	1.040619406e-23
113.59306	1.041223326e-23
113.94245	1.041830644e-23
114.29292	1.042441452e-23
114.64447	1.043055749e-23
114.9971	1.043673537e-23
115.35082	1.044294778e-23
115.70562	1.044919483e-23
116.06151	1.045547668e-23
116.4185	1.046179353e-23
116.77659	1.046814536e-23
117.13578	1.047453191e-23
117.49607	1.048095317e-23
117.85747	1.048740960e-23
118.21998	1.049390063e-23
118.58361	1.050042726e-23
118.94836	1.050698896e-23
119.31423	1.051358598e-23
119.68122	1.052021749e-23
120.04934	1.052688478e-23
120.4186	1.053358744e-23
120.78899	1.054032532e-23
121.16052	1.054709856e-23
121.53319	1.055390746e-23
121.90701	1.056075188e-23
122.28198	1.056763182e-23
122.6581	1.057454757e-23
123.03538	1.058149899e-23
123.41382	1.058848637e-23
123.79342	1.059550970e-23
124.17419	1.060256885e-23
124.55613	1.060966439e-23
124.93925	1.061679617e-23
125.32355	1.062396419e-23
125.70902	1.063116832e-23
126.09569	1.063840925e-23
126.48354	1.064568643e-23
126.87259	1.065300040e-23
127.26283	1.066035105e-23
127.65427	1.066773850e-23
128.04692	1.067516317e-23
128.44077	1.068262436e-23
128.83584	1.069012349e-23
129.23212	1.069765926e-23
129.62962	1.070523268e-23
130.02834	1.071284345e-23
130.42829	1.072049200e-23
130.82947	1.072817802e-23
131.23188	1.073590212e-23
131.63553	1.074366412e-23
132.04042	1.075146401e-23
132.44656	1.075930251e-23
132.85395	1.076717932e-23
133.26259	1.077509445e-23
133.67248	1.078304791e-23
134.08364	1.079104050e-23
134.49606	1.079907183e-23
134.90975	1.080714230e-23
135.32472	1.081525233e-23
135.74096	1.082340121e-23
136.15848	1.083158965e-23
136.57728	1.083981736e-23
136.99737	1.084808506e-23
137.41876	1.085639313e-23
137.84144	1.086474088e-23
138.26542	1.087312873e-23
138.6907	1.088155698e-23
139.1173	1.089002612e-23
139.5452	1.089853537e-23
139.97442	1.090708585e-23
140.40496	1.091567724e-23
140.83683	1.092431025e-23
141.27002	1.093298421e-23
141.70455	1.094169989e-23
142.14041	1.095045691e-23
142.57762	1.095925638e-23
143.01617	1.096809792e-23
143.45606	1.097698122e-23
143.89731	1.098590709e-23
144.33992	1.099487582e-23
144.78389	1.100388713e-23
145.22922	1.101294134e-23
145.67593	1.102203923e-23
146.12401	1.103118043e-23
146.57346	1.104036465e-23
147.0243	1.104959297e-23
147.47653	1.105886572e-23
147.93015	1.106818229e-23
148.38516	1.107754302e-23
148.84157	1.108694860e-23
149.29939	1.109639912e-23
149.75861	1.110589422e-23
150.21925	1.111543498e-23
150.6813	1.112502074e-23
151.14477	1.113465220e-23
151.60967	1.114432976e-23
152.076	1.115405312e-23
152.54377	1.116382330e-23
153.01297	1.117363964e-23
153.48362	1.118350290e-23
153.95571	1.119341306e-23
154.42926	1.120337055e-23
154.90426	1.121337536e-23
155.38072	1.122342786e-23
155.85865	1.123352847e-23
156.33805	1.124367719e-23
156.81892	1.125387406e-23
157.30128	1.126412015e-23
157.78511	1.127441445e-23
158.27044	1.128475872e-23
158.75725	1.129515161e-23
159.24557	1.130559456e-23
159.73539	1.131608756e-23
160.22671	1.132663033e-23
160.71954	1.133722359e-23
161.21389	1.134786770e-23
161.70976	1.135856273e-23
162.20716	1.136930904e-23
162.70609	1.138010702e-23
163.20655	1.139095635e-23
163.70855	1.140185777e-23
164.21209	1.141281165e-23
164.71719	1.142381805e-23
165.22383	1.143487732e-23
165.73204	1.144598987e-23
166.24181	1.145715574e-23
166.75314	1.146837497e-23
167.26605	1.147964862e-23
167.78054	1.149097641e-23
168.29661	1.150235904e-23
168.81426	1.151379624e-23
169.33351	1.152528873e-23
169.85436	1.153683656e-23
170.37681	1.154844044e-23
170.90086	1.156010012e-23
171.42653	1.157181628e-23
171.95381	1.158358901e-23
172.48272	1.159541935e-23
173.01325	1.160730636e-23
173.54541	1.161925110e-23
174.07921	1.163125396e-23
174.61466	1.164331499e-23
175.15175	1.165543493e-23
175.69049	1.166761317e-23
176.23089	1.167985109e-23
176.77295	1.169214845e-23
177.31668	1.170450596e-23
177.86208	1.171692369e-23
178.40916	1.172940168e-23
178.95792	1.174194104e-23
179.50837	1.175454112e-23
180.06051	1.176720338e-23
180.61435	1.177992716e-23
181.16989	1.179271323e-23
181.72715	1.180556231e-23
182.28611	1.181847418e-23
182.8468	1.183144951e-23
183.40921	1.184448877e-23
183.97335	1.185759165e-23
184.53923	1.187075959e-23
185.10684	1.188399166e-23
185.67621	1.189728959e-23
186.24732	1.191065246e-23
186.82019	1.192408170e-23
187.39482	1.193757704e-23
187.97122	1.195113925e-23
188.54939	1.196476838e-23
189.12935	1.197846551e-23
189.71108	1.199222976e-23
190.2946	1.200606253e-23
190.87992	1.201996424e-23
191.46704	1.203393461e-23
192.05597	1.204797478e-23
192.64671	1.206208446e-23
193.23926	1.207626447e-23
193.83364	1.209051516e-23
194.42984	1.210483669e-23
195.02788	1.211923012e-23
195.62776	1.213369519e-23
196.22948	1.214823237e-23
196.83305	1.216284241e-23
197.43849	1.217752569e-23
198.04578	1.219228241e-23
198.65494	1.220711328e-23
199.26597	1.222201842e-23
199.87889	1.223699854e-23
200.49369	1.225205380e-23
201.11038	1.226718500e-23
201.72896	1.228239186e-23
202.34945	1.229767586e-23
202.97185	1.231303671e-23
203.59616	1.232847530e-23
204.2224	1.234399195e-23
204.85056	1.235958686e-23
205.48065	1.237526043e-23
206.11268	1.239101348e-23
206.74665	1.240684648e-23
207.38257	1.242275949e-23
208.02045	1.243875367e-23
208.66029	1.245482878e-23
209.3021	1.247098562e-23
209.94589	1.248722498e-23
210.59165	1.250354631e-23
211.2394	1.251995148e-23
211.88914	1.253643987e-23
212.54088	1.255301226e-23
213.19463	1.256966986e-23
213.85039	1.258641242e-23
214.50816	1.260324045e-23
215.16796	1.262015469e-23
215.82978	1.263715536e-23
216.49364	1.265424318e-23
217.15955	1.267141899e-23
217.8275	1.268868261e-23
218.4975	1.270603490e-23
219.16957	1.272347656e-23
219.84371	1.274100813e-23
220.51991	1.275862986e-23
221.1982	1.277634239e-23
221.87858	1.279414625e-23
222.56104	1.281204209e-23
223.24561	1.283003016e-23
223.93228	1.284811109e-23
224.62107	1.286628602e-23
225.31197	1.288455482e-23
226.005	1.290291822e-23
226.70016	1.292137640e-23
227.39745	1.293993070e-23
228.09689	1.295858106e-23
228.79849	1.297732873e-23
229.50224	1.299617321e-23
230.20816	1.301511642e-23
230.91624	1.303415745e-23
231.62651	1.305329813e-23
232.33896	1.307253836e-23
233.0536	1.309187899e-23
233.77044	1.311132088e-23
234.48949	1.313086410e-23
235.21074	1.315050896e-23
235.93422	1.317025728e-23
236.65992	1.319010857e-23
237.38785	1.321006371e-23
238.11802	1.323012356e-23
238.85044	1.325028861e-23
239.58511	1.327055905e-23
240.32204	1.329093615e-23
241.06123	1.331142012e-23
241.8027	1.333201212e-23
242.54646	1.335271265e-23
243.29249	1.337352133e-23
244.04083	1.339443990e-23
244.79146	1.341546883e-23
245.54441	1.343660834e-23
246.29967	1.345785958e-23
247.05725	1.347922265e-23
247.81716	1.350069886e-23
248.57941	1.352228829e-23
249.34401	1.354399224e-23
250.11095	1.356581069e-23
250.88026	1.358774466e-23
251.65193	1.360979494e-23
252.42598	1.363196189e-23
253.2024	1.365424630e-23
253.98122	1.367664921e-23
254.76243	1.369917059e-23
255.54604	1.372181178e-23
256.33206	1.374457329e-23
257.1205	1.376745563e-23
257.91137	1.379045973e-23
258.70467	1.381358625e-23
259.50041	1.383683614e-23
260.29859	1.386020922e-23
261.09924	1.388370781e-23
261.90234	1.390733079e-23
262.70792	1.393108048e-23
263.51597	1.395495645e-23
264.3265	1.397895966e-23
265.13954	1.400309158e-23
265.95507	1.402735238e-23
266.77311	1.405174285e-23
267.59366	1.407626328e-23
268.41674	1.410091530e-23
269.24236	1.412569945e-23
270.07051	1.415061620e-23
270.90121	1.417566674e-23
271.73446	1.420085096e-23
272.57028	1.422617053e-23
273.40866	1.425162588e-23
274.24963	1.427721809e-23
275.09318	1.430294720e-23
275.93933	1.432881490e-23
276.78808	1.435482145e-23
277.63944	1.438096788e-23
278.49342	1.440725516e-23
279.35003	1.443368344e-23
280.20927	1.446025389e-23
281.07115	1.448696749e-23
281.93569	1.451382511e-23
282.80288	1.454082720e-23
283.67274	1.456797463e-23
284.54528	1.459526884e-23
285.4205	1.462270970e-23
286.29841	1.465029912e-23
287.17903	1.467803705e-23
288.06235	1.470592490e-23
288.94839	1.473396307e-23
289.83715	1.476215277e-23
290.72865	1.479049485e-23
291.62289	1.481899010e-23
292.51988	1.484763912e-23
293.41963	1.487644338e-23
294.32215	1.490540349e-23
295.22744	1.493451981e-23
296.13552	1.496379407e-23
297.04639	1.499322666e-23
297.96006	1.502281861e-23
298.87654	1.505257056e-23
299.79584	1.508248400e-23
300.71797	1.511255955e-23
301.64294	1.514279831e-23
302.57075	1.517320061e-23
303.50142	1.520376782e-23
304.43494	1.523450095e-23
305.37134	1.526540068e-23
306.31062	1.529646785e-23
307.25279	1.532770401e-23
308.19785	1.535910953e-23
309.14583	1.539068558e-23
310.09672	1.542243320e-23
311.05053	1.545435304e-23
312.00728	1.548644646e-23
312.96697	1.551871432e-23
313.92961	1.555115727e-23
314.89521	1.558377689e-23
315.86378	1.561657339e-23
316.83534	1.564954859e-23
317.80988	1.568270312e-23
318.78741	1.571603767e-23
319.76796	1.574955385e-23
320.75152	1.578325231e-23
321.73811	1.581713443e-23
322.72773	1.585120065e-23
323.72039	1.588545213e-23
324.71611	1.591989072e-23
325.71489	1.595451640e-23
326.71674	1.598933033e-23
327.72168	1.602433438e-23
328.7297	1.605952923e-23
329.74083	1.609491561e-23
330.75506	1.613049467e-23
331.77242	1.616626808e-23
332.7929	1.620223604e-23
333.81653	1.623840024e-23
334.8433	1.627476186e-23
335.87323	1.631132139e-23
336.90633	1.634808096e-23
337.94261	1.638504082e-23
338.98207	1.642220195e-23
340.02473	1.645956625e-23
341.0706	1.649713449e-23
342.11968	1.653490762e-23
343.17199	1.657288758e-23
344.22754	1.661107465e-23
345.28634	1.664947052e-23
346.34839	1.668807620e-23
347.41371	1.672689267e-23
348.4823	1.676592142e-23
349.55418	1.680516345e-23
350.62936	1.684462050e-23
351.70785	1.688429382e-23
352.78965	1.692418394e-23
353.87478	1.696429284e-23
354.96325	1.700462131e-23
356.05507	1.704517112e-23
357.15024	1.708594328e-23
358.24879	1.712693957e-23
359.35071	1.716816031e-23
360.45602	1.720960848e-23
361.56473	1.725128392e-23
362.67685	1.729318940e-23
363.7924	1.733532548e-23
364.91137	1.737769448e-23
366.03379	1.742029719e-23
367.15965	1.746313546e-23
368.28898	1.750621109e-23
369.42179	1.754952591e-23
370.55808	1.759308153e-23
371.69786	1.763687927e-23
372.84115	1.768092225e-23
373.98796	1.772521182e-23
375.13829	1.776974960e-23
376.29216	1.781453872e-23
377.44959	1.785958131e-23
378.61057	1.790487978e-23
379.77512	1.795043680e-23
380.94325	1.799625529e-23
382.11498	1.804233944e-23
383.29031	1.808869198e-23
384.46926	1.813531763e-23
385.65183	1.818222017e-23
386.83804	1.822940540e-23
388.0279	1.827687889e-23
389.22142	1.832464728e-23
390.41861	1.837271930e-23
391.61948	1.842110318e-23
392.82405	1.846981156e-23
394.03232	1.851885665e-23
395.24431	1.856825637e-23
396.46002	1.861803082e-23
397.67948	1.866820661e-23
398.90268	1.871881778e-23
400.12965	1.876990832e-23
401.36039	1.882153680e-23
402.59492	1.887378382e-23
403.83324	1.892675854e-23
405.07538	1.898061932e-23
406.32133	1.903559633e-23
407.57112	1.909204043e-23
408.82475	1.915050440e-23
410.08224	1.921190249e-23
411.34359	1.927784321e-23
412.60883	1.935137169e-23
413.87795	1.943884268e-23
415.15098	1.955543071e-23
416.42793	1.974526990e-23
417.7088	2.018586068e-23
418.99361	2.226623231e-23
420.28238	3.174338307e-22
421.57511	2.199600909e-23
422.87181	2.032308321e-23
424.17251	2.003284896e-23
425.4772	1.996536410e-23
426.78591	1.996397368e-23
428.09864	1.998898987e-23
429.41541	2.002666406e-23
430.73623	2.007122580e-23
432.06111	2.011991468e-23
433.39007	2.017127581e-23
434.72312	2.022448619e-23
436.06027	2.027905094e-23
437.40153	2.033465950e-23
438.74691	2.039110919e-23
440.09643	2.044826343e-23
441.45011	2.050602767e-23
442.80795	2.056433454e-23
444.16996	2.062313608e-23
445.53616	2.068239680e-23
446.90657	2.074209080e-23
448.28119	2.080219702e-23
449.66004	2.086270183e-23
451.04313	2.092359351e-23
452.43047	2.098486297e-23
453.82209	2.104650430e-23
455.21798	2.110851169e-23
456.61816	2.117088167e-23
458.02266	2.123361208e-23
459.43147	2.129669923e-23
460.84462	2.136014314e-23
462.26211	2.142394255e-23
463.68396	2.148809666e-23
465.11019	2.155260520e-23
466.5408	2.161746911e-23
467.97581	2.168268760e-23
469.41524	2.174826204e-23
470.8591	2.181419306e-23
472.30739	2.188048104e-23
473.76014	2.194712704e-23
475.21736	2.201413282e-23
476.67906	2.208149899e-23
478.14526	2.214922638e-23
479.61597	2.221731731e-23
481.0912	2.228577240e-23
482.57096	2.235459284e-23
484.05528	2.242378085e-23
485.54417	2.249333705e-23
487.03763	2.256326411e-23
488.53569	2.263356257e-23
490.03836	2.270423475e-23
491.54565	2.277528189e-23
493.05757	2.284670519e-23
494.57415	2.291850748e-23
496.09539	2.299068974e-23
497.62131	2.306325343e-23
499.15192	2.313620094e-23
500.68724	2.320953375e-23
502.22728	2.328325306e-23
503.77206	2.335736154e-23
505.32159	2.343186043e-23
506.87589	2.350675179e-23
508.43497	2.358203746e-23
509.99884	2.365771929e-23
511.56753	2.373379901e-23
513.14103	2.381027802e-23
514.71938	2.388715945e-23
516.30259	2.396444401e-23
517.89066	2.404213393e-23
519.48362	2.412023095e-23
521.08148	2.419873757e-23
522.68425	2.427765566e-23
524.29195	2.435698620e-23
525.9046	2.443673248e-23
527.52221	2.451689524e-23
529.14479	2.459747759e-23
530.77236	2.467848049e-23
532.40495	2.475990634e-23
534.04255	2.484175721e-23
535.68519	2.492403489e-23
537.33288	2.500674195e-23
538.98564	2.508987998e-23
540.64348	2.517345092e-23
542.30642	2.525745640e-23
543.97448	2.534189980e-23
545.64767	2.542678252e-23
547.326	2.551210594e-23
549.0095	2.559787312e-23
550.69818	2.568408546e-23
552.39205	2.577074556e-23
554.09112	2.585785485e-23
555.79543	2.594541664e-23
557.50498	2.603343212e-23
559.21978	2.612190332e-23
560.93986	2.621083276e-23
562.66524	2.630022270e-23
564.39591	2.639007536e-23
566.13192	2.648039250e-23
567.87326	2.657117695e-23
569.61995	2.666242978e-23
571.37202	2.675415417e-23
573.12948	2.684635219e-23
574.89235	2.693902557e-23
576.66064	2.703217701e-23
578.43436	2.712580863e-23
580.21354	2.721992302e-23
581.9982	2.731452191e-23
583.78834	2.740960782e-23
585.58399	2.750518272e-23
587.38517	2.760124965e-23
589.19188	2.769780984e-23
591.00415	2.779486596e-23
592.82199	2.789242081e-23
594.64543	2.799047701e-23
596.47448	2.808903612e-23
598.30915	2.818810031e-23
600.14946	2.828767267e-23
601.99543	2.838775499e-23
603.84709	2.848834995e-23
605.70443	2.858945992e-23
607.5675	2.869108745e-23
609.43629	2.879323493e-23
611.31083	2.889590443e-23
613.19113	2.899909819e-23
615.07722	2.910281895e-23
616.96911	2.920706959e-23
618.86682	2.931185264e-23
620.77037	2.941716932e-23
622.67977	2.952302383e-23
624.59504	2.962941678e-23
626.51621	2.973635222e-23
628.44328	2.984383224e-23
630.37629	2.995185920e-23
632.31523	3.006043559e-23
634.26014	3.016956384e-23
636.21104	3.027924714e-23
638.16793	3.038948697e-23
640.13085	3.050028702e-23
642.0998	3.061164943e-23
644.07481	3.072357705e-23
646.05589	3.083607159e-23
648.04307	3.094913724e-23
650.03635	3.106277484e-23
652.03577	3.117698814e-23
654.04134	3.129178023e-23
656.05308	3.140715245e-23
658.07101	3.152310877e-23
660.09514	3.163965098e-23
662.1255	3.175678198e-23
664.1621	3.187450423e-23
666.20497	3.199282134e-23
668.25412	3.211173577e-23
670.30958	3.223124981e-23
672.37136	3.235136660e-23
674.43947	3.247208865e-23
676.51395	3.259341849e-23
678.59481	3.271536000e-23
680.68208	3.283791481e-23
682.77576	3.296108656e-23
684.87588	3.308487759e-23
686.98246	3.320929067e-23
689.09552	3.333432930e-23
691.21508	3.345999558e-23
693.34116	3.358629368e-23
695.47378	3.371322508e-23
697.61296	3.384079327e-23
699.75872	3.396900107e-23
701.91107	3.409785113e-23
704.07005	3.422734676e-23
706.23567	3.435749125e-23
708.40795	3.448828750e-23
710.58691	3.461973772e-23
712.77258	3.475184571e-23
714.96497	3.488461480e-23
717.1641	3.501804655e-23
719.36999	3.515214524e-23
721.58267	3.528691408e-23
723.80216	3.542235526e-23
726.02847	3.555847152e-23
728.26163	3.569526743e-23
730.50166	3.583274529e-23
732.74858	3.597090875e-23
735.00241	3.610976011e-23
737.26317	3.624930304e-23
739.53089	3.638954012e-23
741.80558	3.653047550e-23
744.08727	3.667211246e-23
746.37598	3.681445264e-23
748.67172	3.695750090e-23
750.97453	3.710125945e-23
753.28442	3.724573247e-23
755.60142	3.739092257e-23
757.92554	3.753683334e-23
760.25681	3.768346806e-23
762.59525	3.783082987e-23
764.94089	3.797892285e-23
767.29374	3.812774915e-23
769.65382	3.827731332e-23
772.02117	3.842761761e-23
774.3958	3.857866703e-23
776.77773	3.873046335e-23
779.16699	3.888301139e-23
781.56359	3.903631413e-23
783.96757	3.919037525e-23
786.37895	3.934519868e-23
788.79774	3.950078738e-23
791.22397	3.965714559e-23
793.65766	3.981427725e-23
796.09884	3.997218662e-23
798.54752	4.013087668e-23
801.00374	4.029035270e-23
803.46752	4.045061872e-23
805.93887	4.061168071e-23
808.41782	4.077354373e-23
810.9044	4.093621356e-23
813.39863	4.109969950e-23
815.90052	4.126401059e-23
818.41012	4.142916283e-23
820.92743	4.159517554e-23
823.45249	4.176208686e-23
825.98531	4.192996116e-23
828.52592	4.209894025e-23
831.07435	4.226937221e-23
833.63062	4.244235475e-23
836.19475	4.262312267e-23
838.76676	4.288048043e-23
841.34669	4.334053194e-23
843.93456	4.314841658e-23
846.53038	4.330599902e-23
849.13419	4.347693071e-23
851.746	4.365120524e-23
854.36585	4.382715213e-23
856.99376	4.400430319e-23
859.62975	4.418249092e-23
862.27385	4.436164180e-23
864.92608	4.454172335e-23
867.58647	4.472271987e-23
870.25504	4.490462215e-23
872.93182	4.508742801e-23
875.61684	4.527113759e-23
878.31011	4.545575120e-23
881.01167	4.564127073e-23
883.72154	4.582769983e-23
886.43974	4.601504064e-23
889.1663	4.620329632e-23
891.90125	4.639247158e-23
894.64461	4.658256934e-23
897.39641	4.677359355e-23
900.15667	4.696554794e-23
902.92543	4.715843753e-23
905.7027	4.735226579e-23
908.48851	4.754703672e-23
911.28289	4.774275514e-23
914.08587	4.793942429e-23
916.89747	4.813704953e-23
919.71771	4.833563385e-23
922.54664	4.853518266e-23
925.38426	4.873569925e-23
928.23061	4.893718954e-23
931.08571	4.913965660e-23
933.9496	4.934310561e-23
936.8223	4.954754044e-23
939.70383	4.975296655e-23
942.59423	4.995938682e-23
945.49351	5.016680724e-23
948.40172	5.037523176e-23
951.31886	5.058466456e-23
954.24499	5.079511070e-23
957.18011	5.100657517e-23
960.12426	5.121906172e-23
963.07746	5.143257511e-23
966.03975	5.164712070e-23
969.01115	5.186270331e-23
971.99169	5.207932646e-23
974.9814	5.229699606e-23
977.98031	5.251571564e-23
980.98844	5.273549170e-23
984.00582	5.295632779e-23
987.03248	5.317822828e-23
990.06845	5.340119920e-23
993.11376	5.362524494e-23
996.16844	5.385037072e-23
999.23251	5.407658074e-23
1002.306	5.430388105e-23
1005.389	5.453227612e-23
1008.4814	5.476176907e-23
1011.5833	5.499236631e-23
1014.6948	5.522407505e-23
1017.8159	5.545689902e-23
1020.9465	5.569084005e-23
1024.0868	5.592590728e-23
1027.2368	5.616210617e-23
1030.3964	5.639943688e-23
1033.5658	5.663791116e-23
1036.7449	5.687752842e-23
1039.9337	5.711829493e-23
1043.1324	5.736022002e-23
1046.341	5.760330754e-23
1049.5594	5.784755940e-23
1052.7876	5.809298032e-23
1056.0259	5.833958328e-23
1059.2741	5.858736750e-23
1062.5322	5.883633604e-23
1065.8004	5.908650090e-23
1069.0787	5.933786518e-23
1072.367	5.959043174e-23
1075.6655	5.984421010e-23
1078.9741	6.009920233e-23
1082.2928	6.035541328e-23
1085.6218	6.061285252e-23
1088.961	6.087152301e-23
1092.3105	6.113143160e-23
1095.6703	6.139258319e-23
1099.0404	6.165498273e-23
1102.4209	6.191863796e-23
1105.8118	6.218355301e-23
1109.2131	6.244973371e-23
1112.6249	6.271718619e-23
1116.0472	6.298591713e-23
1119.48	6.325593077e-23
1122.9234	6.352723410e-23
1126.3773	6.379983023e-23
1129.8419	6.407372904e-23
1133.3171	6.434893368e-23
1136.803	6.462545125e-23
1140.2997	6.490329060e-23
1143.8071	6.518245232e-23
1147.3253	6.546294528e-23
1150.8543	6.574477559e-23
1154.3942	6.602794955e-23
1157.9449	6.631246954e-23
1161.5066	6.659834829e-23
1165.0792	6.688558646e-23
1168.6628	6.717419307e-23
1172.2575	6.746417545e-23
1175.8632	6.775553692e-23
1179.48	6.804828570e-23
1183.1079	6.834242629e-23
1186.7469	6.863796404e-23
1190.3972	6.893491105e-23
1194.0587	6.923326984e-23
1197.7314	6.953304497e-23
1201.4155	6.983424859e-23
1205.1109	7.013688329e-23
1208.8176	7.044095454e-23
1212.5358	7.074647372e-23
1216.2654	7.105344345e-23
1220.0064	7.136187107e-23
1223.759	7.167176713e-23
1227.5231	7.198313612e-23
1231.2988	7.229598750e-23
1235.0861	7.261033055e-23
1238.885	7.292617551e-23
1242.6957	7.324354583e-23
1246.518	7.356247059e-23
1250.3521	7.388305206e-23
1254.1981	7.420572841e-23
1258.0558	7.453590635e-23
1261.9254	7.489164655e-23
1265.8069	7.518124535e-23
1269.7003	7.550774767e-23
1273.6058	7.583693545e-23
1277.5232	7.616790017e-23
1281.4527	7.650050681e-23
1285.3942	7.683471603e-23
1289.3479	7.717052411e-23
1293.3138	7.750793056e-23
1297.2918	7.784693560e-23
1301.2821	7.818755032e-23
1305.2847	7.852977887e-23
1309.2995	7.887362428e-23
1313.3268	7.921910164e-23
1317.3664	7.956621101e-23
1321.4184	7.991496058e-23
1325.4829	8.026536041e-23
1329.5599	8.061741665e-23
1333.6494	8.097113641e-23
1337.7515	8.132652797e-23
1341.8663	8.168360060e-23
1345.9937	8.204235935e-23
1350.1337	8.240280853e-23
1354.2866	8.276496558e-23
1358.4522	8.312883062e-23
1362.6306	8.349441306e-23
1366.8218	8.386171920e-23
1371.026	8.423076251e-23
1375.2431	8.460154636e-23
1379.4731	8.497407711e-23
1383.7162	8.534836835e-23
1387.9723	8.572442247e-23
1392.2415	8.610225193e-23
1396.5238	8.648186129e-23
1400.8193	8.686326116e-23
1405.1281	8.724646220e-23
1409.45	8.763146376e-23
1413.7853	8.801828374e-23
1418.1339	8.840692563e-23
1422.4959	8.879739921e-23
1426.8713	8.918971215e-23
1431.2601	8.958387013e-23
1435.6625	8.997988905e-23
1440.0784	9.037777065e-23
1444.5079	9.077752578e-23
1448.951	9.117916315e-23
1453.4077	9.158268869e-23
1457.8782	9.198811648e-23
1462.3624	9.239545021e-23
1466.8604	9.280470100e-23
1471.3723	9.321587887e-23
1475.898	9.362898864e-23
1480.4377	9.404404461e-23
1484.9913	9.446105056e-23
1489.5589	9.488001676e-23
1494.1406	9.530095544e-23
1498.7364	9.572387261e-23
1503.3463	9.614877645e-23
1507.9703	9.657567503e-23
1512.6086	9.700458295e-23
1517.2612	9.743550739e-23
1521.9281	9.786845556e-23
1526.6093	9.830343571e-23
1531.305	9.874046354e-23
1536.015	9.917953888e-23
1540.7396	9.962067978e-23
1545.4787	1.000638913e-22
1550.2324	1.005091842e-22
1555.0007	1.009565677e-22
1559.7836	1.014060484e-22
1564.5813	1.018576422e-22
1569.3937	1.023113573e-22
1574.221	1.027672008e-22
1579.063	1.032251736e-22
1583.92	1.036853013e-22
1588.7919	1.041475964e-22
1593.6788	1.046120471e-22
1598.5807	1.050786798e-22
1603.4978	1.055475065e-22
1608.4299	1.060185264e-22
1613.3772	1.064917620e-22
1618.3397	1.069672087e-22
1623.3175	1.074448859e-22
1628.3106	1.079247992e-22
1633.319	1.084069650e-22
1638.3429	1.088913957e-22
1643.3822	1.093780937e-22
1648.437	1.098670787e-22
1653.5074	1.103583495e-22
1658.5933	1.108519296e-22
1663.6949	1.113478316e-22
1668.8122	1.118460933e-22
1673.9452	1.123468792e-22
1679.0941	1.128545936e-22
1684.2587	1.133562446e-22
1689.4393	1.138624648e-22
1694.6357	1.143722857e-22
1699.8482	1.148846008e-22
1705.0767	1.153993389e-22
1710.3213	1.159164987e-22
1715.582	1.164360867e-22
1720.8588	1.169580984e-22
1726.152	1.174825608e-22
1731.4614	1.180094844e-22
1736.7871	1.185388573e-22
1742.1292	1.190707215e-22
1747.4877	1.196050619e-22
1752.8628	1.201419025e-22
1758.2543	1.206812645e-22
1763.6625	1.212231430e-22
1769.0872	1.217675486e-22
1774.5287	1.223145088e-22
1779.9869	1.228640159e-22
1785.4619	1.234161018e-22
1790.9537	1.239707622e-22
1796.4624	1.245280070e-22
1801.9881	1.250878685e-22
1807.5308	1.256503423e-22
1813.0905	1.262154461e-22
1818.6673	1.267831902e-22
1824.2612	1.273535813e-22
1829.8724	1.279266444e-22
1835.5008	1.285023828e-22
1841.1466	1.290808104e-22
1846.8097	1.296619305e-22
1852.4902	1.302457759e-22
1858.1882	1.308323459e-22
1863.9037	1.314216476e-22
1869.6368	1.320137027e-22
1875.3876	1.326085216e-22
1881.156	1.332061193e-22
1886.9422	1.338065100e-22
1892.7461	1.344096973e-22
1898.5679	1.350157068e-22
1904.4077	1.356245379e-22
1910.2653	1.362362134e-22
1916.1411	1.368507436e-22
1922.0348	1.374681363e-22
1927.9467	1.380884099e-22
1933.8768	1.387115828e-22
1939.8252	1.393376549e-22
1945.7918	1.399666528e-22
1951.7768	1.405985797e-22
1957.7802	1.412334661e-22
1963.802	1.418712966e-22
1969.8424	1.425121091e-22
1975.9013	1.431559074e-22
1981.9789	1.438027067e-22
1988.0752	1.444525260e-22
1994.1903	1.451053768e-22
2000.3241	1.457612747e-22
2006.4768	1.464202118e-22
2012.6484	1.470822307e-22
2018.8391	1.477473465e-22
2025.0487	1.484155483e-22
2031.2775	1.490868666e-22
2037.5254	1.497613175e-22
2043.7926	1.504389046e-22
2050.079	1.511196557e-22
2056.3847	1.518035709e-22
2062.7099	1.524906776e-22
2069.0545	1.531809918e-22
2075.4186	1.538745138e-22
2081.8023	1.545712674e-22
2088.2056	1.552712962e-22
2094.6286	1.559746715e-22
2101.0714	1.571964728e-22
2107.534	1.573910338e-22
2114.0165	1.581040288e-22
2120.5189	1.588204472e-22
2127.0413	1.595402302e-22
2133.5838	1.602633545e-22
2140.1464	1.609898526e-22
2146.7292	1.617197370e-22
2153.3322	1.624530163e-22
2159.9556	1.631897187e-22
2166.5993	1.639298374e-22
2173.2634	1.646734089e-22
2179.9481	1.654204377e-22
2186.6533	1.661709408e-22
2193.3791	1.669249310e-22
2200.1256	1.676824453e-22
2206.8929	1.684434723e-22
2213.681	1.692080452e-22
2220.49	1.699761771e-22
2227.3199	1.707478772e-22
2234.1708	1.715231704e-22
2241.0428	1.723020700e-22
2247.9359	1.730845853e-22
2254.8503	1.738707454e-22
2261.7859	1.746605680e-22
2268.7428	1.754540544e-22
2275.7211	1.762512422e-22
2282.7209	1.770521325e-22
2289.7422	1.778567474e-22
2296.7852	1.786651039e-22
2303.8497	1.794772040e-22
2310.9361	1.802930978e-22
2318.0442	1.811127870e-22
2325.1741	1.819362730e-22
2332.3261	1.827636022e-22
2339.5	1.835947640e-22
2346.6959	1.844297973e-22
2353.914	1.852687074e-22
2361.1543	1.861115168e-22
2368.4169	1.869582519e-22
2375.7018	1.878089229e-22
2383.0091	1.886635312e-22
2390.3389	1.895221288e-22
2397.6913	1.903847045e-22
2405.0662	1.912512899e-22
2412.4639	1.921219073e-22
2419.8843	1.929965757e-22
2427.3275	1.938752968e-22
2434.7936	1.947580977e-22
2442.2827	1.956450057e-22
2449.7948	1.965360313e-22
2457.33	1.974312019e-22
2464.8884	1.983305321e-22
2472.4701	1.992340367e-22
2480.075	2.001417351e-22
2487.7034	2.010536504e-22
2495.3552	2.019698020e-22
2503.0306	2.028902091e-22
2510.7295	2.038149171e-22
2518.4522	2.047442607e-22
2526.1986	2.056773006e-22
2533.9688	2.066147902e-22
2541.763	2.075567624e-22
2549.5811	2.085031074e-22
2557.4232	2.094538405e-22
2565.2895	2.104090074e-22
2573.1799	2.113685891e-22
2581.0947	2.123326356e-22
2589.0338	2.133011672e-22
2596.9973	2.142741866e-22
2604.9852	2.152517183e-22
2612.9978	2.162337865e-22
2621.035	2.172204248e-22
2629.097	2.182116403e-22
2637.1837	2.192074538e-22
2645.2953	2.202078852e-22
2653.4318	2.212129599e-22
2661.5934	2.222226980e-22
2669.7801	2.232371382e-22
2677.992	2.242562700e-22
2686.2291	2.252801323e-22
2694.4915	2.263087413e-22
2702.7794	2.273421444e-22
2711.0928	2.283803272e-22
2719.4317	2.294233288e-22
2727.7963	2.304711564e-22
2736.1866	2.315238630e-22
2744.6027	2.325814519e-22
2753.0448	2.336439440e-22
2761.5127	2.347113570e-22
2770.0067	2.357837298e-22
2778.5269	2.368610795e-22
2787.0732	2.379434281e-22
2795.6459	2.390307877e-22
2804.2449	2.401232078e-22
2812.8704	2.412206827e-22
2821.5223	2.423232346e-22
2830.201	2.434309213e-22
2838.9062	2.445437293e-22
2847.6383	2.456617165e-22
2856.3972	2.467848781e-22
2865.1831	2.479132498e-22
2873.996	2.490468450e-22
2882.836	2.501857091e-22
2891.7032	2.513298462e-22
2900.5977	2.524793019e-22
2909.5195	2.536340758e-22
2918.4688	2.547942045e-22
2927.4456	2.559597294e-22
2936.45	2.571306968e-22
2945.4821	2.583070972e-22
2954.542	2.594887804e-22
2963.6297	2.606760407e-22
2972.7454	2.618688172e-22
2981.8892	2.630671281e-22
2991.061	2.642709834e-22
3000.2611	2.654804246e-22
3009.4895	2.666954804e-22
3018.7463	2.679161553e-22
3028.0315	2.691424921e-22
3037.3453	2.703745143e-22
3046.6877	2.716122507e-22
3056.0589	2.728557249e-22
3065.4589	2.741049516e-22
3074.8878	2.753599786e-22
3084.3457	2.766208109e-22
3093.8327	2.778874967e-22
3103.3489	2.791600411e-22
3112.8944	2.804384922e-22
3122.4692	2.817228656e-22
3132.0735	2.830131997e-22
3141.7073	2.843094953e-22
3151.3708	2.856118057e-22
3161.0639	2.869201565e-22
3170.7869	2.882345620e-22
3180.5398	2.895550526e-22
3190.3227	2.908816772e-22
3200.1357	2.922144420e-22
3209.9788	2.935533624e-22
3219.8523	2.948985119e-22
3229.7561	2.962498873e-22
3239.6903	2.976075091e-22
3249.6552	2.989714365e-22
3259.6506	3.003416766e-22
3269.6769	3.017182639e-22
3279.7339	3.031012204e-22
3289.8219	3.044905909e-22
3299.941	3.058863964e-22
3310.0911	3.072886640e-22
3320.2725	3.086974387e-22
3330.4852	3.101127374e-22
3340.7293	3.115345814e-22
3351.0049	3.129630221e-22
3361.3121	3.144013445e-22
3371.651	3.158397650e-22
3382.0217	3.172881254e-22
3392.4243	3.187431993e-22
3402.859	3.202050132e-22
3413.3257	3.216736100e-22
3423.8246	3.231489862e-22
3434.3558	3.246312094e-22
3444.9194	3.261203016e-22
3455.5154	3.276162655e-22
3466.1441	3.291191784e-22
3476.8055	3.306290430e-22
3487.4996	3.321459077e-22
3498.2267	3.336697893e-22
3508.9867	3.352007163e-22
3519.7799	3.367387517e-22
3530.6062	3.382838939e-22
3541.4659	3.398361905e-22
3552.3589	3.413956861e-22
3563.2855	3.429623981e-22
3574.2456	3.445363553e-22
3585.2395	3.461176066e-22
3596.2672	3.477061706e-22
3607.3288	3.493021018e-22
3618.4244	3.509054085e-22
3629.5542	3.525161348e-22
3640.7182	3.541343309e-22
3651.9165	3.557600052e-22
3663.1493	3.573932179e-22
3674.4166	3.590339882e-22
3685.7186	3.606823454e-22
3697.0553	3.623383404e-22
3708.427	3.640019916e-22
3719.8336	3.656733611e-22
3731.2752	3.673524418e-22
3742.7521	3.690393159e-22
3754.2643	3.707339875e-22
3765.8119	3.724365132e-22
3777.395	3.741469340e-22
3789.0137	3.758652273e-22
3800.6682	3.775914869e-22
3812.3585	3.793257332e-22
3824.0848	3.810680287e-22
3835.8471	3.828183619e-22
3847.6456	3.845768114e-22
3859.4804	3.863433872e-22
3871.3516	3.881181470e-22
3883.2594	3.899011220e-22
3895.2037	3.916923442e-22
3907.1848	3.934918499e-22
3919.2028	3.952996977e-22
3931.2577	3.971159090e-22
3943.3497	3.989405154e-22
3955.4788	4.007735545e-22
3967.6453	4.026150957e-22
3979.8493	4.044651497e-22
3992.0907	4.063237657e-22
4004.3698	4.081909812e-22
4016.6867	4.100668392e-22
4029.0414	4.119513786e-22
4041.4342	4.138446370e-22
4053.8651	4.157466531e-22
4066.3342	4.176574545e-22
4078.8417	4.195771235e-22
4091.3876	4.215056497e-22
4103.9721	4.234431158e-22
4116.5954	4.253895384e-22
4129.2574	4.273449520e-22
4141.9584	4.293094283e-22
4154.6985	4.312829957e-22
4167.4778	4.332656995e-22
4180.2963	4.352575463e-22
4193.1543	4.372586421e-22
4206.0519	4.392690158e-22
4218.9891	4.412886073e-22
4231.9661	4.433175850e-22
4244.983	4.453559447e-22
4258.04	4.474037545e-22
4271.1371	4.494610219e-22
4284.2745	4.515277984e-22
4297.4524	4.536041529e-22
4310.6707	4.556900876e-22
4323.9297	4.577856939e-22
4337.2295	4.598909848e-22
4350.5702	4.620060078e-22
4363.9519	4.641308267e-22
4377.3748	4.662654607e-22
4390.839	4.684099742e-22
4404.3446	4.705644150e-22
4417.8918	4.727288022e-22
4431.4806	4.749032127e-22
4445.1112	4.770876830e-22
4458.7837	4.792822443e-22
4472.4983	4.814869676e-22
4486.2551	4.837018845e-22
4500.0541	4.859270384e-22
4513.8957	4.881624944e-22
4527.7798	4.904082735e-22
4541.7066	4.926644478e-22
4555.6762	4.949310668e-22
4569.6888	4.972081509e-22
4583.7446	4.994957724e-22
4597.8435	5.017939706e-22
4611.9858	5.041028063e-22
4626.1716	5.064223300e-22
4640.4011	5.087525449e-22
4654.6743	5.110935487e-22
4668.9914	5.134453977e-22
4683.3526	5.158080954e-22
4697.7579	5.181817404e-22
4712.2075	5.205663540e-22
4726.7016	5.229619932e-22
4741.2403	5.253687095e-22
4755.8236	5.277865491e-22
4770.4519	5.302155806e-22
4785.1251	5.326558270e-22
4799.8435	5.351073695e-22
4814.6071	5.375702551e-22
4829.4162	5.400445118e-22
4844.2708	5.425302223e-22
4859.1711	5.450274273e-22
4874.1172	5.475361801e-22
4889.1093	5.500565212e-22
4904.1475	5.525885223e-22
4919.2319	5.551322189e-22
4934.3628	5.576876941e-22
4949.5402	5.602549781e-22
4964.7643	5.628341307e-22
4980.0352	5.654252063e-22
4995.3531	5.680282648e-22
5010.7181	5.706433428e-22
5026.1303	5.732705316e-22
5041.59	5.759100078e-22
5057.0972	5.785613808e-22
5072.6521	5.812251701e-22
5088.2549	5.839012902e-22
5103.9056	5.865897544e-22
5119.6045	5.892906671e-22
5135.3517	5.920040474e-22
5151.1473	5.947299884e-22
5166.9915	5.974685339e-22
5182.8844	6.002197220e-22
5198.8262	6.029836341e-22
5214.8171	6.057603329e-22
5230.8571	6.085498697e-22
5246.9465	6.113522952e-22
5263.0854	6.141676853e-22
5279.2739	6.169960796e-22
5295.5122	6.198375414e-22
5311.8004	6.226921479e-22
5328.1387	6.255599444e-22
5344.5273	6.284410142e-22
5360.9663	6.313353785e-22
5377.4559	6.342431397e-22
5393.9962	6.371643383e-22
5410.5874	6.400990391e-22
5427.2296	6.430473019e-22
5443.923	6.460092115e-22
5460.6677	6.489848277e-22
5477.4639	6.519741212e-22
5494.3118	6.549772922e-22
5511.2116	6.579943301e-22
5528.1633	6.610253096e-22
5545.1671	6.640702968e-22
5562.2233	6.671293655e-22
5579.3319	6.702025900e-22
5596.4931	6.732899996e-22
5613.7071	6.763916808e-22
5630.9741	6.795077021e-22
5648.2942	6.826381256e-22
5665.6675	6.857830135e-22
5683.0943	6.889424405e-22
5700.5747	6.921164695e-22
5718.1088	6.953051637e-22
5735.6969	6.985085981e-22
5753.3391	7.017268559e-22
5771.0356	7.049599676e-22
5788.7865	7.082080365e-22
5806.5919	7.114711070e-22
5824.4522	7.147492616e-22
5842.3674	7.180432691e-22
5860.3377	7.213525318e-22
5878.3632	7.246770951e-22
5896.4443	7.280170224e-22
5914.5809	7.313723673e-22
5932.7733	7.347432072e-22
5951.0217	7.381296344e-22
5969.3262	7.415317150e-22
5987.687	7.449495211e-22
6006.1042	7.483830998e-22
6024.5781	7.518325498e-22
6043.1089	7.552979445e-22
6061.6966	7.587793248e-22
6080.3416	7.622768168e-22
6099.0438	7.657904761e-22
6117.8036	7.693203486e-22
6136.6211	7.728665435e-22
6155.4965	7.764291143e-22
6174.4299	7.800081503e-22
6193.4216	7.836037129e-22
6212.4717	7.872159114e-22
6231.5804	7.908447809e-22
6250.7478	7.944904111e-22
6269.9742	7.981528847e-22
6289.2598	8.018322982e-22
6308.6046	8.055286955e-22
6328.009	8.092421863e-22
6347.4731	8.129728211e-22
6366.997	8.167206911e-22
6386.581	8.204858804e-22
6406.2252	8.242684607e-22
6425.9298	8.280685306e-22
6445.6951	8.318861545e-22
6465.5211	8.357213978e-22
6485.4081	8.395743667e-22
6505.3563	8.434451403e-22
6525.3659	8.473337985e-22
6545.437	8.512404349e-22
6565.5698	8.551650877e-22
6585.7646	8.591079067e-22
6606.0215	8.630689238e-22
6626.3406	8.670482344e-22
6646.7223	8.710459322e-22
6667.1667	8.750621128e-22
6687.674	8.790968373e-22
6708.2443	8.831502020e-22
6728.8779	8.872222953e-22
6749.575	8.913131997e-22
6770.3357	8.954229913e-22
6791.1603	8.995517810e-22
6812.0489	9.036996238e-22
6833.0018	9.078666521e-22
6854.0192	9.120529294e-22
6875.1012	9.162585534e-22
6896.248	9.204835877e-22
6917.4599	9.247281449e-22
6938.737	9.289923243e-22
6960.0796	9.332761753e-22
6981.4878	9.375798412e-22
7002.9619	9.419033705e-22
7024.502	9.462468868e-22
7046.1083	9.506104540e-22
7067.7812	9.549941944e-22
7089.5207	9.593981808e-22
7111.327	9.638225009e-22
7133.2004	9.682672706e-22
7155.1412	9.727325844e-22
7177.1494	9.772185174e-22
7199.2252	9.817251567e-22
7221.369	9.862526279e-22
7243.5809	9.908009901e-22
7265.8612	9.953704058e-22
7288.2099	9.999608852e-22
7310.6274	1.004572597e-21
7333.1139	1.009205611e-21
7355.6695	1.013860031e-21
7378.2945	1.018535934e-21
7400.9891	1.023233455e-21
7423.7535	1.027952663e-21
7446.5879	1.032693672e-21
7469.4925	1.037456574e-21
7492.4676	1.042241491e-21
7515.5134	1.047048515e-21
7538.63	1.051877733e-21
7561.8178	1.056729252e-21
7585.0769	1.061603180e-21
7608.4075	1.066499634e-21
7631.8099	1.071418716e-21
7655.2842	1.076360491e-21
7678.8308	1.081325112e-21
7702.4498	1.086312668e-21
7726.1414	1.091323254e-21
7749.906	1.096357003e-21
7773.7436	1.101413975e-21
7797.6545	1.106494319e-21
7821.639	1.111598138e-21
7845.6972	1.116725524e-21
7869.8295	1.121876585e-21
7894.0359	1.127051432e-21
7918.3169	1.132250205e-21
7942.6725	1.137472988e-21
7967.103	1.142719889e-21
7991.6087	1.147991036e-21
8016.1898	1.153286529e-21
8040.8464	1.158606461e-21
8065.5789	1.163950992e-21
8090.3875	1.169320200e-21
8115.2724	1.174714187e-21
8140.2338	1.180133123e-21
8165.272	1.185577070e-21
8190.3872	1.191046154e-21
8215.5797	1.196540508e-21
8240.8496	1.202060250e-21
8266.1973	1.207605476e-21
8291.623	1.213176335e-21
8317.1268	1.218772900e-21
8342.7091	1.224395314e-21
8368.3701	1.230043728e-21
8394.11	1.235718201e-21
8419.9291	1.241418892e-21
8445.8276	1.247145906e-21
8471.8058	1.252899381e-21
8497.8639	1.258679446e-21
8524.0021	1.264486186e-21
8550.2207	1.270319762e-21
8576.52	1.276180265e-21
8602.9001	1.282067843e-21
8629.3614	1.287982620e-21
8655.9041	1.293924704e-21
8682.5285	1.299894235e-21
8709.2347	1.305891365e-21
8736.0231	1.311916168e-21
8762.8938	1.317968797e-21
8789.8472	1.324049376e-21
8816.8836	1.330158074e-21
8844.003	1.336294936e-21
8871.2059	1.342460171e-21
8898.4925	1.348653891e-21
8925.863	1.354876209e-21
8953.3177	1.361127268e-21
8980.8568	1.367407183e-21
9008.4807	1.373716107e-21
9036.1895	1.380054171e-21
9063.9835	1.386421522e-21
9091.863	1.392818257e-21
9119.8283	1.399244574e-21
9147.8796	1.405700538e-21
9176.0172	1.412186324e-21
9204.2413	1.418702072e-21
9232.5522	1.425247907e-21
9260.9503	1.431823987e-21
9289.4356	1.438430439e-21
9318.0086	1.445067405e-21
9346.6695	1.451735002e-21
9375.4185	1.458433426e-21
9404.256	1.465162761e-21
9433.1821	1.471923169e-21
9462.1973	1.478714819e-21
9491.3016	1.485537842e-21
9520.4955	1.492392358e-21
9549.7792	1.499278536e-21
9579.153	1.506196535e-21
9608.6171	1.513146475e-21
9638.1718	1.520128487e-21
9667.8175	1.527142788e-21
9697.5543	1.534189467e-21
9727.3826	1.541268690e-21
9757.3027	1.548380590e-21
9787.3147	1.555525359e-21
9817.4191	1.562703124e-21
9847.6161	1.569914035e-21
9877.906	1.577158226e-21
9908.289	1.584435901e-21
9938.7655	1.591747179e-21
9969.3357	1.599092239e-21
10000	1.606471199e-21
