4.882518e-07 2.709672e-24
4.996281e-07 2.471181e-24
5.112692e-07 2.253686e-24
5.231818e-07 2.055329e-24
5.353721e-07 1.874427e-24
5.478463e-07 1.709452e-24
5.606111e-07 1.558997e-24
5.736731e-07 1.421784e-24
5.870401e-07 1.296645e-24
6.007181e-07 1.182521e-24
6.147148e-07 1.078443e-24
6.290374e-07 9.835258e-25
6.436941e-07 8.969615e-25
6.586923e-07 8.180152e-25
6.740398e-07 7.460185e-25
6.897447e-07 6.803592e-25
7.058160e-07 6.204770e-25
7.222614e-07 5.658667e-25
7.390900e-07 5.160628e-25
7.563107e-07 4.706421e-25
7.739327e-07 4.292190e-25
7.919655e-07 3.914413e-25
8.104182e-07 3.569892e-25
8.293008e-07 3.255693e-25
8.486238e-07 2.969142e-25
8.683967e-07 2.707815e-25
8.886301e-07 2.469493e-25
9.093354e-07 2.252140e-25
9.305230e-07 2.053919e-25
9.522040e-07 1.873146e-25
9.743903e-07 1.708284e-25
9.970938e-07 1.557929e-25
1.020326e-06 1.420810e-25
1.044100e-06 1.295758e-25
1.068427e-06 1.181713e-25
1.093322e-06 1.077705e-25
1.118796e-06 9.828520e-26
1.144864e-06 8.963479e-26
1.171539e-06 8.174556e-26
1.198836e-06 7.455079e-26
1.226769e-06 6.798926e-26
1.255353e-06 6.200528e-26
1.284603e-06 5.654789e-26
1.314534e-06 5.157091e-26
1.345162e-06 4.703195e-26
1.376504e-06 4.289248e-26
1.408577e-06 3.911736e-26
1.441397e-06 3.567445e-26
1.474982e-06 3.253460e-26
1.509349e-06 2.967110e-26
1.544516e-06 2.705962e-26
1.580504e-06 2.467799e-26
1.617330e-06 2.250597e-26
1.655013e-06 2.052515e-26
1.693575e-06 1.871862e-26
1.733035e-06 1.707112e-26
1.773415e-06 1.556863e-26
1.814735e-06 1.419837e-26
1.857019e-06 1.294871e-26
1.900287e-06 1.180904e-26
1.944564e-06 1.076969e-26
1.989872e-06 9.821797e-27
2.036236e-06 8.957337e-27
2.083681e-06 8.168966e-27
2.132231e-06 7.449979e-27
2.181911e-06 6.794280e-27
2.232750e-06 6.196284e-27
2.284773e-06 5.650926e-27
2.338008e-06 5.153563e-27
2.392484e-06 4.699979e-27
2.448229e-06 4.286312e-27
2.505273e-06 3.909056e-27
2.563645e-06 3.565005e-27
2.623378e-06 3.251234e-27
2.684503e-06 2.965079e-27
2.747052e-06 2.704110e-27
2.811058e-06 2.466111e-27
2.876556e-06 2.249058e-27
2.943580e-06 2.051108e-27
3.012165e-06 1.870582e-27
3.082349e-06 1.705944e-27
3.154167e-06 1.555797e-27
3.227659e-06 1.418865e-27
3.302864e-06 1.293984e-27
3.379821e-06 1.180096e-27
3.458570e-06 1.076231e-27
3.539155e-06 9.815075e-28
3.621617e-06 8.951202e-28
3.706001e-06 8.163375e-28
3.792351e-06 7.444881e-28
3.880713e-06 6.789626e-28
3.971133e-06 6.192040e-28
4.063661e-06 5.647054e-28
4.158344e-06 5.150036e-28
4.255234e-06 4.696756e-28
4.354380e-06 4.283377e-28
4.455837e-06 3.906382e-28
4.559658e-06 3.562562e-28
4.665898e-06 3.249006e-28
4.774614e-06 2.963049e-28
4.885862e-06 2.702259e-28
4.999702e-06 2.464423e-28
5.116194e-06 2.247520e-28
5.235401e-06 2.049708e-28
5.357390e-06 1.869299e-28
5.482214e-06 1.704779e-28
5.609952e-06 1.554730e-28
5.740663e-06 1.417893e-28
5.874418e-06 1.293101e-28
6.011294e-06 1.179287e-28
6.151357e-06 1.075493e-28
6.294683e-06 9.808359e-29
6.441349e-06 8.945083e-29
6.591432e-06 8.157793e-29
6.745012e-06 7.439792e-29
6.902171e-06 6.784987e-29
7.062994e-06 6.187803e-29
7.227562e-06 5.643187e-29
7.395962e-06 5.146513e-29
7.568289e-06 4.693545e-29
7.744633e-06 4.280440e-29
7.925080e-06 3.903705e-29
8.109736e-06 3.560122e-29
8.298691e-06 3.246784e-29
8.492050e-06 2.961023e-29
8.689917e-06 2.700407e-29
8.892389e-06 2.462736e-29
9.099585e-06 2.245978e-29
9.311605e-06 2.048300e-29
9.528562e-06 1.868023e-29
9.750578e-06 1.703611e-29
9.977770e-06 1.553667e-29
1.021025e-05 1.416923e-29
1.044815e-05 1.292214e-29
1.069159e-05 1.178480e-29
1.094070e-05 1.074758e-29
1.119562e-05 9.801639e-30
1.145648e-05 8.938952e-30
1.172342e-05 8.152196e-30
1.199657e-05 7.434691e-30
1.227609e-05 6.780332e-30
1.256213e-05 6.183567e-30
1.285482e-05 5.639324e-30
1.315434e-05 5.142985e-30
1.346084e-05 4.690330e-30
1.377447e-05 4.277517e-30
1.409542e-05 3.901032e-30
1.442384e-05 3.557686e-30
1.475992e-05 3.244563e-30
1.510383e-05 2.958992e-30
1.545575e-05 2.698559e-30
1.581586e-05 2.461049e-30
1.618437e-05 2.244441e-30
1.656147e-05 2.046900e-30
1.694735e-05 1.866743e-30
1.734222e-05 1.702443e-30
1.774630e-05 1.552603e-30
1.815979e-05 1.415952e-30
1.858291e-05 1.291328e-30
1.901589e-05 1.177674e-30
1.945896e-05 1.074021e-30
1.991235e-05 9.794928e-31
2.037632e-05 8.932830e-31
2.085108e-05 8.146615e-31
2.133691e-05 7.429600e-31
2.183406e-05 6.775690e-31
2.234280e-05 6.179332e-31
2.286338e-05 5.635464e-31
2.339610e-05 5.139465e-31
2.394123e-05 4.687117e-31
2.449906e-05 4.274586e-31
2.506989e-05 3.898361e-31
2.565402e-05 3.555252e-31
2.625175e-05 3.242338e-31
2.686342e-05 2.956966e-31
2.748934e-05 2.696712e-31
2.812984e-05 2.459363e-31
2.878526e-05 2.242905e-31
2.945596e-05 2.045497e-31
3.014229e-05 1.865464e-31
3.084460e-05 1.701277e-31
3.156328e-05 1.551541e-31
3.229870e-05 1.414983e-31
3.305127e-05 1.290445e-31
3.382136e-05 1.176867e-31
3.460940e-05 1.073286e-31
3.541580e-05 9.788219e-32
3.624098e-05 8.926722e-32
3.708540e-05 8.141036e-32
3.794949e-05 7.424513e-32
3.883371e-05 6.771049e-32
3.973853e-05 6.175106e-32
4.066444e-05 5.631608e-32
4.161193e-05 5.135943e-32
4.258148e-05 4.683909e-32
4.357363e-05 4.271658e-32
4.458890e-05 3.895693e-32
4.562782e-05 3.552814e-32
4.669095e-05 3.240119e-32
4.777887e-05 2.956003e-32
4.889212e-05 2.692090e-32
5.003128e-05 2.459941e-32
5.119701e-05 2.242380e-32
5.238989e-05 2.045197e-32
5.361060e-05 1.864107e-32
5.485969e-05 1.700213e-32
5.613793e-05 1.551764e-32
5.744595e-05 1.413426e-32
5.878445e-05 1.289224e-32
6.015411e-05 1.176893e-32
6.155570e-05 1.072685e-32
6.298996e-05 9.782096e-33
6.445763e-05 8.921501e-33
6.595950e-05 8.133067e-33
6.749636e-05 7.420753e-33
6.906899e-05 6.765197e-33
7.067832e-05 6.170120e-33
7.232515e-05 5.626092e-33
7.401029e-05 5.132752e-33
7.573475e-05 4.679410e-33
7.749934e-05 4.268917e-33
7.930510e-05 3.893122e-33
8.115290e-05 3.549198e-33
8.304378e-05 3.237856e-33
8.497871e-05 2.952563e-33
8.695867e-05 2.692884e-33
8.898482e-05 2.455791e-33
9.105816e-05 2.239560e-33
9.317984e-05 2.042728e-33
9.535090e-05 1.863003e-33
9.757258e-05 1.698991e-33
9.984603e-05 1.549398e-33
1.021724e-04 1.692748e-33
1.045531e-04 1.517645e-33
1.069892e-04 1.359726e-33
1.094820e-04 1.218005e-33
1.120329e-04 1.090790e-33
1.146433e-04 9.765191e-34
1.173145e-04 8.130294e-34
1.200479e-04 7.414620e-34
1.228450e-04 6.761664e-34
1.257073e-04 6.166650e-34
1.286363e-04 5.624069e-34
1.316335e-04 5.128912e-34
1.347006e-04 4.677475e-34
1.378391e-04 4.265828e-34
1.410507e-04 3.890370e-34
1.443372e-04 3.547881e-34
1.477003e-04 3.235718e-34
1.511417e-04 2.950875e-34
1.546633e-04 2.691188e-34
1.582670e-04 2.454295e-34
1.619546e-04 2.238279e-34
1.657281e-04 2.041307e-34
1.695896e-04 1.861620e-34
1.735410e-04 1.697796e-34
1.775846e-04 1.548367e-34
1.817223e-04 1.412076e-34
1.859564e-04 1.287801e-34
1.902892e-04 1.234487e-34
1.947229e-04 1.144629e-34
1.992600e-04 1.060508e-34
2.039027e-04 9.818492e-35
2.086536e-04 9.084254e-35
2.135153e-04 8.364599e-35
2.184902e-04 7.571904e-35
2.235810e-04 6.852858e-35
2.287904e-04 6.200547e-35
2.341213e-04 5.609284e-35
2.395763e-04 5.073322e-35
2.451584e-04 4.587460e-35
2.508706e-04 4.171802e-35
2.567159e-04 3.813727e-35
2.626974e-04 3.485430e-35
2.688183e-04 3.184500e-35
2.750817e-04 2.908802e-35
2.814911e-04 2.656331e-35
2.880498e-04 2.425183e-35
2.947614e-04 2.226768e-35
3.016294e-04 2.046613e-35
3.086573e-04 1.880533e-35
3.158490e-04 1.727512e-35
3.232083e-04 1.586570e-35
3.307391e-04 1.456802e-35
3.384453e-04 1.341153e-35
3.463310e-04 1.256541e-35
3.544006e-04 1.176840e-35
3.626581e-04 1.101863e-35
3.711080e-04 1.031347e-35
3.797548e-04 9.650673e-36
3.886032e-04 9.028112e-36
3.976576e-04 8.299871e-36
4.069230e-04 7.469620e-36
4.164043e-04 6.722343e-36
4.261066e-04 6.049161e-36
4.360348e-04 5.443524e-36
4.461944e-04 4.897947e-36
4.565908e-04 4.407078e-36
4.672293e-04 4.097105e-36
4.781160e-04 3.847822e-36
4.892556e-04 3.613051e-36
5.006553e-04 3.392013e-36
5.123208e-04 3.183999e-36
5.242578e-04 2.988309e-36
5.364729e-04 2.800167e-36
5.489728e-04 2.573668e-36
5.617639e-04 2.365371e-36
5.748531e-04 2.173850e-36
5.882472e-04 1.997680e-36
6.019534e-04 1.835723e-36
6.159788e-04 1.686770e-36
6.303310e-04 1.546483e-36
6.450176e-04 1.412735e-36
6.600469e-04 1.290488e-36
6.754259e-04 1.178785e-36
6.911632e-04 1.076738e-36
7.072675e-04 9.834971e-37
7.237467e-04 8.982954e-37
7.406101e-04 8.343376e-37
7.578662e-04 7.806102e-37
7.755244e-04 7.302989e-37
7.935945e-04 6.831952e-37
8.120849e-04 6.391057e-37
8.310066e-04 5.978283e-37
8.503692e-04 5.591039e-37
8.701827e-04 5.105006e-37
8.904580e-04 4.661313e-37
9.112057e-04 4.255944e-37
9.324368e-04 3.885952e-37
9.541626e-04 3.547980e-37
9.763942e-04 3.239352e-37
9.991445e-04 2.970628e-37
1.022424e-03 2.749829e-37
1.046247e-03 2.545400e-37
1.070624e-03 2.356172e-37
1.095570e-03 2.180925e-37
1.121097e-03 2.018704e-37
1.147218e-03 1.868540e-37
1.173948e-03 1.723809e-37
1.201302e-03 1.587216e-37
1.229292e-03 1.461437e-37
1.257935e-03 1.345613e-37
1.287244e-03 1.238959e-37
1.317237e-03 1.140749e-37
1.347929e-03 1.050315e-37
1.379335e-03 9.656413e-38
1.411474e-03 8.877105e-38
1.444361e-03 8.160674e-38
1.478015e-03 7.502057e-38
1.512452e-03 6.896458e-38
1.547693e-03 6.339789e-38
1.583754e-03 5.819374e-38
1.620656e-03 5.318756e-38
1.658417e-03 4.861095e-38
1.697058e-03 4.442841e-38
1.736599e-03 4.060532e-38
1.777062e-03 3.711112e-38
1.818467e-03 3.391783e-38
1.860838e-03 3.109735e-38
1.904196e-03 2.857951e-38
1.948563e-03 2.626577e-38
1.993965e-03 2.413890e-38
2.040424e-03 2.218445e-38
2.087966e-03 2.038827e-38
2.136616e-03 1.873743e-38
2.186399e-03 1.707178e-38
2.237342e-03 1.553567e-38
2.289472e-03 1.413774e-38
2.342816e-03 1.286571e-38
2.397404e-03 1.170819e-38
2.453264e-03 1.065484e-38
2.510425e-03 9.727576e-39
2.568918e-03 9.003848e-39
2.628774e-03 8.333956e-39
2.690024e-03 7.713988e-39
2.752702e-03 7.140066e-39
2.816839e-03 6.608929e-39
2.882472e-03 6.117327e-39
2.949633e-03 5.655321e-39
3.018360e-03 5.221799e-39
3.088687e-03 4.821527e-39
3.160654e-03 4.451975e-39
3.234297e-03 4.110801e-39
3.309656e-03 3.795805e-39
3.386771e-03 3.504962e-39
3.465683e-03 3.293664e-39
3.546434e-03 3.107448e-39
3.629066e-03 2.931795e-39
3.713623e-03 2.766115e-39
3.800150e-03 2.609813e-39
3.888694e-03 2.462372e-39
3.979300e-03 2.322643e-39
4.072018e-03 2.186580e-39
4.166896e-03 2.058536e-39
4.263985e-03 1.938028e-39
4.363336e-03 1.824607e-39
4.465001e-03 1.717870e-39
4.569035e-03 1.617418e-39
4.675494e-03 1.546630e-39
4.784433e-03 1.508539e-39
4.895911e-03 1.471411e-39
5.009984e-03 1.435228e-39
5.126720e-03 1.399959e-39
5.246170e-03 1.365589e-39
5.368407e-03 1.332096e-39
5.493488e-03 1.302537e-39
5.621489e-03 1.274669e-39
5.752467e-03 1.247433e-39
5.886499e-03 1.220811e-39
6.023656e-03 1.194796e-39
6.164010e-03 1.138873e-39
6.307628e-03 1.129771e-39
6.454599e-03 1.121506e-39
6.604987e-03 1.114008e-39
6.758887e-03 1.107211e-39
6.916365e-03 1.101056e-39
7.077518e-03 1.095487e-39
7.242425e-03 1.090456e-39
7.411173e-03 1.085916e-39
7.583853e-03 1.081828e-39
7.760560e-03 1.078153e-39
7.941379e-03 1.074858e-39
8.126412e-03 1.071913e-39
8.315758e-03 1.069289e-39
8.509518e-03 1.066961e-39
8.707786e-03 1.064906e-39
8.910678e-03 1.063103e-39
9.118298e-03 1.061533e-39
9.330752e-03 1.060180e-39
9.548158e-03 1.059028e-39
9.770632e-03 1.058062e-39
9.998287e-03 1.057273e-39
1.023125e-02 1.056643e-39
1.046964e-02 1.056171e-39
1.071358e-02 1.055844e-39
1.096321e-02 1.055655e-39
1.121865e-02 1.055596e-39
1.148004e-02 1.055662e-39
1.174753e-02 1.055847e-39
1.202125e-02 1.056147e-39
1.230134e-02 1.056558e-39
1.258796e-02 1.057078e-39
1.288126e-02 1.057703e-39
1.318139e-02 1.058431e-39
1.348852e-02 1.059263e-39
1.380280e-02 1.060195e-39
1.412441e-02 1.061229e-39
1.445351e-02 1.062364e-39
1.479027e-02 1.063601e-39
1.513489e-02 1.064941e-39
1.548753e-02 1.066386e-39
1.584839e-02 1.067936e-39
1.621766e-02 1.069595e-39
1.659553e-02 1.071365e-39
1.698221e-02 1.073250e-39
1.737789e-02 1.075252e-39
1.778279e-02 1.077376e-39
1.819713e-02 1.079626e-39
1.862113e-02 1.082007e-39
1.905500e-02 1.084523e-39
1.949898e-02 1.087182e-39
1.995331e-02 1.089989e-39
2.041822e-02 1.092950e-39
2.089396e-02 1.096073e-39
2.138079e-02 1.099365e-39
2.187897e-02 1.102834e-39
2.238875e-02 1.106490e-39
2.291040e-02 1.110343e-39
2.344421e-02 1.114401e-39
2.399047e-02 1.118676e-39
2.454944e-02 1.123179e-39
2.512145e-02 1.127923e-39
2.570678e-02 1.132922e-39
2.630574e-02 1.138189e-39
2.691866e-02 1.143739e-39
2.754587e-02 1.149588e-39
2.818769e-02 1.155755e-39
2.884447e-02 1.162257e-39
2.951654e-02 1.169115e-39
3.020428e-02 1.176349e-39
3.090803e-02 1.183983e-39
3.162819e-02 1.192041e-39
3.236513e-02 1.200550e-39
3.311924e-02 1.209538e-39
3.389091e-02 1.219036e-39
3.468057e-02 1.229076e-39
3.548863e-02 1.239695e-39
3.631551e-02 1.250930e-39
3.716166e-02 1.262824e-39
3.802754e-02 1.275421e-39
3.891357e-02 1.288770e-39
3.982026e-02 1.302924e-39
4.074807e-02 1.317940e-39
4.169751e-02 1.333882e-39
4.266906e-02 1.350817e-39
4.366324e-02 1.368819e-39
4.468060e-02 1.387972e-39
4.572165e-02 1.408361e-39
4.678697e-02 1.430087e-39
4.787711e-02 1.453256e-39
4.899265e-02 1.477987e-39
5.013419e-02 1.504410e-39
5.130231e-02 1.532667e-39
5.249763e-02 1.562920e-39
5.372081e-02 1.595343e-39
5.497253e-02 1.630136e-39
5.625340e-02 1.667513e-39
5.756408e-02 1.707721e-39
5.890536e-02 1.751032e-39
6.027783e-02 1.797751e-39
6.168233e-02 1.848224e-39
6.311950e-02 1.902836e-39
6.459018e-02 1.962028e-39
6.609515e-02 2.026293e-39
6.763515e-02 2.096195e-39
6.921108e-02 2.172377e-39
7.082365e-02 2.255571e-39
7.247387e-02 2.346616e-39
7.416250e-02 2.446476e-39
7.589049e-02 2.556262e-39
7.765875e-02 2.677257e-39
7.946819e-02 2.810946e-39
8.131980e-02 2.959059e-39
8.321455e-02 3.123604e-39
8.515343e-02 3.306927e-39
8.713755e-02 3.511780e-39
8.916785e-02 3.741375e-39
9.124544e-02 3.999482e-39
9.337146e-02 4.290528e-39
9.554700e-02 4.619673e-39
9.777326e-02 4.992953e-39
1.000514e-01 5.417352e-39
1.023826e-01 5.900875e-39
1.047681e-01 6.452530e-39
1.072092e-01 7.082214e-39
1.097072e-01 7.800288e-39
1.122634e-01 8.616804e-39
1.148791e-01 9.540050e-39
1.175557e-01 1.057421e-38
1.202948e-01 1.171579e-38
1.230977e-01 1.294882e-38
1.259659e-01 1.423922e-38
1.289008e-01 1.552995e-38
1.319042e-01 1.673983e-38
1.349776e-01 1.776985e-38
1.381226e-01 1.851924e-38
1.413408e-01 1.890906e-38
1.446341e-01 1.890457e-38
1.480041e-01 1.852561e-38
1.514526e-01 1.783924e-38
1.549814e-01 1.693944e-38
1.585925e-01 1.592364e-38
1.622877e-01 1.487600e-38
1.660690e-01 1.385932e-38
1.699384e-01 1.291500e-38
1.738979e-01 1.206667e-38
1.779498e-01 1.132534e-38
1.820960e-01 1.069392e-38
1.863388e-01 1.017082e-38
1.906805e-01 9.752564e-39
1.951234e-01 9.435418e-39
1.996698e-01 9.216637e-39
2.043221e-01 9.095177e-39
2.090828e-01 9.072345e-39
2.139544e-01 9.152330e-39
2.189395e-01 9.342846e-39
2.240408e-01 9.655859e-39
2.292610e-01 1.010851e-38
2.346027e-01 1.072424e-38
2.400690e-01 1.153401e-38
2.456626e-01 1.257731e-38
2.513865e-01 1.390234e-38
2.572439e-01 1.556336e-38
2.632376e-01 1.761237e-38
2.693711e-01 2.007932e-38
2.756474e-01 2.293413e-38
2.820700e-01 2.603034e-38
2.886422e-01 2.905232e-38
2.953676e-01 3.152919e-38
3.022497e-01 3.298419e-38
3.092921e-01 3.317837e-38
3.164986e-01 3.225257e-38
3.238730e-01 3.063116e-38
3.314193e-01 2.879517e-38
3.391413e-01 2.712105e-38
3.470433e-01 2.584535e-38
3.551294e-01 2.510422e-38
3.634039e-01 2.498916e-38
3.718712e-01 2.559450e-38
3.805359e-01 2.705495e-38
3.894023e-01 2.957757e-38
3.984754e-01 3.346763e-38
4.077599e-01 3.912579e-38
4.172607e-01 4.693757e-38
4.269829e-01 5.686651e-38
4.369315e-01 6.756797e-38
4.471121e-01 7.568034e-38
4.575298e-01 7.753463e-38
4.681902e-01 7.296535e-38
4.790989e-01 6.542704e-38
4.901684e-01 5.841696e-38
5.014937e-01 5.354689e-38
5.130809e-01 5.135572e-38
5.249358e-01 5.208930e-38
5.370640e-01 5.618844e-38
5.494729e-01 6.451559e-38
5.621685e-01 7.825318e-38
5.751575e-01 9.769138e-38
5.884462e-01 1.184737e-37
6.020421e-01 1.289380e-37
6.159525e-01 1.217609e-37
6.301840e-01 1.054909e-37
6.447442e-01 9.134364e-38
6.596409e-01 8.381309e-38
6.748820e-01 8.392586e-38
6.904752e-01 9.288865e-38
7.064282e-01 1.135352e-37
7.227505e-01 1.488305e-37
7.394492e-01 1.904283e-37
7.565345e-01 2.044759e-37
7.740138e-01 1.783417e-37
7.918978e-01 1.461755e-37
8.101944e-01 1.287849e-37
8.289139e-01 1.294857e-37
8.480656e-01 1.511403e-37
8.676601e-01 2.002592e-37
8.877073e-01 2.673056e-37
9.082179e-01 2.839722e-37
9.292018e-01 2.322156e-37
9.506710e-01 1.867079e-37
9.635202e-01 1.753383e-37
9.765426e-01 1.760964e-37
9.897411e-01 1.900929e-37
1.003118e+00 2.201043e-37
1.016675e+00 2.693048e-37
1.030416e+00 3.339505e-37
1.044343e+00 3.878238e-37
1.058458e+00 3.905041e-37
1.072763e+00 3.442201e-37
1.087262e+00 2.897374e-37
1.101957e+00 2.520111e-37
1.116851e+00 2.361942e-37
1.131945e+00 2.426895e-37
1.147244e+00 2.742953e-37
1.162750e+00 3.366014e-37
1.178465e+00 4.271599e-37
1.194393e+00 5.035038e-37
1.210535e+00 4.945493e-37
1.226897e+00 4.173362e-37
1.243478e+00 3.443376e-37
1.260285e+00 3.050209e-37
1.277318e+00 3.019164e-37
1.294581e+00 3.377196e-37
1.312078e+00 4.217043e-37
1.329812e+00 5.518099e-37
1.347785e+00 6.494817e-37
1.366001e+00 6.026741e-37
1.384463e+00 4.846825e-37
1.403175e+00 4.025366e-37
1.422140e+00 3.780652e-37
1.435777e+00 3.961858e-37
1.449545e+00 4.478522e-37
1.463446e+00 5.388823e-37
1.477479e+00 6.640449e-37
1.491647e+00 7.758014e-37
1.505951e+00 7.897879e-37
1.520392e+00 6.982850e-37
1.534972e+00 5.831514e-37
1.549691e+00 5.000088e-37
1.564552e+00 4.605423e-37
1.579555e+00 4.641742e-37
1.594702e+00 5.140491e-37
1.609995e+00 6.192470e-37
1.625434e+00 7.800965e-37
1.641020e+00 9.369628e-37
1.656757e+00 9.574229e-37
1.672644e+00 8.279533e-37
1.688684e+00 6.789050e-37
1.704877e+00 5.842586e-37
1.721226e+00 5.535156e-37
1.737732e+00 5.863993e-37
1.754395e+00 6.921809e-37
1.771219e+00 8.797386e-37
1.788204e+00 1.090763e-36
1.805352e+00 1.137488e-36
1.822664e+00 9.717155e-37
1.840142e+00 7.822723e-37
1.857788e+00 6.723811e-37
1.875603e+00 6.509104e-37
1.893589e+00 7.196499e-37
1.907673e+00 8.463084e-37
1.921863e+00 1.041139e-36
1.936158e+00 1.256574e-36
1.950560e+00 1.354901e-36
1.965068e+00 1.249256e-36
1.979685e+00 1.048601e-36
1.994410e+00 8.807924e-37
2.009244e+00 7.857339e-37
2.024189e+00 7.638262e-37
2.039245e+00 8.154225e-37
2.054414e+00 9.509819e-37
2.069695e+00 1.178914e-36
2.085089e+00 1.445783e-36
2.100599e+00 1.565194e-36
2.116223e+00 1.417917e-36
2.131963e+00 1.166646e-36
2.147822e+00 9.755223e-37
2.163797e+00 8.831043e-37
2.179892e+00 8.866094e-37
2.196106e+00 9.911429e-37
2.212441e+00 1.214611e-36
2.228897e+00 1.541024e-36
2.245476e+00 1.789013e-36
2.262178e+00 1.700343e-36
2.279004e+00 1.397462e-36
2.295956e+00 1.144194e-36
2.313034e+00 1.019460e-36
2.330238e+00 1.021490e-36
2.347571e+00 1.156586e-36
2.365032e+00 1.447096e-36
2.379405e+00 1.774139e-36
2.393866e+00 2.021655e-36
2.408415e+00 1.979233e-36
2.423051e+00 1.699988e-36
2.437777e+00 1.408300e-36
2.452593e+00 1.215411e-36
2.467498e+00 1.134464e-36
2.482494e+00 1.160860e-36
2.497581e+00 1.302595e-36
2.512760e+00 1.578026e-36
2.528031e+00 1.965840e-36
2.543395e+00 2.280139e-36
2.558852e+00 2.234227e-36
2.574403e+00 1.893304e-36
2.590048e+00 1.553730e-36
2.605789e+00 1.346454e-36
2.621626e+00 1.280494e-36
2.637558e+00 1.352132e-36
2.653588e+00 1.577609e-36
2.669715e+00 1.971721e-36
2.685940e+00 2.425563e-36
2.702263e+00 2.576112e-36
2.718686e+00 2.260657e-36
2.735208e+00 1.828875e-36
2.751831e+00 1.537759e-36
2.768555e+00 1.424738e-36
2.785381e+00 1.482211e-36
2.802308e+00 1.726948e-36
2.819339e+00 2.181824e-36
2.836473e+00 2.716412e-36
2.851048e+00 2.883072e-36
2.865698e+00 2.613693e-36
2.880423e+00 2.173950e-36
2.895224e+00 1.823767e-36
2.910100e+00 1.632016e-36
2.925053e+00 1.594063e-36
2.940083e+00 1.709407e-36
2.955190e+00 1.998059e-36
2.970375e+00 2.469477e-36
2.985638e+00 2.994042e-36
3.000980e+00 3.187310e-36
3.016400e+00 2.855313e-36
3.031899e+00 2.343594e-36
3.047478e+00 1.960375e-36
3.063137e+00 1.771726e-36
3.078876e+00 1.768368e-36
3.094697e+00 1.955702e-36
3.110598e+00 2.362852e-36
3.126582e+00 2.967337e-36
3.142647e+00 3.474462e-36
3.158795e+00 3.392025e-36
3.175026e+00 2.836506e-36
3.191340e+00 2.308993e-36
3.207739e+00 2.007070e-36
3.224221e+00 1.935371e-36
3.240789e+00 2.090011e-36
3.257441e+00 2.501531e-36
3.274179e+00 3.166976e-36
3.291003e+00 3.783091e-36
3.307913e+00 3.731082e-36
3.322637e+00 3.189542e-36
3.337426e+00 2.632471e-36
3.352281e+00 2.266660e-36
3.367202e+00 2.112598e-36
3.382189e+00 2.158925e-36
3.397244e+00 2.418003e-36
3.412365e+00 2.919980e-36
3.427554e+00 3.619651e-36
3.442810e+00 4.175385e-36
3.458134e+00 4.078776e-36
3.473526e+00 3.454357e-36
3.488987e+00 2.831452e-36
3.504517e+00 2.444438e-36
3.520116e+00 2.308279e-36
3.535784e+00 2.412005e-36
3.551522e+00 2.777986e-36
3.567330e+00 3.433416e-36
3.583208e+00 4.230439e-36
3.599157e+00 4.597302e-36
3.615177e+00 4.141547e-36
3.631268e+00 3.372923e-36
3.647431e+00 2.799100e-36
3.663666e+00 2.526304e-36
3.679973e+00 2.538022e-36
3.696353e+00 2.844184e-36
3.712806e+00 3.487605e-36
3.729332e+00 4.389511e-36
3.745931e+00 4.985106e-36
3.762605e+00 4.625171e-36
3.779352e+00 3.762126e-36
3.794190e+00 3.143345e-36
3.809087e+00 2.799816e-36
3.824041e+00 2.721685e-36
3.839055e+00 2.904434e-36
3.854128e+00 3.378494e-36
3.869259e+00 4.159499e-36
3.884450e+00 5.040519e-36
3.899701e+00 5.390193e-36
3.915012e+00 4.855091e-36
3.930382e+00 3.988980e-36
3.945813e+00 3.323307e-36
3.961305e+00 2.980136e-36
3.976858e+00 2.942649e-36
3.992471e+00 3.212472e-36
4.008146e+00 3.831587e-36
4.023882e+00 4.783525e-36
4.039680e+00 5.671385e-36
4.055541e+00 5.694323e-36
4.071463e+00 4.850460e-36
4.087448e+00 3.939225e-36
4.103496e+00 3.365269e-36
4.119607e+00 3.160580e-36
4.135781e+00 3.306433e-36
4.152018e+00 3.834590e-36
4.168319e+00 4.778181e-36
4.184684e+00 5.872737e-36
4.201114e+00 6.228948e-36
4.217608e+00 5.446776e-36
4.234167e+00 4.386846e-36
4.250790e+00 3.672930e-36
4.265720e+00 3.399259e-36
4.280701e+00 3.448486e-36
4.295735e+00 3.834845e-36
4.310821e+00 4.603689e-36
4.325961e+00 5.695845e-36
4.341154e+00 6.607367e-36
4.356400e+00 6.522804e-36
4.371700e+00 5.557990e-36
4.387053e+00 4.547821e-36
4.402461e+00 3.897762e-36
4.417922e+00 3.641765e-36
4.433438e+00 3.757046e-36
4.449008e+00 4.269178e-36
4.464634e+00 5.223954e-36
4.480313e+00 6.455919e-36
4.496048e+00 7.180990e-36
4.511838e+00 6.648296e-36
4.527684e+00 5.464332e-36
4.543585e+00 4.493272e-36
4.559542e+00 3.974939e-36
4.575556e+00 3.890232e-36
4.591625e+00 4.235109e-36
4.607751e+00 5.065813e-36
4.623933e+00 6.355935e-36
4.640173e+00 7.519732e-36
4.656469e+00 7.436676e-36
4.672823e+00 6.235698e-36
4.689234e+00 5.043919e-36
4.705702e+00 4.342789e-36
4.722229e+00 4.146302e-36
4.737231e+00 4.385703e-36
4.752282e+00 5.061443e-36
4.767380e+00 6.203786e-36
4.782524e+00 7.544685e-36
4.797721e+00 8.174556e-36
4.812961e+00 7.458640e-36
4.828253e+00 6.148005e-36
4.843593e+00 5.094866e-36
4.858980e+00 4.522904e-36
4.874416e+00 4.409845e-36
4.889904e+00 4.747766e-36
4.905439e+00 5.591012e-36
4.921022e+00 6.942767e-36
4.936658e+00 8.333066e-36
4.952341e+00 8.607194e-36
4.968077e+00 7.484963e-36
4.983861e+00 6.082295e-36
4.999692e+00 5.125157e-36
5.015576e+00 4.711552e-36
5.031512e+00 4.805434e-36
5.047496e+00 5.431808e-36
5.063533e+00 6.655084e-36
5.079617e+00 8.271692e-36
5.095758e+00 9.224833e-36
5.111948e+00 8.488506e-36
5.128185e+00 6.922592e-36
5.144479e+00 5.681387e-36
5.160825e+00 5.052605e-36
5.177220e+00 5.002236e-36
5.193666e+00 5.533282e-36
