 0.10000000E+01  0.76181931E-14
 0.10030759E+01  0.72929711E-14
 0.10061612E+01  0.69889757E-14
 0.10092560E+01  0.67042735E-14
 0.10123603E+01  0.64371581E-14
 0.10154742E+01  0.61861171E-14
 0.10185976E+01  0.59498057E-14
 0.10217307E+01  0.57270239E-14
 0.10248734E+01  0.55166979E-14
 0.10280258E+01  0.53178633E-14
 0.10311878E+01  0.51296524E-14
 0.10343596E+01  0.49512817E-14
 0.10375412E+01  0.47820421E-14
 0.10407325E+01  0.46212905E-14
 0.10439336E+01  0.44684421E-14
 0.10471446E+01  0.43229640E-14
 0.10503655E+01  0.41843698E-14
 0.10535963E+01  0.40522141E-14
 0.10568370E+01  0.39260889E-14
 0.10600877E+01  0.38056195E-14
 0.10633483E+01  0.36904608E-14
 0.10666191E+01  0.35802953E-14
 0.10698998E+01  0.34748297E-14
 0.10731907E+01  0.33737927E-14
 0.10764917E+01  0.32769334E-14
 0.10798028E+01  0.31840191E-14
 0.10831241E+01  0.30948336E-14
 0.10864557E+01  0.30091761E-14
 0.10897974E+01  0.29268596E-14
 0.10931495E+01  0.28477098E-14
 0.10965119E+01  0.27715641E-14
 0.10998846E+01  0.26982707E-14
 0.11032677E+01  0.26276874E-14
 0.11066612E+01  0.25596813E-14
 0.11100651E+01  0.24941276E-14
 0.11134795E+01  0.24309096E-14
 0.11169044E+01  0.23699173E-14
 0.11203398E+01  0.23110476E-14
 0.11237859E+01  0.22542033E-14
 0.11272425E+01  0.21992931E-14
 0.11307097E+01  0.21462308E-14
 0.11341876E+01  0.20949351E-14
 0.11376762E+01  0.20453294E-14
 0.11411755E+01  0.19973411E-14
 0.11446856E+01  0.19509018E-14
 0.11482065E+01  0.19059466E-14
 0.11517382E+01  0.18624142E-14
 0.11552808E+01  0.18202465E-14
 0.11588343E+01  0.17793883E-14
 0.11623987E+01  0.17397873E-14
 0.11659741E+01  0.17013939E-14
 0.11695605E+01  0.16641609E-14
 0.11731579E+01  0.16280435E-14
 0.11767663E+01  0.15929992E-14
 0.11803859E+01  0.15589872E-14
 0.11840166E+01  0.15259690E-14
 0.11876585E+01  0.14939079E-14
 0.11913115E+01  0.14627687E-14
 0.11949758E+01  0.14325180E-14
 0.11986514E+01  0.14031238E-14
 0.12023383E+01  0.13745558E-14
 0.12060365E+01  0.13467848E-14
 0.12097461E+01  0.13197831E-14
 0.12134671E+01  0.12935240E-14
 0.12171996E+01  0.12679822E-14
 0.12209435E+01  0.12431332E-14
 0.12246989E+01  0.12189540E-14
 0.12284659E+01  0.11954221E-14
 0.12322445E+01  0.11725162E-14
 0.12360347E+01  0.11502158E-14
 0.12398366E+01  0.11285014E-14
 0.12436502E+01  0.11073541E-14
 0.12474755E+01  0.10867558E-14
 0.12513125E+01  0.10666893E-14
 0.12551614E+01  0.10471379E-14
 0.12590221E+01  0.10280855E-14
 0.12628946E+01  0.10095170E-14
 0.12667791E+01  0.99141739E-15
 0.12706756E+01  0.97377265E-15
 0.12745840E+01  0.95656909E-15
 0.12785044E+01  0.93979359E-15
 0.12824369E+01  0.92343352E-15
 0.12863815E+01  0.90747674E-15
 0.12903382E+01  0.89191153E-15
 0.12943071E+01  0.87672664E-15
 0.12982882E+01  0.86191121E-15
 0.13022816E+01  0.84745479E-15
 0.13062872E+01  0.83334730E-15
 0.13103052E+01  0.81957901E-15
 0.13143355E+01  0.80614058E-15
 0.13183782E+01  0.79302295E-15
 0.13224333E+01  0.78021743E-15
 0.13265010E+01  0.76771561E-15
 0.13305811E+01  0.75550938E-15
 0.13346738E+01  0.74359091E-15
 0.13387790E+01  0.73195264E-15
 0.13428969E+01  0.72058728E-15
 0.13470275E+01  0.70948779E-15
 0.13511708E+01  0.69864738E-15
 0.13553268E+01  0.68805946E-15
 0.13594956E+01  0.67771770E-15
 0.13636772E+01  0.66761597E-15
 0.13678716E+01  0.65774835E-15
 0.13720790E+01  0.64810912E-15
 0.13762993E+01  0.63869275E-15
 0.13805326E+01  0.62949391E-15
 0.13847790E+01  0.62050743E-15
 0.13890384E+01  0.61172833E-15
 0.13933108E+01  0.60315179E-15
 0.13975965E+01  0.59477316E-15
 0.14018953E+01  0.58658793E-15
 0.14062073E+01  0.57859177E-15
 0.14105326E+01  0.57078048E-15
 0.14148712E+01  0.56315001E-15
 0.14192231E+01  0.55569643E-15
 0.14235885E+01  0.54841598E-15
 0.14279672E+01  0.54130499E-15
 0.14323594E+01  0.53435996E-15
 0.14367652E+01  0.52757747E-15
 0.14411845E+01  0.52095427E-15
 0.14456173E+01  0.51448718E-15
 0.14500639E+01  0.50817316E-15
 0.14545241E+01  0.50200929E-15
 0.14589980E+01  0.49599274E-15
 0.14634856E+01  0.49012079E-15
 0.14679871E+01  0.48439084E-15
 0.14725024E+01  0.47880038E-15
 0.14770316E+01  0.47334701E-15
 0.14815748E+01  0.46802842E-15
 0.14861319E+01  0.46284242E-15
 0.14907030E+01  0.45778688E-15
 0.14952882E+01  0.45285980E-15
 0.14998875E+01  0.44805927E-15
 0.15045009E+01  0.44338346E-15
 0.15091286E+01  0.43883064E-15
 0.15137704E+01  0.43439918E-15
 0.15184266E+01  0.43008754E-15
 0.15230970E+01  0.42589428E-15
 0.15277819E+01  0.42181803E-15
 0.15324811E+01  0.41785754E-15
 0.15371948E+01  0.41401165E-15
 0.15419230E+01  0.41027929E-15
 0.15466657E+01  0.40665949E-15
 0.15514231E+01  0.40315137E-15
 0.15561950E+01  0.39975417E-15
 0.15609817E+01  0.39646721E-15
 0.15657830E+01  0.39328993E-15
 0.15705991E+01  0.39022187E-15
 0.15754301E+01  0.38726269E-15
 0.15802759E+01  0.38441215E-15
 0.15851366E+01  0.38167014E-15
 0.15900122E+01  0.37903667E-15
 0.15949029E+01  0.37651186E-15
 0.15998086E+01  0.37409601E-15
 0.16047294E+01  0.37178950E-15
 0.16096653E+01  0.36959290E-15
 0.16146164E+01  0.36750691E-15
 0.16195827E+01  0.36553241E-15
 0.16245643E+01  0.36367045E-15
 0.16295613E+01  0.36192224E-15
 0.16345736E+01  0.36028921E-15
 0.16396013E+01  0.35877300E-15
 0.16446445E+01  0.35737544E-15
 0.16497031E+01  0.35609864E-15
 0.16547774E+01  0.35494493E-15
 0.16598673E+01  0.35391693E-15
 0.16649728E+01  0.35301757E-15
 0.16700940E+01  0.35225009E-15
 0.16752310E+01  0.35161808E-15
 0.16803837E+01  0.35112552E-15
 0.16855524E+01  0.35077679E-15
 0.16907369E+01  0.35057674E-15
 0.16959373E+01  0.35053073E-15
 0.17011538E+01  0.35064465E-15
 0.17063863E+01  0.35092500E-15
 0.17116349E+01  0.35137897E-15
 0.17168997E+01  0.35201446E-15
 0.17221806E+01  0.35284022E-15
 0.17274778E+01  0.35386592E-15
 0.17327913E+01  0.35510226E-15
 0.17381211E+01  0.35656107E-15
 0.17434673E+01  0.35825551E-15
 0.17488300E+01  0.36020018E-15
 0.17542091E+01  0.36241135E-15
 0.17596048E+01  0.36490716E-15
 0.17650171E+01  0.36770791E-15
 0.17704460E+01  0.37083632E-15
 0.17758917E+01  0.37431796E-15
 0.17813541E+01  0.37818164E-15
 0.17868333E+01  0.38245991E-15
 0.17923293E+01  0.38718972E-15
 0.17978423E+01  0.39241313E-15
 0.18033722E+01  0.39817821E-15
 0.18089191E+01  0.40454015E-15
 0.18144831E+01  0.41156257E-15
 0.18200642E+01  0.41931921E-15
 0.18256624E+01  0.42789599E-15
 0.18312779E+01  0.43739357E-15
 0.18369106E+01  0.44793069E-15
 0.18425607E+01  0.45964835E-15
 0.18482282E+01  0.47271523E-15
 0.18539131E+01  0.48733487E-15
 0.18596154E+01  0.50375505E-15
 0.18653353E+01  0.52228054E-15
 0.18710728E+01  0.54329036E-15
 0.18768280E+01  0.56726189E-15
 0.18826009E+01  0.59480489E-15
 0.18883915E+01  0.62671076E-15
 0.18941999E+01  0.66402554E-15
 0.19000262E+01  0.70816124E-15
 0.19058704E+01  0.76107114E-15
 0.19117326E+01  0.82553648E-15
 0.19176128E+01  0.90565711E-15
 0.19235111E+01  0.10077378E-14
 0.19294276E+01  0.11420006E-14
 0.19353622E+01  0.13261863E-14
 0.19413151E+01  0.15940250E-14
 0.19472863E+01  0.20184869E-14
 0.19532759E+01  0.27922488E-14
 0.19592839E+01  0.46438233E-14
 0.19653104E+01  0.14949766E-13
 0.19713554E+01  0.11446233E-13
 0.19774190E+01  0.40391541E-14
 0.19835012E+01  0.24160330E-14
 0.19896022E+01  0.17050342E-14
 0.19957219E+01  0.13062865E-14
 0.20018605E+01  0.10513509E-14
 0.20080179E+01  0.87446874E-15
 0.20141943E+01  0.74466693E-15
 0.20203897E+01  0.64544300E-15
 0.20266041E+01  0.56719820E-15
 0.20328377E+01  0.50396919E-15
 0.20390904E+01  0.45185587E-15
 0.20453623E+01  0.40820010E-15
 0.20516536E+01  0.37112785E-15
 0.20579642E+01  0.33927992E-15
 0.20642942E+01  0.31164657E-15
 0.20706437E+01  0.28746197E-15
 0.20770127E+01  0.26613477E-15
 0.20834013E+01  0.24720111E-15
 0.20898095E+01  0.23029203E-15
 0.20962375E+01  0.21511037E-15
 0.21026852E+01  0.20141415E-15
 0.21091528E+01  0.18900433E-15
 0.21156402E+01  0.17771569E-15
 0.21221476E+01  0.16740994E-15
 0.21286750E+01  0.15797048E-15
 0.21352226E+01  0.14929827E-15
 0.21417902E+01  0.14130871E-15
 0.21483780E+01  0.13392904E-15
 0.21549861E+01  0.12709640E-15
 0.21616146E+01  0.12075616E-15
 0.21682634E+01  0.11486065E-15
 0.21749327E+01  0.10936808E-15
 0.21816224E+01  0.10424167E-15
 0.21883328E+01  0.99448928E-16
 0.21950638E+01  0.94961032E-16
 0.22018155E+01  0.90752357E-16
 0.22085880E+01  0.86800038E-16
 0.22153813E+01  0.83083626E-16
 0.22221955E+01  0.79584787E-16
 0.22290306E+01  0.76287060E-16
 0.22358868E+01  0.73175645E-16
 0.22427641E+01  0.70237240E-16
 0.22496625E+01  0.67459914E-16
 0.22565822E+01  0.64833014E-16
 0.22635231E+01  0.62347139E-16
 0.22704854E+01  0.59994177E-16
 0.22774691E+01  0.57767490E-16
 0.22844742E+01  0.55662326E-16
 0.22915009E+01  0.53676746E-16
 0.22985493E+01  0.51813694E-16
 0.23056193E+01  0.50085967E-16
 0.23127110E+01  0.48529629E-16
 0.23198246E+01  0.47246773E-16
 0.23269601E+01  0.46581296E-16
 0.23341175E+01  0.48225232E-16
 0.23412969E+01  0.73412809E-16
 0.23484984E+01  0.82046181E-16
 0.23557220E+01  0.44838235E-16
 0.23629679E+01  0.39876475E-16
 0.23702360E+01  0.37604272E-16
 0.23775265E+01  0.35997680E-16
 0.23848395E+01  0.34654965E-16
 0.23921749E+01  0.33452937E-16
 0.23995329E+01  0.32342731E-16
 0.24069135E+01  0.31301134E-16
 0.24143168E+01  0.30315461E-16
 0.24217429E+01  0.29377927E-16
 0.24291919E+01  0.28483280E-16
 0.24366637E+01  0.27627679E-16
 0.24441586E+01  0.26808136E-16
 0.24516764E+01  0.26022212E-16
 0.24592175E+01  0.25267836E-16
 0.24667817E+01  0.24543205E-16
 0.24743691E+01  0.23846717E-16
 0.24819799E+01  0.23176922E-16
 0.24896142E+01  0.22532501E-16
 0.24972719E+01  0.21912234E-16
 0.25049531E+01  0.21314995E-16
 0.25126580E+01  0.20739734E-16
 0.25203866E+01  0.20185467E-16
 0.25281389E+01  0.19651275E-16
 0.25359151E+01  0.19136291E-16
 0.25437152E+01  0.18639700E-16
 0.25515393E+01  0.18160733E-16
 0.25593875E+01  0.17698662E-16
 0.25672598E+01  0.17252799E-16
 0.25751563E+01  0.16822492E-16
 0.25830772E+01  0.16407125E-16
 0.25910223E+01  0.16006111E-16
 0.25989920E+01  0.15618893E-16
 0.26069861E+01  0.15244944E-16
 0.26150048E+01  0.14883762E-16
 0.26230482E+01  0.14534869E-16
 0.26311163E+01  0.14197810E-16
 0.26392092E+01  0.13872154E-16
 0.26473271E+01  0.13557490E-16
 0.26554699E+01  0.13253425E-16
 0.26636377E+01  0.12959587E-16
 0.26718307E+01  0.12675622E-16
 0.26800489E+01  0.12401190E-16
 0.26882923E+01  0.12135969E-16
 0.26965611E+01  0.11879653E-16
 0.27048554E+01  0.11631950E-16
 0.27131751E+01  0.11392581E-16
 0.27215205E+01  0.11161281E-16
 0.27298915E+01  0.10937799E-16
 0.27382882E+01  0.10721894E-16
 0.27467108E+01  0.10513340E-16
 0.27551593E+01  0.10311919E-16
 0.27636338E+01  0.10117426E-16
 0.27721343E+01  0.99296659E-17
 0.27806610E+01  0.97484550E-17
 0.27892139E+01  0.95736185E-17
 0.27977932E+01  0.94049919E-17
 0.28063988E+01  0.92424202E-17
 0.28150309E+01  0.90857577E-17
 0.28236895E+01  0.89348681E-17
 0.28323748E+01  0.87896242E-17
 0.28410868E+01  0.86499077E-17
 0.28498255E+01  0.85156094E-17
 0.28585912E+01  0.83866292E-17
 0.28673838E+01  0.82628759E-17
 0.28762035E+01  0.81442677E-17
 0.28850503E+01  0.80307318E-17
 0.28939243E+01  0.79222052E-17
 0.29028256E+01  0.78186343E-17
 0.29117543E+01  0.77199761E-17
 0.29207104E+01  0.76261975E-17
 0.29296941E+01  0.75372769E-17
 0.29387054E+01  0.74532040E-17
 0.29477444E+01  0.73739807E-17
 0.29568113E+01  0.72996222E-17
 0.29659060E+01  0.72301575E-17
 0.29750287E+01  0.71656309E-17
 0.29841795E+01  0.71061031E-17
 0.29933584E+01  0.70516529E-17
 0.30025656E+01  0.70023788E-17
 0.30118010E+01  0.69584013E-17
 0.30210649E+01  0.69198653E-17
 0.30303573E+01  0.68869431E-17
 0.30396782E+01  0.68598376E-17
 0.30490278E+01  0.68387868E-17
 0.30584062E+01  0.68240682E-17
 0.30678134E+01  0.68160049E-17
 0.30772496E+01  0.68149725E-17
 0.30867148E+01  0.68214073E-17
 0.30962091E+01  0.68358165E-17
 0.31057326E+01  0.68587905E-17
 0.31152853E+01  0.68910178E-17
 0.31248675E+01  0.69333041E-17
 0.31344792E+01  0.69865946E-17
 0.31441204E+01  0.70520037E-17
 0.31537913E+01  0.71308510E-17
 0.31634919E+01  0.72247084E-17
 0.31732223E+01  0.73354595E-17
 0.31829827E+01  0.74653785E-17
 0.31927731E+01  0.76172330E-17
 0.32025936E+01  0.77944218E-17
 0.32124443E+01  0.80011622E-17
 0.32223254E+01  0.82427477E-17
 0.32322368E+01  0.85259102E-17
 0.32421787E+01  0.88593392E-17
 0.32521512E+01  0.92544437E-17
 0.32621543E+01  0.97264999E-17
 0.32721882E+01  0.10296435E-16
 0.32822530E+01  0.10993698E-16
 0.32923488E+01  0.11861079E-16
 0.33024756E+01  0.12963217E-16
 0.33126335E+01  0.14402573E-16
 0.33228227E+01  0.16351813E-16
 0.33330432E+01  0.19126331E-16
 0.33432952E+01  0.23370122E-16
 0.33535787E+01  0.30634352E-16
 0.33638938E+01  0.45842944E-16
 0.33742407E+01  0.97376094E-16
 0.33846194E+01  0.49435060E-15
 0.33950300E+01  0.66240838E-16
 0.34054726E+01  0.34497199E-16
 0.34159474E+01  0.22865613E-16
 0.34264543E+01  0.16842824E-16
 0.34369936E+01  0.13167687E-16
 0.34475653E+01  0.10696582E-16
 0.34581695E+01  0.89247663E-17
 0.34688064E+01  0.75949224E-17
 0.34794759E+01  0.65621044E-17
 0.34901783E+01  0.57384402E-17
 0.35009136E+01  0.50675616E-17
 0.35116819E+01  0.45116522E-17
 0.35224834E+01  0.40443997E-17
 0.35333180E+01  0.36469350E-17
 0.35441860E+01  0.33053796E-17
 0.35550874E+01  0.30093035E-17
 0.35660224E+01  0.27507238E-17
 0.35769909E+01  0.25234347E-17
 0.35879932E+01  0.23225502E-17
 0.35990294E+01  0.21441842E-17
 0.36100995E+01  0.19852261E-17
 0.36212037E+01  0.18431825E-17
 0.36323420E+01  0.17160696E-17
 0.36435145E+01  0.16023462E-17
 0.36547215E+01  0.15008891E-17
 0.36659629E+01  0.14110175E-17
 0.36772389E+01  0.13325934E-17
 0.36885495E+01  0.12662597E-17
 0.36998950E+01  0.12139596E-17
 0.37112753E+01  0.11800978E-17
 0.37226907E+01  0.11743362E-17
 0.37341412E+01  0.12191640E-17
 0.37456268E+01  0.13745245E-17
 0.37571479E+01  0.18487354E-17
 0.37687043E+01  0.40696892E-17
 0.37802963E+01  0.83811469E-17
 0.37919240E+01  0.20970083E-17
 0.38035874E+01  0.12815963E-17
 0.38152867E+01  0.97514344E-18
 0.38270220E+01  0.81505734E-18
 0.38387933E+01  0.71454133E-18
 0.38506009E+01  0.64340574E-18
 0.38624448E+01  0.58879110E-18
 0.38743251E+01  0.54443295E-18
 0.38862420E+01  0.50696160E-18
 0.38981955E+01  0.47441711E-18
 0.39101858E+01  0.44558366E-18
 0.39222130E+01  0.41966472E-18
 0.39342772E+01  0.39611323E-18
 0.39463785E+01  0.37453769E-18
 0.39585170E+01  0.35464761E-18
 0.39706928E+01  0.33622056E-18
 0.39829061E+01  0.31908141E-18
 0.39951569E+01  0.30308895E-18
 0.40074455E+01  0.28812692E-18
 0.40197718E+01  0.27409786E-18
 0.40321361E+01  0.26091880E-18
 0.40445383E+01  0.24851819E-18
 0.40569788E+01  0.23683360E-18
 0.40694575E+01  0.22581004E-18
 0.40819745E+01  0.21539867E-18
 0.40945301E+01  0.20555579E-18
 0.41071243E+01  0.19624207E-18
 0.41197572E+01  0.18742191E-18
 0.41324290E+01  0.17906297E-18
 0.41451398E+01  0.17113571E-18
 0.41578896E+01  0.16361305E-18
 0.41706787E+01  0.15647015E-18
 0.41835071E+01  0.14968409E-18
 0.41963750E+01  0.14323371E-18
 0.42092825E+01  0.13709940E-18
 0.42222296E+01  0.13126299E-18
 0.42352166E+01  0.12570758E-18
 0.42482435E+01  0.12041746E-18
 0.42613105E+01  0.11537795E-18
 0.42744177E+01  0.11057538E-18
 0.42875652E+01  0.10599694E-18
 0.43007531E+01  0.10163067E-18
 0.43139816E+01  0.97465351E-19
 0.43272508E+01  0.93490463E-19
 0.43405608E+01  0.89696136E-19
 0.43539118E+01  0.86073092E-19
 0.43673038E+01  0.82612611E-19
 0.43807370E+01  0.79306486E-19
 0.43942115E+01  0.76146988E-19
 0.44077275E+01  0.73126834E-19
 0.44212851E+01  0.70239156E-19
 0.44348843E+01  0.67477473E-19
 0.44485254E+01  0.64835666E-19
 0.44622084E+01  0.62307956E-19
 0.44759335E+01  0.59888879E-19
 0.44897009E+01  0.57573268E-19
 0.45035105E+01  0.55356233E-19
 0.45173627E+01  0.53233146E-19
 0.45312575E+01  0.51199625E-19
 0.45451950E+01  0.49251515E-19
 0.45591753E+01  0.47384880E-19
 0.45731987E+01  0.45595986E-19
 0.45872652E+01  0.43881291E-19
 0.46013750E+01  0.42237434E-19
 0.46155282E+01  0.40661224E-19
 0.46297249E+01  0.39149628E-19
 0.46439653E+01  0.37699768E-19
 0.46582494E+01  0.36308905E-19
 0.46725776E+01  0.34974439E-19
 0.46869497E+01  0.33693894E-19
 0.47013661E+01  0.32464917E-19
 0.47158269E+01  0.31285266E-19
 0.47303321E+01  0.30152810E-19
 0.47448819E+01  0.29065519E-19
 0.47594765E+01  0.28021458E-19
 0.47741160E+01  0.27018787E-19
 0.47888005E+01  0.26055749E-19
 0.48035301E+01  0.25130673E-19
 0.48183051E+01  0.24241964E-19
 0.48331255E+01  0.23388101E-19
 0.48479915E+01  0.22567635E-19
 0.48629033E+01  0.21779182E-19
 0.48778609E+01  0.21021423E-19
 0.48928645E+01  0.20293099E-19
 0.49079142E+01  0.19593008E-19
 0.49230103E+01  0.18920003E-19
 0.49381528E+01  0.18272989E-19
 0.49533418E+01  0.17650920E-19
 0.49685776E+01  0.17052798E-19
 0.49838602E+01  0.16477670E-19
 0.49991899E+01  0.15924624E-19
 0.50145667E+01  0.15392792E-19
 0.50299908E+01  0.14881342E-19
 0.50454623E+01  0.14389481E-19
 0.50609814E+01  0.13916450E-19
 0.50765483E+01  0.13461527E-19
 0.50921630E+01  0.13024019E-19
 0.51078258E+01  0.12603267E-19
 0.51235368E+01  0.12198639E-19
 0.51392960E+01  0.11809535E-19
 0.51551038E+01  0.11435379E-19
 0.51709601E+01  0.11075623E-19
 0.51868653E+01  0.10729745E-19
 0.52028193E+01  0.10397247E-19
 0.52188225E+01  0.10077654E-19
 0.52348748E+01  0.97705128E-20
 0.52509766E+01  0.94753947E-20
 0.52671278E+01  0.91918908E-20
 0.52833288E+01  0.89196129E-20
 0.52995795E+01  0.86581934E-20
 0.53158803E+01  0.84072843E-20
 0.53322312E+01  0.81665567E-20
 0.53486324E+01  0.79357012E-20
 0.53650840E+01  0.77144268E-20
 0.53815862E+01  0.75024613E-20
 0.53981392E+01  0.72995510E-20
 0.54147431E+01  0.71054610E-20
 0.54313981E+01  0.69199750E-20
 0.54481043E+01  0.67428961E-20
 0.54648619E+01  0.65740465E-20
 0.54816711E+01  0.64132689E-20
 0.54985319E+01  0.62604266E-20
 0.55154446E+01  0.61154051E-20
 0.55324093E+01  0.59781129E-20
 0.55494262E+01  0.58484831E-20
 0.55664955E+01  0.57264756E-20
 0.55836172E+01  0.56120792E-20
 0.56007916E+01  0.55053144E-20
 0.56180189E+01  0.54062371E-20
 0.56352991E+01  0.53149427E-20
 0.56526325E+01  0.52315712E-20
 0.56700192E+01  0.51563137E-20
 0.56874594E+01  0.50894202E-20
 0.57049532E+01  0.50312094E-20
 0.57225008E+01  0.49820804E-20
 0.57401024E+01  0.49425284E-20
 0.57577581E+01  0.49131636E-20
 0.57754682E+01  0.48947356E-20
 0.57932327E+01  0.48881650E-20
 0.58110519E+01  0.48945845E-20
 0.58289258E+01  0.49153925E-20
 0.58468548E+01  0.49523257E-20
 0.58648389E+01  0.50075557E-20
 0.58828783E+01  0.50838239E-20
 0.59009732E+01  0.51846285E-20
 0.59191237E+01  0.53144922E-20
 0.59373301E+01  0.54793543E-20
 0.59555925E+01  0.56871565E-20
 0.59739111E+01  0.59487494E-20
 0.59922860E+01  0.62793406E-20
 0.60107174E+01  0.67009050E-20
 0.60292055E+01  0.72463972E-20
 0.60477505E+01  0.79675590E-20
 0.60663525E+01  0.89504960E-20
 0.60850117E+01  0.10349836E-19
 0.61037284E+01  0.12473746E-19
 0.61225026E+01  0.16037306E-19
 0.61413345E+01  0.23164825E-19
 0.61602244E+01  0.44231610E-19
 0.61791724E+01  0.14768912E-17
 0.61981786E+01  0.44211940E-19
 0.62172433E+01  0.21159431E-19
 0.62363667E+01  0.13655488E-19
 0.62555489E+01  0.99495910E-20
 0.62747901E+01  0.77481710E-20
 0.62940904E+01  0.62943971E-20
 0.63134501E+01  0.52658032E-20
 0.63328694E+01  0.45017928E-20
 0.63523484E+01  0.39134122E-20
 0.63718874E+01  0.34474212E-20
 0.63914864E+01  0.30700157E-20
 0.64111457E+01  0.27587081E-20
 0.64308655E+01  0.24979647E-20
 0.64506459E+01  0.22767162E-20
 0.64704871E+01  0.20868661E-20
 0.64903894E+01  0.19223591E-20
 0.65103530E+01  0.17785795E-20
 0.65303779E+01  0.16519496E-20
 0.65504644E+01  0.15396561E-20
 0.65706127E+01  0.14394575E-20
 0.65908230E+01  0.13495478E-20
 0.66110954E+01  0.12684566E-20
 0.66314302E+01  0.11949755E-20
 0.66518275E+01  0.11281033E-20
 0.66722876E+01  0.10670040E-20
 0.66928106E+01  0.10109744E-20
 0.67133968E+01  0.95941951E-21
 0.67340462E+01  0.91183255E-21
 0.67547592E+01  0.86777968E-21
 0.67755359E+01  0.82688751E-21
 0.67963764E+01  0.78883307E-21
 0.68172811E+01  0.75333576E-21
 0.68382501E+01  0.72015075E-21
 0.68592836E+01  0.68906351E-21
 0.68803818E+01  0.65988534E-21
 0.69015449E+01  0.63244968E-21
 0.69227730E+01  0.60660897E-21
 0.69440665E+01  0.58223204E-21
 0.69654255E+01  0.55920194E-21
 0.69868501E+01  0.53741404E-21
 0.70083407E+01  0.51677450E-21
 0.70298973E+01  0.49719889E-21
 0.70515203E+01  0.47861103E-21
 0.70732098E+01  0.46094205E-21
 0.70949660E+01  0.44412947E-21
 0.71167891E+01  0.42811652E-21
 0.71386793E+01  0.41285146E-21
 0.71606369E+01  0.39828704E-21
 0.71826620E+01  0.38438003E-21
 0.72047548E+01  0.37109077E-21
 0.72269156E+01  0.35838282E-21
 0.72491446E+01  0.34622263E-21
 0.72714419E+01  0.33457922E-21
 0.72938079E+01  0.32342397E-21
 0.73162426E+01  0.31273040E-21
 0.73387463E+01  0.30247391E-21
 0.73613192E+01  0.29263167E-21
 0.73839616E+01  0.28318243E-21
 0.74066736E+01  0.27410638E-21
 0.74294555E+01  0.26538502E-21
 0.74523074E+01  0.25700108E-21
 0.74752297E+01  0.24893838E-21
 0.74982224E+01  0.24118176E-21
 0.75212859E+01  0.23371698E-21
 0.75444203E+01  0.22653067E-21
 0.75676259E+01  0.21961026E-21
 0.75909028E+01  0.21294388E-21
 0.76142514E+01  0.20652037E-21
 0.76376717E+01  0.20032918E-21
 0.76611641E+01  0.19436034E-21
 0.76847288E+01  0.18860443E-21
 0.77083659E+01  0.18305253E-21
 0.77320757E+01  0.17769618E-21
 0.77558585E+01  0.17252735E-21
 0.77797144E+01  0.16753845E-21
 0.78036437E+01  0.16272223E-21
 0.78276466E+01  0.15807182E-21
 0.78517233E+01  0.15358068E-21
 0.78758741E+01  0.14924258E-21
 0.79000992E+01  0.14505160E-21
 0.79243988E+01  0.14100206E-21
 0.79487731E+01  0.13708859E-21
 0.79732224E+01  0.13330601E-21
 0.79977469E+01  0.12964942E-21
 0.80223468E+01  0.12611411E-21
 0.80470224E+01  0.12269559E-21
 0.80717739E+01  0.11938954E-21
 0.80966016E+01  0.11619186E-21
 0.81215056E+01  0.11309860E-21
 0.81464861E+01  0.11010598E-21
 0.81715436E+01  0.10721038E-21
 0.81966781E+01  0.10440833E-21
 0.82218899E+01  0.10169649E-21
 0.82471793E+01  0.99071661E-22
 0.82725464E+01  0.96530782E-22
 0.82979916E+01  0.94070900E-22
 0.83235150E+01  0.91689180E-22
 0.83491170E+01  0.89382900E-22
 0.83747977E+01  0.87149441E-22
 0.84005574E+01  0.84986285E-22
 0.84263963E+01  0.82891009E-22
 0.84523147E+01  0.80861282E-22
 0.84783128E+01  0.78894858E-22
 0.85043909E+01  0.76989578E-22
 0.85305492E+01  0.75143360E-22
 0.85567880E+01  0.73354199E-22
 0.85831074E+01  0.71620162E-22
 0.86095078E+01  0.69939388E-22
 0.86359895E+01  0.68310081E-22
 0.86625525E+01  0.66730512E-22
 0.86891973E+01  0.65199009E-22
 0.87159241E+01  0.63713964E-22
 0.87427330E+01  0.62273822E-22
 0.87696244E+01  0.60877085E-22
 0.87965985E+01  0.59522306E-22
 0.88236556E+01  0.58208088E-22
 0.88507959E+01  0.56933084E-22
 0.88780197E+01  0.55695992E-22
 0.89053272E+01  0.54495555E-22
 0.89327188E+01  0.53330560E-22
 0.89601945E+01  0.52199833E-22
 0.89877548E+01  0.51102243E-22
 0.90153999E+01  0.50036696E-22
 0.90431300E+01  0.49002135E-22
 0.90709454E+01  0.47997538E-22
 0.90988463E+01  0.47021919E-22
 0.91268331E+01  0.46074325E-22
 0.91549059E+01  0.45153833E-22
 0.91830651E+01  0.44259553E-22
 0.92113109E+01  0.43390625E-22
 0.92396436E+01  0.42546217E-22
 0.92680634E+01  0.41725524E-22
 0.92965707E+01  0.40927770E-22
 0.93251656E+01  0.40152203E-22
 0.93538485E+01  0.39398097E-22
 0.93826196E+01  0.38664751E-22
 0.94114792E+01  0.37951485E-22
 0.94404276E+01  0.37257646E-22
 0.94694650E+01  0.36582598E-22
 0.94985917E+01  0.35925730E-22
 0.95278080E+01  0.35286449E-22
 0.95571142E+01  0.34664184E-22
 0.95865105E+01  0.34058381E-22
 0.96159973E+01  0.33468506E-22
 0.96455747E+01  0.32894044E-22
 0.96752431E+01  0.32334494E-22
 0.97050028E+01  0.31789375E-22
 0.97348540E+01  0.31258222E-22
 0.97647970E+01  0.30740583E-22
 0.97948322E+01  0.30236026E-22
 0.98249597E+01  0.29744129E-22
 0.98551799E+01  0.29264486E-22
 0.98854930E+01  0.28796708E-22
 0.99158994E+01  0.28340414E-22
 0.99463993E+01  0.27895239E-22
 0.99769930E+01  0.27460831E-22
 0.10007681E+02  0.27036858E-22
 0.10038463E+02  0.26623168E-22
 0.10069340E+02  0.26219494E-22
 0.10100312E+02  0.25825499E-22
 0.10131379E+02  0.25440862E-22
 0.10162542E+02  0.25065272E-22
 0.10193800E+02  0.24698431E-22
 0.10225155E+02  0.24340049E-22
 0.10256606E+02  0.23989853E-22
 0.10288154E+02  0.23647574E-22
 0.10319799E+02  0.23312958E-22
 0.10351541E+02  0.22985759E-22
 0.10383381E+02  0.22665739E-22
 0.10415319E+02  0.22352671E-22
 0.10447355E+02  0.22046337E-22
 0.10479489E+02  0.21746525E-22
 0.10511723E+02  0.21453034E-22
 0.10544055E+02  0.21165668E-22
 0.10576487E+02  0.20884241E-22
 0.10609019E+02  0.20608573E-22
 0.10641651E+02  0.20338490E-22
 0.10674383E+02  0.20073827E-22
 0.10707216E+02  0.19814423E-22
 0.10740150E+02  0.19560124E-22
 0.10773185E+02  0.19310782E-22
 0.10806322E+02  0.19066256E-22
 0.10839560E+02  0.18826407E-22
 0.10872901E+02  0.18591105E-22
 0.10906345E+02  0.18360223E-22
 0.10939891E+02  0.18133638E-22
 0.10973541E+02  0.17911234E-22
 0.11007294E+02  0.17692897E-22
 0.11041151E+02  0.17478518E-22
 0.11075112E+02  0.17267994E-22
 0.11109177E+02  0.17061222E-22
 0.11143347E+02  0.16858107E-22
 0.11177623E+02  0.16658554E-22
 0.11212004E+02  0.16462474E-22
 0.11246490E+02  0.16269779E-22
 0.11281083E+02  0.16080386E-22
 0.11315782E+02  0.15894213E-22
 0.11350587E+02  0.15711184E-22
 0.11385500E+02  0.15531223E-22
 0.11420520E+02  0.15354258E-22
 0.11455648E+02  0.15180218E-22
 0.11490884E+02  0.15009036E-22
 0.11526229E+02  0.14840647E-22
 0.11561682E+02  0.14674987E-22
 0.11597244E+02  0.14511995E-22
 0.11632915E+02  0.14351613E-22
 0.11668696E+02  0.14193784E-22
 0.11704588E+02  0.14038453E-22
 0.11740589E+02  0.13885565E-22
 0.11776702E+02  0.13735069E-22
 0.11812925E+02  0.13586916E-22
 0.11849260E+02  0.13441057E-22
 0.11885707E+02  0.13297444E-22
 0.11922265E+02  0.13156033E-22
 0.11958937E+02  0.13016779E-22
 0.11995721E+02  0.12879638E-22
 0.12032618E+02  0.12744570E-22
 0.12069628E+02  0.12611534E-22
 0.12106753E+02  0.12480491E-22
 0.12143991E+02  0.12351402E-22
 0.12181345E+02  0.12224231E-22
 0.12218813E+02  0.12098941E-22
 0.12256396E+02  0.11975498E-22
 0.12294095E+02  0.11853866E-22
 0.12331910E+02  0.11734014E-22
 0.12369841E+02  0.11615908E-22
 0.12407889E+02  0.11499517E-22
 0.12446054E+02  0.11384810E-22
 0.12484336E+02  0.11271758E-22
 0.12522736E+02  0.11160331E-22
 0.12561254E+02  0.11050500E-22
 0.12599891E+02  0.10942239E-22
 0.12638646E+02  0.10835519E-22
 0.12677521E+02  0.10730315E-22
 0.12716515E+02  0.10626600E-22
 0.12755630E+02  0.10524349E-22
 0.12794864E+02  0.10423538E-22
 0.12834219E+02  0.10324142E-22
 0.12873696E+02  0.10226139E-22
 0.12913293E+02  0.10129504E-22
 0.12953013E+02  0.10034215E-22
 0.12992854E+02  0.99402510E-23
 0.13032818E+02  0.98475894E-23
 0.13072906E+02  0.97562093E-23
 0.13113116E+02  0.96660901E-23
 0.13153450E+02  0.95772115E-23
 0.13193908E+02  0.94895537E-23
 0.13234491E+02  0.94030972E-23
 0.13275198E+02  0.93178230E-23
 0.13316031E+02  0.92337125E-23
 0.13356989E+02  0.91507474E-23
 0.13398073E+02  0.90689096E-23
 0.13439284E+02  0.89881817E-23
 0.13480621E+02  0.89085464E-23
 0.13522086E+02  0.88299868E-23
 0.13563678E+02  0.87524862E-23
 0.13605398E+02  0.86760285E-23
 0.13647246E+02  0.86005976E-23
 0.13689223E+02  0.85261777E-23
 0.13731329E+02  0.84527537E-23
 0.13773565E+02  0.83803102E-23
 0.13815930E+02  0.83088325E-23
 0.13858426E+02  0.82383059E-23
 0.13901052E+02  0.81687163E-23
 0.13943810E+02  0.81000494E-23
 0.13986699E+02  0.80322915E-23
 0.14029720E+02  0.79654290E-23
 0.14072874E+02  0.78994486E-23
 0.14116160E+02  0.78343371E-23
 0.14159579E+02  0.77700817E-23
 0.14203132E+02  0.77066696E-23
 0.14246819E+02  0.76440885E-23
 0.14290640E+02  0.75823261E-23
 0.14334596E+02  0.75213703E-23
 0.14378687E+02  0.74612094E-23
 0.14422914E+02  0.74018317E-23
 0.14467277E+02  0.73432256E-23
 0.14511776E+02  0.72853801E-23
 0.14556412E+02  0.72282839E-23
 0.14601186E+02  0.71719262E-23
 0.14646097E+02  0.71162964E-23
 0.14691146E+02  0.70613837E-23
 0.14736334E+02  0.70071779E-23
 0.14781661E+02  0.69536687E-23
 0.14827127E+02  0.69008462E-23
 0.14872734E+02  0.68487003E-23
 0.14918480E+02  0.67972215E-23
 0.14964367E+02  0.67464000E-23
 0.15010395E+02  0.66962265E-23
 0.15056565E+02  0.66466917E-23
 0.15102877E+02  0.65977865E-23
 0.15149331E+02  0.65495018E-23
 0.15195929E+02  0.65018288E-23
 0.15242669E+02  0.64547588E-23
 0.15289553E+02  0.64082832E-23
 0.15336582E+02  0.63623936E-23
 0.15383755E+02  0.63170816E-23
 0.15431073E+02  0.62723391E-23
 0.15478537E+02  0.62281579E-23
 0.15526147E+02  0.61845302E-23
 0.15573903E+02  0.61414481E-23
 0.15621806E+02  0.60989038E-23
 0.15669857E+02  0.60568899E-23
 0.15718055E+02  0.60153988E-23
 0.15766401E+02  0.59744231E-23
 0.15814897E+02  0.59339557E-23
 0.15863541E+02  0.58939893E-23
 0.15912335E+02  0.58545170E-23
 0.15961279E+02  0.58155317E-23
 0.16010374E+02  0.57770267E-23
 0.16059619E+02  0.57389952E-23
 0.16109016E+02  0.57014307E-23
 0.16158565E+02  0.56643265E-23
 0.16208267E+02  0.56276762E-23
 0.16258121E+02  0.55914736E-23
 0.16308129E+02  0.55557123E-23
 0.16358290E+02  0.55203862E-23
 0.16408606E+02  0.54854892E-23
 0.16459077E+02  0.54510154E-23
 0.16509702E+02  0.54169589E-23
 0.16560484E+02  0.53833139E-23
 0.16611422E+02  0.53500746E-23
 0.16662516E+02  0.53172354E-23
 0.16713768E+02  0.52847908E-23
 0.16765177E+02  0.52527354E-23
 0.16816744E+02  0.52210636E-23
 0.16868470E+02  0.51897703E-23
 0.16920355E+02  0.51588502E-23
 0.16972400E+02  0.51282981E-23
 0.17024604E+02  0.50981089E-23
 0.17076970E+02  0.50682776E-23
 0.17129496E+02  0.50387994E-23
 0.17182184E+02  0.50096693E-23
 0.17235034E+02  0.49808825E-23
 0.17288046E+02  0.49524343E-23
 0.17341222E+02  0.49243201E-23
 0.17394561E+02  0.48965353E-23
 0.17448064E+02  0.48690753E-23
 0.17501732E+02  0.48419357E-23
 0.17555565E+02  0.48151121E-23
 0.17609563E+02  0.47886002E-23
 0.17663728E+02  0.47623957E-23
 0.17718059E+02  0.47364944E-23
 0.17772557E+02  0.47108921E-23
 0.17827223E+02  0.46855848E-23
 0.17882057E+02  0.46605685E-23
 0.17937060E+02  0.46358391E-23
 0.17992231E+02  0.46113928E-23
 0.18047573E+02  0.45872257E-23
 0.18103085E+02  0.45633340E-23
 0.18158767E+02  0.45397140E-23
 0.18214621E+02  0.45163619E-23
 0.18270647E+02  0.44932742E-23
 0.18326845E+02  0.44704473E-23
 0.18383215E+02  0.44478775E-23
 0.18439759E+02  0.44255615E-23
 0.18496478E+02  0.44034958E-23
 0.18553370E+02  0.43816771E-23
 0.18610438E+02  0.43601019E-23
 0.18667681E+02  0.43387670E-23
 0.18725100E+02  0.43176692E-23
 0.18782696E+02  0.42968052E-23
 0.18840468E+02  0.42761719E-23
 0.18898419E+02  0.42557663E-23
 0.18956548E+02  0.42355852E-23
 0.19014856E+02  0.42156256E-23
 0.19073343E+02  0.41958847E-23
 0.19132009E+02  0.41763593E-23
 0.19190857E+02  0.41570467E-23
 0.19249885E+02  0.41379440E-23
 0.19309095E+02  0.41190485E-23
 0.19368487E+02  0.41003572E-23
 0.19428062E+02  0.40818676E-23
 0.19487820E+02  0.40635769E-23
 0.19547762E+02  0.40454825E-23
 0.19607888E+02  0.40275818E-23
 0.19668199E+02  0.40098721E-23
 0.19728695E+02  0.39923511E-23
 0.19789378E+02  0.39750161E-23
 0.19850247E+02  0.39578647E-23
 0.19911304E+02  0.39408945E-23
 0.19972548E+02  0.39241030E-23
 0.20033981E+02  0.39074880E-23
 0.20095603E+02  0.38910471E-23
 0.20157414E+02  0.38747780E-23
 0.20219415E+02  0.38586784E-23
 0.20281607E+02  0.38427462E-23
 0.20343991E+02  0.38269791E-23
 0.20406566E+02  0.38113749E-23
 0.20469333E+02  0.37959316E-23
 0.20532294E+02  0.37806470E-23
 0.20595449E+02  0.37655190E-23
 0.20658797E+02  0.37505457E-23
 0.20722341E+02  0.37357249E-23
 0.20786080E+02  0.37210548E-23
 0.20850015E+02  0.37065333E-23
 0.20914147E+02  0.36921585E-23
 0.20978475E+02  0.36779286E-23
 0.21043002E+02  0.36638416E-23
 0.21107728E+02  0.36498957E-23
 0.21172652E+02  0.36360891E-23
 0.21237776E+02  0.36224199E-23
 0.21303100E+02  0.36088865E-23
 0.21368626E+02  0.35954871E-23
 0.21434353E+02  0.35822199E-23
 0.21500282E+02  0.35690832E-23
 0.21566413E+02  0.35560754E-23
 0.21632749E+02  0.35431949E-23
 0.21699288E+02  0.35304399E-23
 0.21766032E+02  0.35178090E-23
 0.21832981E+02  0.35053005E-23
 0.21900136E+02  0.34929128E-23
 0.21967498E+02  0.34806445E-23
 0.22035067E+02  0.34684940E-23
 0.22102844E+02  0.34564598E-23
 0.22170829E+02  0.34445405E-23
 0.22239023E+02  0.34327345E-23
 0.22307427E+02  0.34210406E-23
 0.22376042E+02  0.34094572E-23
 0.22444867E+02  0.33979830E-23
 0.22513904E+02  0.33866166E-23
 0.22583154E+02  0.33753566E-23
 0.22652617E+02  0.33642018E-23
 0.22722293E+02  0.33531508E-23
 0.22792183E+02  0.33422023E-23
 0.22862289E+02  0.33313550E-23
 0.22932610E+02  0.33206077E-23
 0.23003147E+02  0.33099592E-23
 0.23073902E+02  0.32994081E-23
 0.23144874E+02  0.32889534E-23
 0.23216064E+02  0.32785937E-23
 0.23287474E+02  0.32683280E-23
 0.23359102E+02  0.32581551E-23
 0.23430952E+02  0.32480738E-23
 0.23503022E+02  0.32380831E-23
 0.23575314E+02  0.32281817E-23
 0.23647828E+02  0.32183687E-23
 0.23720566E+02  0.32086429E-23
 0.23793527E+02  0.31990032E-23
 0.23866712E+02  0.31894487E-23
 0.23940123E+02  0.31799782E-23
 0.24013759E+02  0.31705909E-23
 0.24087622E+02  0.31612855E-23
 0.24161712E+02  0.31520612E-23
 0.24236030E+02  0.31429170E-23
 0.24310577E+02  0.31338520E-23
 0.24385353E+02  0.31248650E-23
 0.24460359E+02  0.31159553E-23
 0.24535595E+02  0.31071219E-23
 0.24611063E+02  0.30983639E-23
 0.24686763E+02  0.30896804E-23
 0.24762696E+02  0.30810704E-23
 0.24838863E+02  0.30725332E-23
 0.24915264E+02  0.30640678E-23
 0.24991900E+02  0.30556733E-23
 0.25068771E+02  0.30473491E-23
 0.25145879E+02  0.30390941E-23
 0.25223224E+02  0.30309077E-23
 0.25300807E+02  0.30227890E-23
 0.25378629E+02  0.30147371E-23
 0.25456690E+02  0.30067513E-23
 0.25534991E+02  0.29988309E-23
 0.25613533E+02  0.29909751E-23
 0.25692317E+02  0.29831830E-23
 0.25771343E+02  0.29754540E-23
 0.25850612E+02  0.29677873E-23
 0.25930124E+02  0.29601823E-23
 0.26009882E+02  0.29526381E-23
 0.26089885E+02  0.29451541E-23
 0.26170133E+02  0.29377296E-23
 0.26250629E+02  0.29303638E-23
 0.26331372E+02  0.29230562E-23
 0.26412364E+02  0.29158061E-23
 0.26493604E+02  0.29086127E-23
 0.26575095E+02  0.29014754E-23
 0.26656836E+02  0.28943936E-23
 0.26738829E+02  0.28873667E-23
 0.26821074E+02  0.28803940E-23
 0.26903571E+02  0.28734749E-23
 0.26986323E+02  0.28666088E-23
 0.27069329E+02  0.28597951E-23
 0.27152591E+02  0.28530332E-23
 0.27236108E+02  0.28463225E-23
 0.27319882E+02  0.28396624E-23
 0.27403915E+02  0.28330524E-23
 0.27488205E+02  0.28264919E-23
 0.27572755E+02  0.28199803E-23
 0.27657565E+02  0.28135171E-23
 0.27742636E+02  0.28071018E-23
 0.27827968E+02  0.28007337E-23
 0.27913563E+02  0.27944125E-23
 0.27999421E+02  0.27881375E-23
 0.28085543E+02  0.27819082E-23
 0.28171930E+02  0.27757242E-23
 0.28258583E+02  0.27695849E-23
 0.28345503E+02  0.27634898E-23
 0.28432689E+02  0.27574385E-23
 0.28520144E+02  0.27514304E-23
 0.28607868E+02  0.27454652E-23
 0.28695862E+02  0.27395422E-23
 0.28784126E+02  0.27336611E-23
 0.28872662E+02  0.27278213E-23
 0.28961470E+02  0.27220225E-23
 0.29050552E+02  0.27162642E-23
 0.29139907E+02  0.27105460E-23
 0.29229537E+02  0.27048673E-23
 0.29319443E+02  0.26992278E-23
 0.29409626E+02  0.26936271E-23
 0.29500085E+02  0.26880647E-23
 0.29590824E+02  0.26825402E-23
 0.29681841E+02  0.26770532E-23
 0.29773138E+02  0.26716033E-23
 0.29864716E+02  0.26661901E-23
 0.29956575E+02  0.26608132E-23
 0.30048718E+02  0.26554722E-23
 0.30141143E+02  0.26501668E-23
 0.30233853E+02  0.26448965E-23
 0.30326848E+02  0.26396609E-23
 0.30420129E+02  0.26344598E-23
 0.30513697E+02  0.26292927E-23
 0.30607553E+02  0.26241593E-23
 0.30701697E+02  0.26190592E-23
 0.30796131E+02  0.26139920E-23
 0.30890856E+02  0.26089575E-23
 0.30985872E+02  0.26039552E-23
 0.31081180E+02  0.25989849E-23
 0.31176781E+02  0.25940461E-23
 0.31272677E+02  0.25891386E-23
 0.31368867E+02  0.25842620E-23
 0.31465353E+02  0.25794161E-23
 0.31562136E+02  0.25746004E-23
 0.31659217E+02  0.25698147E-23
 0.31756596E+02  0.25650586E-23
 0.31854275E+02  0.25603319E-23
 0.31952254E+02  0.25556342E-23
 0.32050535E+02  0.25509653E-23
 0.32149118E+02  0.25463248E-23
 0.32248004E+02  0.25417125E-23
 0.32347194E+02  0.25371280E-23
 0.32446689E+02  0.25325711E-23
 0.32546491E+02  0.25280415E-23
 0.32646599E+02  0.25235389E-23
 0.32747015E+02  0.25190630E-23
 0.32847741E+02  0.25146135E-23
 0.32948776E+02  0.25101903E-23
 0.33050121E+02  0.25057930E-23
 0.33151779E+02  0.25014213E-23
 0.33253749E+02  0.24970750E-23
 0.33356033E+02  0.24927539E-23
 0.33458631E+02  0.24884576E-23
 0.33561545E+02  0.24841860E-23
 0.33664776E+02  0.24799387E-23
 0.33768324E+02  0.24757156E-23
 0.33872190E+02  0.24715163E-23
 0.33976376E+02  0.24673408E-23
 0.34080883E+02  0.24631886E-23
 0.34185711E+02  0.24590596E-23
 0.34290861E+02  0.24549536E-23
 0.34396335E+02  0.24508702E-23
 0.34502133E+02  0.24468094E-23
 0.34608257E+02  0.24427709E-23
 0.34714707E+02  0.24387543E-23
 0.34821485E+02  0.24347597E-23
 0.34928590E+02  0.24307866E-23
 0.35036026E+02  0.24268349E-23
 0.35143792E+02  0.24229045E-23
 0.35251889E+02  0.24189950E-23
 0.35360319E+02  0.24151063E-23
 0.35469082E+02  0.24112381E-23
 0.35578180E+02  0.24073904E-23
 0.35687613E+02  0.24035628E-23
 0.35797383E+02  0.23997551E-23
 0.35907491E+02  0.23959673E-23
 0.36017937E+02  0.23921991E-23
 0.36128724E+02  0.23884502E-23
 0.36239850E+02  0.23847206E-23
 0.36351319E+02  0.23810100E-23
 0.36463130E+02  0.23773183E-23
 0.36575286E+02  0.23736452E-23
 0.36687786E+02  0.23699906E-23
 0.36800633E+02  0.23663543E-23
 0.36913826E+02  0.23627361E-23
 0.37027368E+02  0.23591359E-23
 0.37141259E+02  0.23555536E-23
 0.37255500E+02  0.23519888E-23
 0.37370093E+02  0.23484415E-23
 0.37485038E+02  0.23449115E-23
 0.37600336E+02  0.23413986E-23
 0.37715990E+02  0.23379026E-23
 0.37831999E+02  0.23344235E-23
 0.37948365E+02  0.23309611E-23
 0.38065088E+02  0.23275151E-23
 0.38182171E+02  0.23240855E-23
 0.38299614E+02  0.23206721E-23
 0.38417418E+02  0.23172747E-23
 0.38535585E+02  0.23138932E-23
 0.38654115E+02  0.23105275E-23
 0.38773009E+02  0.23071773E-23
 0.38892270E+02  0.23038426E-23
 0.39011897E+02  0.23005233E-23
 0.39131892E+02  0.22972191E-23
 0.39252256E+02  0.22939299E-23
 0.39372990E+02  0.22906557E-23
 0.39494096E+02  0.22873962E-23
 0.39615574E+02  0.22841514E-23
 0.39737426E+02  0.22809210E-23
 0.39859653E+02  0.22777051E-23
 0.39982255E+02  0.22745034E-23
 0.40105235E+02  0.22713157E-23
 0.40228593E+02  0.22681421E-23
 0.40352331E+02  0.22649824E-23
 0.40476449E+02  0.22618364E-23
 0.40600948E+02  0.22587040E-23
 0.40725831E+02  0.22555851E-23
 0.40851098E+02  0.22524795E-23
 0.40976750E+02  0.22493873E-23
 0.41102789E+02  0.22463082E-23
 0.41229215E+02  0.22432421E-23
 0.41356030E+02  0.22401889E-23
 0.41483236E+02  0.22371486E-23
 0.41610832E+02  0.22341209E-23
 0.41738821E+02  0.22311059E-23
 0.41867204E+02  0.22281033E-23
 0.41995982E+02  0.22251130E-23
 0.42125155E+02  0.22221351E-23
 0.42254726E+02  0.22191693E-23
 0.42384696E+02  0.22162155E-23
 0.42515065E+02  0.22132737E-23
 0.42645835E+02  0.22103438E-23
 0.42777008E+02  0.22074256E-23
 0.42908584E+02  0.22045191E-23
 0.43040565E+02  0.22016241E-23
 0.43172951E+02  0.21987406E-23
 0.43305745E+02  0.21958684E-23
 0.43438947E+02  0.21930075E-23
 0.43572559E+02  0.21901578E-23
 0.43706582E+02  0.21873192E-23
 0.43841018E+02  0.21844915E-23
 0.43975866E+02  0.21816748E-23
 0.44111130E+02  0.21788689E-23
 0.44246810E+02  0.21760737E-23
 0.44382906E+02  0.21732891E-23
 0.44519422E+02  0.21705151E-23
 0.44656357E+02  0.21677515E-23
 0.44793714E+02  0.21649984E-23
 0.44931493E+02  0.21622555E-23
 0.45069696E+02  0.21595229E-23
 0.45208324E+02  0.21568004E-23
 0.45347378E+02  0.21540879E-23
 0.45486860E+02  0.21513854E-23
 0.45626772E+02  0.21486928E-23
 0.45767113E+02  0.21460101E-23
 0.45907886E+02  0.21433370E-23
 0.46049092E+02  0.21406737E-23
 0.46190733E+02  0.21380199E-23
 0.46332809E+02  0.21353757E-23
 0.46475322E+02  0.21327409E-23
 0.46618273E+02  0.21301154E-23
 0.46761665E+02  0.21274993E-23
 0.46905497E+02  0.21248924E-23
 0.47049772E+02  0.21222947E-23
 0.47194490E+02  0.21197060E-23
 0.47339654E+02  0.21171264E-23
 0.47485264E+02  0.21145557E-23
 0.47631321E+02  0.21119939E-23
 0.47777829E+02  0.21094410E-23
 0.47924786E+02  0.21068967E-23
 0.48072196E+02  0.21043612E-23
 0.48220060E+02  0.21018343E-23
 0.48368378E+02  0.20993160E-23
 0.48517152E+02  0.20968062E-23
 0.48666384E+02  0.20943048E-23
 0.48816075E+02  0.20918117E-23
 0.48966226E+02  0.20893270E-23
 0.49116839E+02  0.20868506E-23
 0.49267916E+02  0.20843824E-23
 0.49419457E+02  0.20819222E-23
 0.49571464E+02  0.20794702E-23
 0.49723939E+02  0.20770262E-23
 0.49876882E+02  0.20745902E-23
 0.50030297E+02  0.20721621E-23
 0.50184183E+02  0.20697418E-23
 0.50338542E+02  0.20673294E-23
 0.50493376E+02  0.20649247E-23
 0.50648687E+02  0.20625276E-23
 0.50804475E+02  0.20601383E-23
 0.50960742E+02  0.20577565E-23
 0.51117490E+02  0.20553822E-23
 0.51274720E+02  0.20530155E-23
 0.51432434E+02  0.20506562E-23
 0.51590633E+02  0.20483042E-23
 0.51749319E+02  0.20459596E-23
 0.51908492E+02  0.20436223E-23
 0.52068155E+02  0.20412923E-23
 0.52228309E+02  0.20389694E-23
 0.52388956E+02  0.20366537E-23
 0.52550097E+02  0.20343450E-23
 0.52711734E+02  0.20320435E-23
 0.52873868E+02  0.20297489E-23
 0.53036500E+02  0.20274613E-23
 0.53199633E+02  0.20251806E-23
 0.53363268E+02  0.20229068E-23
 0.53527405E+02  0.20206398E-23
 0.53692048E+02  0.20183796E-23
 0.53857197E+02  0.20161261E-23
 0.54022854E+02  0.20138794E-23
 0.54189021E+02  0.20116392E-23
 0.54355699E+02  0.20094058E-23
 0.54522889E+02  0.20071788E-23
 0.54690594E+02  0.20049585E-23
 0.54858814E+02  0.20027446E-23
 0.55027552E+02  0.20005372E-23
 0.55196809E+02  0.19983362E-23
 0.55366587E+02  0.19961415E-23
 0.55536886E+02  0.19939532E-23
 0.55707710E+02  0.19917712E-23
 0.55879059E+02  0.19895955E-23
 0.56050935E+02  0.19874260E-23
 0.56223340E+02  0.19852627E-23
 0.56396275E+02  0.19831056E-23
 0.56569742E+02  0.19809545E-23
 0.56743742E+02  0.19788096E-23
 0.56918278E+02  0.19766707E-23
 0.57093350E+02  0.19745378E-23
 0.57268961E+02  0.19724109E-23
 0.57445113E+02  0.19702899E-23
 0.57621806E+02  0.19681748E-23
 0.57799042E+02  0.19660656E-23
 0.57976824E+02  0.19639623E-23
 0.58155152E+02  0.19618647E-23
 0.58334029E+02  0.19597730E-23
 0.58513456E+02  0.19576870E-23
 0.58693435E+02  0.19556067E-23
 0.58873968E+02  0.19535321E-23
 0.59055056E+02  0.19514631E-23
 0.59236701E+02  0.19493998E-23
 0.59418905E+02  0.19473420E-23
 0.59601669E+02  0.19452899E-23
 0.59784995E+02  0.19432432E-23
 0.59968885E+02  0.19412021E-23
 0.60153341E+02  0.19391664E-23
 0.60338364E+02  0.19371361E-23
 0.60523956E+02  0.19351113E-23
 0.60710119E+02  0.19330919E-23
 0.60896855E+02  0.19310778E-23
 0.61084165E+02  0.19290691E-23
 0.61272051E+02  0.19270657E-23
 0.61460516E+02  0.19250675E-23
 0.61649559E+02  0.19230746E-23
 0.61839185E+02  0.19210869E-23
 0.62029393E+02  0.19191045E-23
 0.62220187E+02  0.19171272E-23
 0.62411567E+02  0.19151550E-23
 0.62603536E+02  0.19131880E-23
 0.62796096E+02  0.19112260E-23
 0.62989248E+02  0.19092691E-23
 0.63182994E+02  0.19073173E-23
 0.63377336E+02  0.19053705E-23
 0.63572275E+02  0.19034287E-23
 0.63767815E+02  0.19014919E-23
 0.63963955E+02  0.18995600E-23
 0.64160699E+02  0.18976330E-23
 0.64358049E+02  0.18957110E-23
 0.64556005E+02  0.18937938E-23
 0.64754570E+02  0.18918815E-23
 0.64953746E+02  0.18899740E-23
 0.65153534E+02  0.18880713E-23
 0.65353937E+02  0.18861735E-23
 0.65554957E+02  0.18842803E-23
 0.65756594E+02  0.18823920E-23
 0.65958852E+02  0.18805083E-23
 0.66161732E+02  0.18786294E-23
 0.66365237E+02  0.18767552E-23
 0.66569367E+02  0.18748856E-23
 0.66774125E+02  0.18730206E-23
 0.66979512E+02  0.18711603E-23
 0.67185532E+02  0.18693046E-23
 0.67392185E+02  0.18674534E-23
 0.67599474E+02  0.18656068E-23
 0.67807400E+02  0.18637648E-23
 0.68015966E+02  0.18619273E-23
 0.68225173E+02  0.18600942E-23
 0.68435024E+02  0.18582657E-23
 0.68645521E+02  0.18564416E-23
 0.68856665E+02  0.18546220E-23
 0.69068458E+02  0.18528068E-23
 0.69280903E+02  0.18509960E-23
 0.69494001E+02  0.18491896E-23
 0.69707755E+02  0.18473876E-23
 0.69922166E+02  0.18455899E-23
 0.70137236E+02  0.18437966E-23
 0.70352969E+02  0.18420076E-23
 0.70569364E+02  0.18402228E-23
 0.70786426E+02  0.18384424E-23
 0.71004155E+02  0.18366662E-23
 0.71222553E+02  0.18348943E-23
 0.71441624E+02  0.18331266E-23
 0.71661368E+02  0.18313632E-23
 0.71881788E+02  0.18296039E-23
 0.72102886E+02  0.18278488E-23
 0.72324665E+02  0.18260979E-23
 0.72547125E+02  0.18243512E-23
 0.72770270E+02  0.18226085E-23
 0.72994101E+02  0.18208700E-23
 0.73218620E+02  0.18191356E-23
 0.73443830E+02  0.18174053E-23
 0.73669733E+02  0.18156791E-23
 0.73896331E+02  0.18139569E-23
 0.74123625E+02  0.18122388E-23
 0.74351619E+02  0.18105247E-23
 0.74580314E+02  0.18088146E-23
 0.74809713E+02  0.18071085E-23
 0.75039817E+02  0.18054064E-23
 0.75270628E+02  0.18037083E-23
 0.75502150E+02  0.18020141E-23
 0.75734384E+02  0.18003239E-23
 0.75967332E+02  0.17986376E-23
 0.76200997E+02  0.17969552E-23
 0.76435380E+02  0.17952767E-23
 0.76670485E+02  0.17936021E-23
 0.76906312E+02  0.17919313E-23
 0.77142865E+02  0.17902645E-23
 0.77380146E+02  0.17886015E-23
 0.77618156E+02  0.17869423E-23
 0.77856898E+02  0.17852869E-23
 0.78096375E+02  0.17836354E-23
 0.78336589E+02  0.17819876E-23
 0.78577541E+02  0.17803436E-23
 0.78819234E+02  0.17787034E-23
 0.79061671E+02  0.17770669E-23
 0.79304853E+02  0.17754342E-23
 0.79548784E+02  0.17738053E-23
 0.79793465E+02  0.17721800E-23
 0.80038898E+02  0.17705585E-23
 0.80285086E+02  0.17689406E-23
 0.80532032E+02  0.17673264E-23
 0.80779737E+02  0.17657160E-23
 0.81028204E+02  0.17641091E-23
 0.81277435E+02  0.17625059E-23
 0.81527433E+02  0.17609064E-23
 0.81778200E+02  0.17593105E-23
 0.82029738E+02  0.17577182E-23
 0.82282050E+02  0.17561295E-23
 0.82535138E+02  0.17545444E-23
 0.82789004E+02  0.17529629E-23
 0.83043651E+02  0.17513849E-23
 0.83299082E+02  0.17498105E-23
 0.83555298E+02  0.17482397E-23
 0.83812302E+02  0.17466724E-23
 0.84070097E+02  0.17451086E-23
 0.84328684E+02  0.17435483E-23
 0.84588067E+02  0.17419916E-23
 0.84848248E+02  0.17404383E-23
 0.85109230E+02  0.17388885E-23
 0.85371013E+02  0.17373422E-23
 0.85633603E+02  0.17357994E-23
 0.85896999E+02  0.17342600E-23
 0.86161206E+02  0.17327241E-23
 0.86426226E+02  0.17311916E-23
 0.86692061E+02  0.17296626E-23
 0.86958713E+02  0.17281369E-23
 0.87226186E+02  0.17266147E-23
 0.87494481E+02  0.17250958E-23
 0.87763602E+02  0.17235804E-23
 0.88033550E+02  0.17220683E-23
 0.88304329E+02  0.17205596E-23
 0.88575940E+02  0.17190543E-23
 0.88848387E+02  0.17175523E-23
 0.89121672E+02  0.17160536E-23
 0.89395798E+02  0.17145583E-23
 0.89670767E+02  0.17130663E-23
 0.89946581E+02  0.17115776E-23
 0.90223244E+02  0.17100923E-23
 0.90500758E+02  0.17086102E-23
 0.90779126E+02  0.17071314E-23
 0.91058349E+02  0.17056559E-23
 0.91338432E+02  0.17041837E-23
 0.91619376E+02  0.17027147E-23
 0.91901184E+02  0.17012490E-23
 0.92183859E+02  0.16997865E-23
 0.92467404E+02  0.16983273E-23
 0.92751820E+02  0.16968713E-23
 0.93037112E+02  0.16954185E-23
 0.93323280E+02  0.16939689E-23
 0.93610330E+02  0.16925225E-23
 0.93898262E+02  0.16910794E-23
 0.94187079E+02  0.16896394E-23
 0.94476786E+02  0.16882026E-23
 0.94767383E+02  0.16867690E-23
 0.95058874E+02  0.16853385E-23
 0.95351261E+02  0.16839112E-23
 0.95644548E+02  0.16824870E-23
 0.95938737E+02  0.16810660E-23
 0.96233831E+02  0.16796482E-23
 0.96529833E+02  0.16782334E-23
 0.96826745E+02  0.16768218E-23
 0.97124570E+02  0.16754133E-23
 0.97423312E+02  0.16740079E-23
 0.97722972E+02  0.16726056E-23
 0.98023554E+02  0.16712063E-23
 0.98325060E+02  0.16698102E-23
 0.98627494E+02  0.16684171E-23
 0.98930858E+02  0.16670271E-23
 0.99235156E+02  0.16656402E-23
 0.99540389E+02  0.16642563E-23
 0.99846561E+02  0.16628755E-23
 0.10015367E+03  0.16614977E-23
 0.10046173E+03  0.16601230E-23
 0.10077074E+03  0.16587512E-23
 0.10108070E+03  0.16573825E-23
 0.10139161E+03  0.16560169E-23
 0.10170347E+03  0.16546542E-23
 0.10201630E+03  0.16532945E-23
 0.10233008E+03  0.16519378E-23
 0.10264484E+03  0.16505841E-23
 0.10296056E+03  0.16492334E-23
 0.10327725E+03  0.16478857E-23
 0.10359492E+03  0.16465409E-23
 0.10391356E+03  0.16451991E-23
 0.10423318E+03  0.16438602E-23
 0.10455379E+03  0.16425243E-23
 0.10487538E+03  0.16411914E-23
 0.10519796E+03  0.16398614E-23
 0.10552154E+03  0.16385343E-23
 0.10584611E+03  0.16372101E-23
 0.10617168E+03  0.16358889E-23
 0.10649824E+03  0.16345705E-23
 0.10682582E+03  0.16332551E-23
 0.10715440E+03  0.16319426E-23
 0.10748399E+03  0.16306330E-23
 0.10781460E+03  0.16293262E-23
 0.10814622E+03  0.16280224E-23
 0.10847886E+03  0.16267214E-23
 0.10881253E+03  0.16254233E-23
 0.10914722E+03  0.16241281E-23
 0.10948294E+03  0.16228357E-23
 0.10981969E+03  0.16215462E-23
 0.11015748E+03  0.16202595E-23
 0.11049631E+03  0.16189757E-23
 0.11083618E+03  0.16176947E-23
 0.11117710E+03  0.16164166E-23
 0.11151906E+03  0.16151413E-23
 0.11186208E+03  0.16138688E-23
 0.11220615E+03  0.16125991E-23
 0.11255128E+03  0.16113322E-23
 0.11289747E+03  0.16100682E-23
 0.11324473E+03  0.16088069E-23
 0.11359306E+03  0.16075485E-23
 0.11394245E+03  0.16062928E-23
 0.11429292E+03  0.16050399E-23
 0.11464447E+03  0.16037898E-23
 0.11499710E+03  0.16025425E-23
 0.11535082E+03  0.16012980E-23
 0.11570562E+03  0.16000562E-23
 0.11606151E+03  0.15988172E-23
 0.11641850E+03  0.15975809E-23
 0.11677659E+03  0.15963474E-23
 0.11713578E+03  0.15951166E-23
 0.11749607E+03  0.15938886E-23
 0.11785747E+03  0.15926633E-23
 0.11821998E+03  0.15914408E-23
 0.11858361E+03  0.15902210E-23
 0.11894836E+03  0.15890039E-23
 0.11931423E+03  0.15877895E-23
 0.11968122E+03  0.15865778E-23
 0.12004934E+03  0.15853689E-23
 0.12041860E+03  0.15841626E-23
 0.12078899E+03  0.15829591E-23
 0.12116052E+03  0.15817582E-23
 0.12153319E+03  0.15805601E-23
 0.12190701E+03  0.15793646E-23
 0.12228198E+03  0.15781718E-23
 0.12265810E+03  0.15769817E-23
 0.12303538E+03  0.15757943E-23
 0.12341382E+03  0.15746096E-23
 0.12379342E+03  0.15734275E-23
 0.12417419E+03  0.15722480E-23
 0.12455613E+03  0.15710713E-23
 0.12493925E+03  0.15698971E-23
 0.12532355E+03  0.15687257E-23
 0.12570902E+03  0.15675569E-23
 0.12609569E+03  0.15663907E-23
 0.12648354E+03  0.15652271E-23
 0.12687259E+03  0.15640662E-23
 0.12726283E+03  0.15629080E-23
 0.12765427E+03  0.15617523E-23
 0.12804692E+03  0.15605993E-23
 0.12844077E+03  0.15594489E-23
 0.12883584E+03  0.15583011E-23
 0.12923212E+03  0.15571559E-23
 0.12962962E+03  0.15560133E-23
 0.13002834E+03  0.15548733E-23
 0.13042829E+03  0.15537360E-23
 0.13082947E+03  0.15526012E-23
 0.13123188E+03  0.15514690E-23
 0.13163553E+03  0.15503394E-23
 0.13204042E+03  0.15492124E-23
 0.13244656E+03  0.15480879E-23
 0.13285395E+03  0.15469661E-23
 0.13326259E+03  0.15458468E-23
 0.13367248E+03  0.15447301E-23
 0.13408364E+03  0.15436159E-23
 0.13449606E+03  0.15425044E-23
 0.13490975E+03  0.15413953E-23
 0.13532472E+03  0.15402889E-23
 0.13574096E+03  0.15391850E-23
 0.13615848E+03  0.15380836E-23
 0.13657728E+03  0.15369848E-23
 0.13699737E+03  0.15358885E-23
 0.13741876E+03  0.15347948E-23
 0.13784144E+03  0.15337036E-23
 0.13826542E+03  0.15326149E-23
 0.13869070E+03  0.15315288E-23
 0.13911730E+03  0.15304452E-23
 0.13954520E+03  0.15293641E-23
 0.13997442E+03  0.15282856E-23
 0.14040496E+03  0.15272095E-23
 0.14083683E+03  0.15261360E-23
 0.14127002E+03  0.15250650E-23
 0.14170455E+03  0.15239965E-23
 0.14214041E+03  0.15229305E-23
 0.14257762E+03  0.15218670E-23
 0.14301617E+03  0.15208061E-23
 0.14345606E+03  0.15197476E-23
 0.14389731E+03  0.15186916E-23
 0.14433992E+03  0.15176381E-23
 0.14478389E+03  0.15165871E-23
 0.14522922E+03  0.15155385E-23
 0.14567593E+03  0.15144925E-23
 0.14612401E+03  0.15134489E-23
 0.14657346E+03  0.15124079E-23
 0.14702430E+03  0.15113693E-23
 0.14747653E+03  0.15103331E-23
 0.14793015E+03  0.15092995E-23
 0.14838516E+03  0.15082683E-23
 0.14884157E+03  0.15072396E-23
 0.14929939E+03  0.15062133E-23
 0.14975861E+03  0.15051895E-23
 0.15021925E+03  0.15041682E-23
 0.15068130E+03  0.15031493E-23
 0.15114477E+03  0.15021328E-23
 0.15160967E+03  0.15011188E-23
 0.15207600E+03  0.15001073E-23
 0.15254377E+03  0.14990982E-23
 0.15301297E+03  0.14980916E-23
 0.15348362E+03  0.14970874E-23
 0.15395571E+03  0.14960856E-23
 0.15442926E+03  0.14950863E-23
 0.15490426E+03  0.14940894E-23
 0.15538072E+03  0.14930949E-23
 0.15585865E+03  0.14921029E-23
 0.15633805E+03  0.14911133E-23
 0.15681892E+03  0.14901261E-23
 0.15730128E+03  0.14891414E-23
 0.15778511E+03  0.14881591E-23
 0.15827044E+03  0.14871792E-23
 0.15875725E+03  0.14862017E-23
 0.15924557E+03  0.14852266E-23
 0.15973539E+03  0.14842540E-23
 0.16022671E+03  0.14832837E-23
 0.16071954E+03  0.14823159E-23
 0.16121389E+03  0.14813505E-23
 0.16170976E+03  0.14803875E-23
 0.16220716E+03  0.14794268E-23
 0.16270609E+03  0.14784686E-23
 0.16320655E+03  0.14775128E-23
 0.16370855E+03  0.14765594E-23
 0.16421209E+03  0.14756084E-23
 0.16471719E+03  0.14746598E-23
 0.16522383E+03  0.14737136E-23
 0.16573204E+03  0.14727698E-23
 0.16624181E+03  0.14718283E-23
 0.16675314E+03  0.14708893E-23
 0.16726605E+03  0.14699526E-23
 0.16778054E+03  0.14690184E-23
 0.16829661E+03  0.14680865E-23
 0.16881426E+03  0.14671570E-23
 0.16933351E+03  0.14662299E-23
 0.16985436E+03  0.14653052E-23
 0.17037681E+03  0.14643828E-23
 0.17090086E+03  0.14634628E-23
 0.17142653E+03  0.14625452E-23
 0.17195381E+03  0.14616300E-23
 0.17248272E+03  0.14607172E-23
 0.17301325E+03  0.14598067E-23
 0.17354541E+03  0.14588986E-23
 0.17407921E+03  0.14579929E-23
 0.17461466E+03  0.14570895E-23
 0.17515175E+03  0.14561885E-23
 0.17569049E+03  0.14552899E-23
 0.17623089E+03  0.14543936E-23
 0.17677295E+03  0.14534998E-23
 0.17731668E+03  0.14526082E-23
 0.17786208E+03  0.14517191E-23
 0.17840916E+03  0.14508323E-23
 0.17895792E+03  0.14499478E-23
 0.17950837E+03  0.14490657E-23
 0.18006051E+03  0.14481860E-23
 0.18061435E+03  0.14473087E-23
 0.18116989E+03  0.14464337E-23
 0.18172715E+03  0.14455610E-23
 0.18228611E+03  0.14446907E-23
 0.18284680E+03  0.14438228E-23
 0.18340921E+03  0.14429572E-23
 0.18397335E+03  0.14420940E-23
 0.18453923E+03  0.14412331E-23
 0.18510684E+03  0.14403746E-23
 0.18567621E+03  0.14395184E-23
 0.18624732E+03  0.14386646E-23
 0.18682019E+03  0.14378132E-23
 0.18739482E+03  0.14369640E-23
 0.18797122E+03  0.14361173E-23
 0.18854939E+03  0.14352729E-23
 0.18912935E+03  0.14344308E-23
 0.18971108E+03  0.14335911E-23
 0.19029460E+03  0.14327537E-23
 0.19087992E+03  0.14319187E-23
 0.19146704E+03  0.14310860E-23
 0.19205597E+03  0.14302557E-23
 0.19264671E+03  0.14294277E-23
 0.19323926E+03  0.14286021E-23
 0.19383364E+03  0.14277788E-23
 0.19442984E+03  0.14269578E-23
 0.19502788E+03  0.14261393E-23
 0.19562776E+03  0.14253230E-23
 0.19622948E+03  0.14245091E-23
 0.19683305E+03  0.14236975E-23
 0.19743849E+03  0.14228883E-23
 0.19804578E+03  0.14220815E-23
 0.19865494E+03  0.14212770E-23
 0.19926597E+03  0.14204748E-23
 0.19987889E+03  0.14196750E-23
 0.20049369E+03  0.14188775E-23
 0.20111038E+03  0.14180823E-23
 0.20172896E+03  0.14172896E-23
 0.20234945E+03  0.14164991E-23
 0.20297185E+03  0.14157110E-23
 0.20359616E+03  0.14149253E-23
 0.20422240E+03  0.14141419E-23
 0.20485056E+03  0.14133608E-23
 0.20548065E+03  0.14125821E-23
 0.20611268E+03  0.14118058E-23
 0.20674665E+03  0.14110317E-23
 0.20738257E+03  0.14102601E-23
 0.20802045E+03  0.14094908E-23
 0.20866029E+03  0.14087238E-23
 0.20930210E+03  0.14079592E-23
 0.20994589E+03  0.14071969E-23
 0.21059165E+03  0.14064370E-23
 0.21123940E+03  0.14056795E-23
 0.21188914E+03  0.14049243E-23
 0.21254088E+03  0.14041714E-23
 0.21319463E+03  0.14034210E-23
 0.21385039E+03  0.14026728E-23
 0.21450816E+03  0.14019270E-23
 0.21516796E+03  0.14011836E-23
 0.21582978E+03  0.14004426E-23
 0.21649364E+03  0.13997039E-23
 0.21715955E+03  0.13989675E-23
 0.21782750E+03  0.13982335E-23
 0.21849750E+03  0.13975019E-23
 0.21916957E+03  0.13967726E-23
 0.21984371E+03  0.13960457E-23
 0.22051991E+03  0.13953212E-23
 0.22119820E+03  0.13945990E-23
 0.22187858E+03  0.13938792E-23
 0.22256104E+03  0.13931618E-23
 0.22324561E+03  0.13924468E-23
 0.22393228E+03  0.13917341E-23
 0.22462107E+03  0.13910237E-23
 0.22531197E+03  0.13903158E-23
 0.22600500E+03  0.13896102E-23
 0.22670016E+03  0.13889070E-23
 0.22739745E+03  0.13882062E-23
 0.22809689E+03  0.13875078E-23
 0.22879849E+03  0.13868117E-23
 0.22950224E+03  0.13861180E-23
 0.23020816E+03  0.13854268E-23
 0.23091624E+03  0.13847379E-23
 0.23162651E+03  0.13840513E-23
 0.23233896E+03  0.13833672E-23
 0.23305360E+03  0.13826855E-23
 0.23377044E+03  0.13820061E-23
 0.23448949E+03  0.13813292E-23
 0.23521074E+03  0.13806546E-23
 0.23593422E+03  0.13799824E-23
 0.23665992E+03  0.13793127E-23
 0.23738785E+03  0.13786453E-23
 0.23811802E+03  0.13779804E-23
 0.23885044E+03  0.13773178E-23
 0.23958511E+03  0.13766577E-23
 0.24032204E+03  0.13759999E-23
 0.24106123E+03  0.13753446E-23
 0.24180270E+03  0.13746917E-23
 0.24254646E+03  0.13740412E-23
 0.24329249E+03  0.13733931E-23
 0.24404083E+03  0.13727475E-23
 0.24479146E+03  0.13721042E-23
 0.24554441E+03  0.13714634E-23
 0.24629967E+03  0.13708250E-23
 0.24705725E+03  0.13701891E-23
 0.24781716E+03  0.13695556E-23
 0.24857941E+03  0.13689245E-23
 0.24934401E+03  0.13682958E-23
 0.25011095E+03  0.13676696E-23
 0.25088026E+03  0.13670459E-23
 0.25165193E+03  0.13664245E-23
 0.25242598E+03  0.13658057E-23
 0.25320240E+03  0.13651893E-23
 0.25398122E+03  0.13645753E-23
 0.25476243E+03  0.13639638E-23
 0.25554604E+03  0.13633547E-23
 0.25633206E+03  0.13627481E-23
 0.25712050E+03  0.13621440E-23
 0.25791137E+03  0.13615423E-23
 0.25870467E+03  0.13609431E-23
 0.25950041E+03  0.13603464E-23
 0.26029859E+03  0.13597522E-23
 0.26109924E+03  0.13591604E-23
 0.26190234E+03  0.13585712E-23
 0.26270792E+03  0.13579844E-23
 0.26351597E+03  0.13574001E-23
 0.26432650E+03  0.13568183E-23
 0.26513954E+03  0.13562390E-23
 0.26595507E+03  0.13556621E-23
 0.26677311E+03  0.13550878E-23
 0.26759366E+03  0.13545160E-23
 0.26841674E+03  0.13539467E-23
 0.26924236E+03  0.13533800E-23
 0.27007051E+03  0.13528157E-23
 0.27090121E+03  0.13522540E-23
 0.27173446E+03  0.13516947E-23
 0.27257028E+03  0.13511381E-23
 0.27340866E+03  0.13505839E-23
 0.27424963E+03  0.13500323E-23
 0.27509318E+03  0.13494832E-23
 0.27593933E+03  0.13489367E-23
 0.27678808E+03  0.13483927E-23
 0.27763944E+03  0.13478512E-23
 0.27849342E+03  0.13473124E-23
 0.27935003E+03  0.13467760E-23
 0.28020927E+03  0.13462423E-23
 0.28107115E+03  0.13457111E-23
 0.28193569E+03  0.13451825E-23
 0.28280288E+03  0.13446564E-23
 0.28367274E+03  0.13441330E-23
 0.28454528E+03  0.13436121E-23
 0.28542050E+03  0.13430938E-23
 0.28629841E+03  0.13425781E-23
 0.28717903E+03  0.13420650E-23
 0.28806235E+03  0.13415545E-23
 0.28894839E+03  0.13410466E-23
 0.28983715E+03  0.13405414E-23
 0.29072865E+03  0.13400387E-23
 0.29162289E+03  0.13395387E-23
 0.29251988E+03  0.13390413E-23
 0.29341963E+03  0.13385465E-23
 0.29432215E+03  0.13380543E-23
 0.29522744E+03  0.13375648E-23
 0.29613552E+03  0.13370780E-23
 0.29704639E+03  0.13365938E-23
 0.29796006E+03  0.13361122E-23
 0.29887654E+03  0.13356334E-23
 0.29979584E+03  0.13351571E-23
 0.30071797E+03  0.13346836E-23
 0.30164294E+03  0.13342127E-23
 0.30257075E+03  0.13337445E-23
 0.30350142E+03  0.13332790E-23
 0.30443494E+03  0.13328162E-23
 0.30537134E+03  0.13323561E-23
 0.30631062E+03  0.13318987E-23
 0.30725279E+03  0.13314440E-23
 0.30819785E+03  0.13309920E-23
 0.30914583E+03  0.13305428E-23
 0.31009672E+03  0.13300962E-23
 0.31105053E+03  0.13296524E-23
 0.31200728E+03  0.13292114E-23
 0.31296697E+03  0.13287730E-23
 0.31392961E+03  0.13283375E-23
 0.31489521E+03  0.13279046E-23
 0.31586378E+03  0.13274746E-23
 0.31683534E+03  0.13270473E-23
 0.31780988E+03  0.13266228E-23
 0.31878741E+03  0.13262011E-23
 0.31976796E+03  0.13257821E-23
 0.32075152E+03  0.13253660E-23
 0.32173811E+03  0.13249526E-23
 0.32272773E+03  0.13245421E-23
 0.32372039E+03  0.13241343E-23
 0.32471611E+03  0.13237294E-23
 0.32571489E+03  0.13233273E-23
 0.32671674E+03  0.13229281E-23
 0.32772168E+03  0.13225317E-23
 0.32872970E+03  0.13221381E-23
 0.32974083E+03  0.13217474E-23
 0.33075506E+03  0.13213595E-23
 0.33177242E+03  0.13209745E-23
 0.33279290E+03  0.13205924E-23
 0.33381653E+03  0.13202132E-23
 0.33484330E+03  0.13198368E-23
 0.33587323E+03  0.13194633E-23
 0.33690633E+03  0.13190928E-23
 0.33794261E+03  0.13187251E-23
 0.33898207E+03  0.13183604E-23
 0.34002473E+03  0.13179986E-23
 0.34107060E+03  0.13176397E-23
 0.34211968E+03  0.13172838E-23
 0.34317199E+03  0.13169308E-23
 0.34422754E+03  0.13165807E-23
 0.34528634E+03  0.13162336E-23
 0.34634839E+03  0.13158895E-23
 0.34741371E+03  0.13155484E-23
 0.34848230E+03  0.13152102E-23
 0.34955418E+03  0.13148751E-23
 0.35062936E+03  0.13145429E-23
 0.35170785E+03  0.13142138E-23
 0.35278965E+03  0.13138876E-23
 0.35387478E+03  0.13135645E-23
 0.35496325E+03  0.13132445E-23
 0.35605507E+03  0.13129274E-23
 0.35715024E+03  0.13126134E-23
 0.35824879E+03  0.13123025E-23
 0.35935071E+03  0.13119947E-23
 0.36045602E+03  0.13116899E-23
 0.36156473E+03  0.13113882E-23
 0.36267685E+03  0.13110896E-23
 0.36379240E+03  0.13107941E-23
 0.36491137E+03  0.13105017E-23
 0.36603379E+03  0.13102124E-23
 0.36715965E+03  0.13099262E-23
 0.36828898E+03  0.13096432E-23
 0.36942179E+03  0.13093633E-23
 0.37055808E+03  0.13090866E-23
 0.37169786E+03  0.13088131E-23
 0.37284115E+03  0.13085427E-23
 0.37398796E+03  0.13082755E-23
 0.37513829E+03  0.13080115E-23
 0.37629216E+03  0.13077507E-23
 0.37744959E+03  0.13074931E-23
 0.37861057E+03  0.13072388E-23
 0.37977512E+03  0.13069876E-23
 0.38094325E+03  0.13067397E-23
 0.38211498E+03  0.13064951E-23
 0.38329031E+03  0.13062537E-23
 0.38446926E+03  0.13060156E-23
 0.38565183E+03  0.13057807E-23
 0.38683804E+03  0.13055492E-23
 0.38802790E+03  0.13053209E-23
 0.38922142E+03  0.13050960E-23
 0.39041861E+03  0.13048744E-23
 0.39161948E+03  0.13046561E-23
 0.39282405E+03  0.13044411E-23
 0.39403232E+03  0.13042295E-23
 0.39524431E+03  0.13040213E-23
 0.39646002E+03  0.13038164E-23
 0.39767948E+03  0.13036150E-23
 0.39890268E+03  0.13034169E-23
 0.40012965E+03  0.13032222E-23
 0.40136039E+03  0.13030309E-23
 0.40259492E+03  0.13028431E-23
 0.40383324E+03  0.13026587E-23
 0.40507538E+03  0.13024778E-23
 0.40632133E+03  0.13023003E-23
 0.40757112E+03  0.13021263E-23
 0.40882475E+03  0.13019557E-23
 0.41008224E+03  0.13017887E-23
 0.41134359E+03  0.13016252E-23
 0.41260883E+03  0.13014652E-23
 0.41387795E+03  0.13013087E-23
 0.41515098E+03  0.13011558E-23
 0.41642793E+03  0.13010064E-23
 0.41770880E+03  0.13008606E-23
 0.41899361E+03  0.13007183E-23
 0.42028238E+03  0.13005797E-23
 0.42157511E+03  0.13004447E-23
 0.42287181E+03  0.13003132E-23
 0.42417251E+03  0.13001855E-23
 0.42547720E+03  0.13000613E-23
 0.42678591E+03  0.12999408E-23
 0.42809864E+03  0.12998240E-23
 0.42941541E+03  0.12997108E-23
 0.43073623E+03  0.12996014E-23
 0.43206111E+03  0.12994957E-23
 0.43339007E+03  0.12993936E-23
 0.43472312E+03  0.12992954E-23
 0.43606027E+03  0.12992008E-23
 0.43740153E+03  0.12991101E-23
 0.43874691E+03  0.12990231E-23
 0.44009643E+03  0.12989399E-23
 0.44145011E+03  0.12988605E-23
 0.44280795E+03  0.12987849E-23
 0.44416996E+03  0.12987132E-23
 0.44553616E+03  0.12986453E-23
 0.44690657E+03  0.12985813E-23
 0.44828119E+03  0.12985212E-23
 0.44966004E+03  0.12984650E-23
 0.45104313E+03  0.12984128E-23
 0.45243047E+03  0.12983644E-23
 0.45382209E+03  0.12983201E-23
 0.45521798E+03  0.12982797E-23
 0.45661816E+03  0.12982433E-23
 0.45802266E+03  0.12982110E-23
 0.45943147E+03  0.12981827E-23
 0.46084462E+03  0.12981585E-23
 0.46226211E+03  0.12981384E-23
 0.46368396E+03  0.12981225E-23
 0.46511019E+03  0.12981107E-23
 0.46654080E+03  0.12981032E-23
 0.46797581E+03  0.12980999E-23
 0.46941524E+03  0.12981009E-23
 0.47085910E+03  0.12981063E-23
 0.47230739E+03  0.12981162E-23
 0.47376014E+03  0.12981306E-23
 0.47521736E+03  0.12981496E-23
 0.47667906E+03  0.12981734E-23
 0.47814526E+03  0.12982021E-23
 0.47961597E+03  0.12982360E-23
 0.48109120E+03  0.12982754E-23
 0.48257096E+03  0.12983205E-23
 0.48405528E+03  0.12983720E-23
 0.48554417E+03  0.12984306E-23
 0.48703763E+03  0.12984974E-23
 0.48853569E+03  0.12985741E-23
 0.49003836E+03  0.12986633E-23
 0.49154565E+03  0.12987693E-23
 0.49305757E+03  0.12988999E-23
 0.49457415E+03  0.12990698E-23
 0.49609539E+03  0.12993099E-23
 0.49762131E+03  0.12996951E-23
 0.49915192E+03  0.13004477E-23
 0.50068724E+03  0.13025006E-23
 0.50222728E+03  0.13141651E-23
 0.50377206E+03  0.24522918E-23
 0.50532159E+03  0.13097017E-23
 0.50687589E+03  0.13021991E-23
 0.50843497E+03  0.13007767E-23
 0.50999884E+03  0.13003402E-23
 0.51156753E+03  0.13002013E-23
 0.51314103E+03  0.13001841E-23
 0.51471938E+03  0.13002271E-23
 0.51630259E+03  0.13003046E-23
 0.51789066E+03  0.13004040E-23
 0.51948362E+03  0.13005189E-23
 0.52108148E+03  0.13006454E-23
 0.52268425E+03  0.13007813E-23
 0.52429195E+03  0.13009253E-23
 0.52590460E+03  0.13010764E-23
 0.52752221E+03  0.13012339E-23
 0.52914479E+03  0.13013976E-23
 0.53077236E+03  0.13015670E-23
 0.53240495E+03  0.13017420E-23
 0.53404255E+03  0.13019223E-23
 0.53568519E+03  0.13021080E-23
 0.53733288E+03  0.13022989E-23
 0.53898564E+03  0.13024949E-23
 0.54064348E+03  0.13026961E-23
 0.54230642E+03  0.13029024E-23
 0.54397448E+03  0.13031137E-23
 0.54564767E+03  0.13033301E-23
 0.54732600E+03  0.13035515E-23
 0.54900950E+03  0.13037780E-23
 0.55069818E+03  0.13040095E-23
 0.55239205E+03  0.13042461E-23
 0.55409112E+03  0.13044877E-23
 0.55579543E+03  0.13047344E-23
 0.55750498E+03  0.13049862E-23
 0.55921978E+03  0.13052431E-23
 0.56093986E+03  0.13055051E-23
 0.56266524E+03  0.13057722E-23
 0.56439591E+03  0.13060444E-23
 0.56613192E+03  0.13063218E-23
 0.56787326E+03  0.13066044E-23
 0.56961995E+03  0.13068921E-23
 0.57137202E+03  0.13071851E-23
 0.57312948E+03  0.13074833E-23
 0.57489235E+03  0.13077867E-23
 0.57666064E+03  0.13080954E-23
 0.57843436E+03  0.13084093E-23
 0.58021354E+03  0.13087286E-23
 0.58199820E+03  0.13090531E-23
 0.58378834E+03  0.13093830E-23
 0.58558399E+03  0.13097183E-23
 0.58738517E+03  0.13100589E-23
 0.58919188E+03  0.13104049E-23
 0.59100415E+03  0.13107563E-23
 0.59282199E+03  0.13111132E-23
 0.59464543E+03  0.13114755E-23
 0.59647448E+03  0.13118433E-23
 0.59830915E+03  0.13122166E-23
 0.60014946E+03  0.13125955E-23
 0.60199543E+03  0.13129798E-23
 0.60384709E+03  0.13133697E-23
 0.60570443E+03  0.13137653E-23
 0.60756750E+03  0.13141664E-23
 0.60943629E+03  0.13145731E-23
 0.61131083E+03  0.13149855E-23
 0.61319113E+03  0.13154035E-23
 0.61507722E+03  0.13158273E-23
 0.61696911E+03  0.13162568E-23
 0.61886682E+03  0.13166920E-23
 0.62077037E+03  0.13171329E-23
 0.62267977E+03  0.13175797E-23
 0.62459504E+03  0.13180322E-23
 0.62651621E+03  0.13184906E-23
 0.62844328E+03  0.13189548E-23
 0.63037629E+03  0.13194249E-23
 0.63231523E+03  0.13199009E-23
 0.63426014E+03  0.13203828E-23
 0.63621104E+03  0.13208707E-23
 0.63816793E+03  0.13213645E-23
 0.64013085E+03  0.13218643E-23
 0.64209980E+03  0.13223701E-23
 0.64407481E+03  0.13228820E-23
 0.64605589E+03  0.13233999E-23
 0.64804307E+03  0.13239239E-23
 0.65003635E+03  0.13244541E-23
 0.65203577E+03  0.13249903E-23
 0.65404134E+03  0.13255327E-23
 0.65605308E+03  0.13260813E-23
 0.65807101E+03  0.13266361E-23
 0.66009514E+03  0.13271971E-23
 0.66212550E+03  0.13277643E-23
 0.66416210E+03  0.13283379E-23
 0.66620497E+03  0.13289177E-23
 0.66825412E+03  0.13295039E-23
 0.67030958E+03  0.13300964E-23
 0.67237136E+03  0.13306953E-23
 0.67443947E+03  0.13313006E-23
 0.67651395E+03  0.13319124E-23
 0.67859481E+03  0.13325305E-23
 0.68068208E+03  0.13331552E-23
 0.68277576E+03  0.13337864E-23
 0.68487588E+03  0.13344240E-23
 0.68698246E+03  0.13350683E-23
 0.68909552E+03  0.13357191E-23
 0.69121508E+03  0.13363765E-23
 0.69334116E+03  0.13370406E-23
 0.69547378E+03  0.13377113E-23
 0.69761296E+03  0.13383887E-23
 0.69975872E+03  0.13390728E-23
 0.70191107E+03  0.13397636E-23
 0.70407005E+03  0.13404612E-23
 0.70623567E+03  0.13411656E-23
 0.70840795E+03  0.13418768E-23
 0.71058691E+03  0.13425948E-23
 0.71277258E+03  0.13433197E-23
 0.71496497E+03  0.13440515E-23
 0.71716410E+03  0.13447903E-23
 0.71936999E+03  0.13455359E-23
 0.72158267E+03  0.13462886E-23
 0.72380216E+03  0.13470482E-23
 0.72602847E+03  0.13478149E-23
 0.72826163E+03  0.13485886E-23
 0.73050166E+03  0.13493694E-23
 0.73274858E+03  0.13501573E-23
 0.73500241E+03  0.13509524E-23
 0.73726317E+03  0.13517546E-23
 0.73953089E+03  0.13525640E-23
 0.74180558E+03  0.13533806E-23
 0.74408727E+03  0.13542045E-23
 0.74637598E+03  0.13550357E-23
 0.74867172E+03  0.13558741E-23
 0.75097453E+03  0.13567199E-23
 0.75328442E+03  0.13575731E-23
 0.75560142E+03  0.13584336E-23
 0.75792554E+03  0.13593016E-23
 0.76025681E+03  0.13601770E-23
 0.76259525E+03  0.13610598E-23
 0.76494089E+03  0.13619502E-23
 0.76729374E+03  0.13628481E-23
 0.76965382E+03  0.13637536E-23
 0.77202117E+03  0.13646667E-23
 0.77439580E+03  0.13655873E-23
 0.77677773E+03  0.13665156E-23
 0.77916699E+03  0.13674516E-23
 0.78156359E+03  0.13683954E-23
 0.78396757E+03  0.13693468E-23
 0.78637895E+03  0.13703060E-23
 0.78879774E+03  0.13712730E-23
 0.79122397E+03  0.13722478E-23
 0.79365766E+03  0.13732305E-23
 0.79609884E+03  0.13742210E-23
 0.79854752E+03  0.13752195E-23
 0.80100374E+03  0.13762259E-23
 0.80346752E+03  0.13772403E-23
 0.80593887E+03  0.13782626E-23
 0.80841782E+03  0.13792930E-23
 0.81090440E+03  0.13803315E-23
 0.81339863E+03  0.13813781E-23
 0.81590052E+03  0.13824328E-23
 0.81841012E+03  0.13834956E-23
 0.82092743E+03  0.13845666E-23
 0.82345249E+03  0.13856458E-23
 0.82598531E+03  0.13867333E-23
 0.82852592E+03  0.13878291E-23
 0.83107435E+03  0.13889331E-23
 0.83363062E+03  0.13900455E-23
 0.83619475E+03  0.13911663E-23
 0.83876676E+03  0.13922954E-23
 0.84134669E+03  0.13934330E-23
 0.84393456E+03  0.13945791E-23
 0.84653038E+03  0.13957336E-23
 0.84913419E+03  0.13968967E-23
 0.85174600E+03  0.13980683E-23
 0.85436585E+03  0.13992485E-23
 0.85699376E+03  0.14004373E-23
 0.85962975E+03  0.14016348E-23
 0.86227385E+03  0.14028410E-23
 0.86492608E+03  0.14040559E-23
 0.86758647E+03  0.14052795E-23
 0.87025504E+03  0.14065119E-23
 0.87293182E+03  0.14077531E-23
 0.87561684E+03  0.14090031E-23
 0.87831011E+03  0.14102620E-23
 0.88101167E+03  0.14115299E-23
 0.88372154E+03  0.14128066E-23
 0.88643974E+03  0.14140924E-23
 0.88916630E+03  0.14153871E-23
 0.89190125E+03  0.14166909E-23
 0.89464461E+03  0.14180038E-23
 0.89739641E+03  0.14193257E-23
 0.90015667E+03  0.14206568E-23
 0.90292543E+03  0.14219971E-23
 0.90570270E+03  0.14233465E-23
 0.90848851E+03  0.14247052E-23
 0.91128289E+03  0.14260732E-23
 0.91408587E+03  0.14274504E-23
 0.91689747E+03  0.14288370E-23
 0.91971771E+03  0.14302330E-23
 0.92254664E+03  0.14316383E-23
 0.92538426E+03  0.14330532E-23
 0.92823061E+03  0.14344774E-23
 0.93108571E+03  0.14359112E-23
 0.93394960E+03  0.14373545E-23
 0.93682230E+03  0.14388074E-23
 0.93970383E+03  0.14402699E-23
 0.94259423E+03  0.14417420E-23
 0.94549351E+03  0.14432239E-23
 0.94840172E+03  0.14447154E-23
 0.95131886E+03  0.14462167E-23
 0.95424499E+03  0.14477278E-23
 0.95718011E+03  0.14492487E-23
 0.96012426E+03  0.14507794E-23
 0.96307746E+03  0.14523201E-23
 0.96603975E+03  0.14538708E-23
 0.96901115E+03  0.14554314E-23
 0.97199169E+03  0.14570022E-23
 0.97498140E+03  0.14585830E-23
 0.97798031E+03  0.14601741E-23
 0.98098844E+03  0.14617755E-23
 0.98400582E+03  0.14633874E-23
 0.98703248E+03  0.14650101E-23
 0.99006845E+03  0.14666442E-23
 0.99311376E+03  0.14682908E-23
 0.99616844E+03  0.14699526E-23
 0.99923251E+03  0.14716389E-23
 0.10023060E+04  0.14733947E-23
 0.10053890E+04  0.14758877E-23
 0.10084814E+04  0.14788044E-23
 0.10115833E+04  0.14785094E-23
 0.10146948E+04  0.14801084E-23
 0.10178159E+04  0.14818031E-23
 0.10209465E+04  0.14835262E-23
 0.10240868E+04  0.14852657E-23
 0.10272368E+04  0.14870183E-23
 0.10303964E+04  0.14887828E-23
 0.10335658E+04  0.14905587E-23
 0.10367449E+04  0.14923458E-23
 0.10399337E+04  0.14941438E-23
 0.10431324E+04  0.14959528E-23
 0.10463410E+04  0.14977728E-23
 0.10495594E+04  0.14996037E-23
 0.10527876E+04  0.15014455E-23
 0.10560259E+04  0.15032984E-23
 0.10592741E+04  0.15051622E-23
 0.10625322E+04  0.15070371E-23
 0.10658004E+04  0.15089231E-23
 0.10690787E+04  0.15108201E-23
 0.10723670E+04  0.15127283E-23
 0.10756655E+04  0.15146477E-23
 0.10789741E+04  0.15165783E-23
 0.10822928E+04  0.15185201E-23
 0.10856218E+04  0.15204732E-23
 0.10889610E+04  0.15224376E-23
 0.10923105E+04  0.15244133E-23
 0.10956703E+04  0.15264004E-23
 0.10990404E+04  0.15283990E-23
 0.11024209E+04  0.15304090E-23
 0.11058118E+04  0.15324305E-23
 0.11092131E+04  0.15344635E-23
 0.11126249E+04  0.15365081E-23
 0.11160472E+04  0.15385643E-23
 0.11194800E+04  0.15406321E-23
 0.11229234E+04  0.15427117E-23
 0.11263773E+04  0.15448029E-23
 0.11298419E+04  0.15469059E-23
 0.11333171E+04  0.15490207E-23
 0.11368030E+04  0.15511473E-23
 0.11402997E+04  0.15532858E-23
 0.11438071E+04  0.15554362E-23
 0.11473253E+04  0.15575986E-23
 0.11508543E+04  0.15597729E-23
 0.11543942E+04  0.15619593E-23
 0.11579449E+04  0.15641577E-23
 0.11615066E+04  0.15663682E-23
 0.11650792E+04  0.15685909E-23
 0.11686628E+04  0.15708257E-23
 0.11722575E+04  0.15730728E-23
 0.11758632E+04  0.15753321E-23
 0.11794800E+04  0.15776037E-23
 0.11831079E+04  0.15798876E-23
 0.11867469E+04  0.15821839E-23
 0.11903972E+04  0.15844926E-23
 0.11940587E+04  0.15868138E-23
 0.11977314E+04  0.15891474E-23
 0.12014155E+04  0.15914936E-23
 0.12051109E+04  0.15938523E-23
 0.12088176E+04  0.15962236E-23
 0.12125358E+04  0.15986076E-23
 0.12162654E+04  0.16010043E-23
 0.12200064E+04  0.16034137E-23
 0.12237590E+04  0.16058358E-23
 0.12275231E+04  0.16082708E-23
 0.12312988E+04  0.16107185E-23
 0.12350861E+04  0.16131792E-23
 0.12388850E+04  0.16156528E-23
 0.12426957E+04  0.16181393E-23
 0.12465180E+04  0.16206389E-23
 0.12503521E+04  0.16231515E-23
 0.12541981E+04  0.16256772E-23
 0.12580558E+04  0.16282159E-23
 0.12619254E+04  0.16307679E-23
 0.12658069E+04  0.16333330E-23
 0.12697003E+04  0.16359114E-23
 0.12736058E+04  0.16385031E-23
 0.12775232E+04  0.16411081E-23
 0.12814527E+04  0.16437264E-23
 0.12853942E+04  0.16463582E-23
 0.12893479E+04  0.16490034E-23
 0.12933138E+04  0.16516621E-23
 0.12972918E+04  0.16543343E-23
 0.13012821E+04  0.16570201E-23
 0.13052847E+04  0.16597194E-23
 0.13092995E+04  0.16624325E-23
 0.13133268E+04  0.16651592E-23
 0.13173664E+04  0.16678996E-23
 0.13214184E+04  0.16706538E-23
 0.13254829E+04  0.16734218E-23
 0.13295599E+04  0.16762037E-23
 0.13336494E+04  0.16789995E-23
 0.13377515E+04  0.16818092E-23
 0.13418663E+04  0.16846329E-23
 0.13459937E+04  0.16874706E-23
 0.13501337E+04  0.16903223E-23
 0.13542866E+04  0.16931882E-23
 0.13584522E+04  0.16960682E-23
 0.13626306E+04  0.16989624E-23
 0.13668218E+04  0.17018708E-23
 0.13710260E+04  0.17047935E-23
 0.13752431E+04  0.17077304E-23
 0.13794731E+04  0.17106818E-23
 0.13837162E+04  0.17136475E-23
 0.13879723E+04  0.17166277E-23
 0.13922415E+04  0.17196224E-23
 0.13965238E+04  0.17226316E-23
 0.14008193E+04  0.17256553E-23
 0.14051281E+04  0.17286937E-23
 0.14094500E+04  0.17317467E-23
 0.14137853E+04  0.17348144E-23
 0.14181339E+04  0.17378968E-23
 0.14224959E+04  0.17409940E-23
 0.14268713E+04  0.17441060E-23
 0.14312601E+04  0.17472329E-23
 0.14356625E+04  0.17503747E-23
 0.14400784E+04  0.17535315E-23
 0.14445079E+04  0.17567033E-23
 0.14489510E+04  0.17598901E-23
 0.14534077E+04  0.17630919E-23
 0.14578782E+04  0.17663090E-23
 0.14623624E+04  0.17695412E-23
 0.14668604E+04  0.17727886E-23
 0.14713723E+04  0.17760513E-23
 0.14758980E+04  0.17793293E-23
 0.14804377E+04  0.17826228E-23
 0.14849913E+04  0.17859318E-23
 0.14895589E+04  0.17892564E-23
 0.14941406E+04  0.17925970E-23
 0.14987364E+04  0.17959547E-23
 0.15033463E+04  0.17993341E-23
 0.15079703E+04  0.18028029E-23
 0.15126086E+04  0.18063581E-23
 0.15172612E+04  0.18095442E-23
 0.15219281E+04  0.18129649E-23
 0.15266093E+04  0.18164108E-23
 0.15313050E+04  0.18198744E-23
 0.15360150E+04  0.18233546E-23
 0.15407396E+04  0.18268509E-23
 0.15454787E+04  0.18303633E-23
 0.15502324E+04  0.18338919E-23
 0.15550007E+04  0.18374365E-23
 0.15597836E+04  0.18409972E-23
 0.15645813E+04  0.18445741E-23
 0.15693937E+04  0.18481672E-23
 0.15742210E+04  0.18517766E-23
 0.15790630E+04  0.18554022E-23
 0.15839200E+04  0.18590442E-23
 0.15887919E+04  0.18627025E-23
 0.15936788E+04  0.18663772E-23
 0.15985807E+04  0.18700685E-23
 0.16034978E+04  0.18737762E-23
 0.16084299E+04  0.18775005E-23
 0.16133772E+04  0.18812414E-23
 0.16183397E+04  0.18849989E-23
 0.16233175E+04  0.18887731E-23
 0.16283106E+04  0.18925641E-23
 0.16333190E+04  0.18963719E-23
 0.16383429E+04  0.19001964E-23
 0.16433822E+04  0.19040379E-23
 0.16484370E+04  0.19078963E-23
 0.16535074E+04  0.19117717E-23
 0.16585933E+04  0.19156640E-23
 0.16636949E+04  0.19195735E-23
 0.16688122E+04  0.19235001E-23
 0.16739452E+04  0.19274438E-23
 0.16790941E+04  0.19314047E-23
 0.16842587E+04  0.19353829E-23
 0.16894393E+04  0.19393784E-23
 0.16946357E+04  0.19433913E-23
 0.16998482E+04  0.19474215E-23
 0.17050767E+04  0.19514692E-23
 0.17103213E+04  0.19555344E-23
 0.17155820E+04  0.19596171E-23
 0.17208588E+04  0.19637175E-23
 0.17261520E+04  0.19678354E-23
 0.17314614E+04  0.19719711E-23
 0.17367871E+04  0.19761245E-23
 0.17421292E+04  0.19802957E-23
 0.17474877E+04  0.19844847E-23
 0.17528628E+04  0.19886916E-23
 0.17582543E+04  0.19929164E-23
 0.17636625E+04  0.19971592E-23
 0.17690872E+04  0.20014200E-23
 0.17745287E+04  0.20056989E-23
 0.17799869E+04  0.20099960E-23
 0.17854619E+04  0.20143112E-23
 0.17909537E+04  0.20186446E-23
 0.17964624E+04  0.20229964E-23
 0.18019881E+04  0.20273664E-23
 0.18075308E+04  0.20317548E-23
 0.18130905E+04  0.20361617E-23
 0.18186673E+04  0.20405870E-23
 0.18242612E+04  0.20450309E-23
 0.18298724E+04  0.20494933E-23
 0.18355008E+04  0.20539743E-23
 0.18411466E+04  0.20584741E-23
 0.18468097E+04  0.20629925E-23
 0.18524902E+04  0.20675298E-23
 0.18581882E+04  0.20720859E-23
 0.18639037E+04  0.20766608E-23
 0.18696368E+04  0.20812547E-23
 0.18753876E+04  0.20858676E-23
 0.18811560E+04  0.20904995E-23
 0.18869422E+04  0.20951505E-23
 0.18927461E+04  0.20998206E-23
 0.18985679E+04  0.21045100E-23
 0.19044077E+04  0.21092185E-23
 0.19102653E+04  0.21139464E-23
 0.19161411E+04  0.21186936E-23
 0.19220348E+04  0.21234602E-23
 0.19279467E+04  0.21282463E-23
 0.19338768E+04  0.21330518E-23
 0.19398252E+04  0.21378770E-23
 0.19457918E+04  0.21427217E-23
 0.19517768E+04  0.21475861E-23
 0.19577802E+04  0.21524702E-23
 0.19638020E+04  0.21573741E-23
 0.19698424E+04  0.21622978E-23
 0.19759013E+04  0.21672415E-23
 0.19819789E+04  0.21722050E-23
 0.19880752E+04  0.21771887E-23
 0.19941903E+04  0.21821924E-23
 0.20003241E+04  0.21872168E-23
 0.20064768E+04  0.21922635E-23
 0.20126484E+04  0.21974161E-23
 0.20188391E+04  0.22024207E-23
 0.20250487E+04  0.22075141E-23
 0.20312775E+04  0.22126376E-23
 0.20375254E+04  0.22177824E-23
 0.20437926E+04  0.22229480E-23
 0.20500790E+04  0.22281342E-23
 0.20563847E+04  0.22333410E-23
 0.20627099E+04  0.22385684E-23
 0.20690545E+04  0.22438166E-23
 0.20754186E+04  0.22490855E-23
 0.20818023E+04  0.22543753E-23
 0.20882056E+04  0.22596859E-23
 0.20946286E+04  0.22650174E-23
 0.21010714E+04  0.22703699E-23
 0.21075340E+04  0.22757434E-23
 0.21140165E+04  0.22811380E-23
 0.21205189E+04  0.22865538E-23
 0.21270413E+04  0.22919907E-23
 0.21335838E+04  0.22974489E-23
 0.21401464E+04  0.23029284E-23
 0.21467292E+04  0.23084293E-23
 0.21533322E+04  0.23139517E-23
 0.21599556E+04  0.23194955E-23
 0.21665993E+04  0.23250608E-23
 0.21732634E+04  0.23306478E-23
 0.21799481E+04  0.23362564E-23
 0.21866533E+04  0.23418867E-23
 0.21933791E+04  0.23475388E-23
 0.22001256E+04  0.23532127E-23
 0.22068929E+04  0.23589086E-23
 0.22136810E+04  0.23646263E-23
 0.22204900E+04  0.23703661E-23
 0.22273199E+04  0.23761280E-23
 0.22341708E+04  0.23819120E-23
 0.22410428E+04  0.23877182E-23
 0.22479359E+04  0.23935466E-23
 0.22548503E+04  0.23993973E-23
 0.22617859E+04  0.24052705E-23
 0.22687428E+04  0.24111660E-23
 0.22757211E+04  0.24170840E-23
 0.22827209E+04  0.24230246E-23
 0.22897422E+04  0.24289878E-23
 0.22967852E+04  0.24349736E-23
 0.23038497E+04  0.24409822E-23
 0.23109361E+04  0.24470136E-23
 0.23180442E+04  0.24530678E-23
 0.23251741E+04  0.24591450E-23
 0.23323261E+04  0.24652451E-23
 0.23395000E+04  0.24713683E-23
 0.23466959E+04  0.24775146E-23
 0.23539140E+04  0.24836840E-23
 0.23611543E+04  0.24898767E-23
 0.23684169E+04  0.24960926E-23
 0.23757018E+04  0.25023319E-23
 0.23830091E+04  0.25085946E-23
 0.23903389E+04  0.25148808E-23
 0.23976913E+04  0.25211906E-23
 0.24050662E+04  0.25275239E-23
 0.24124639E+04  0.25338809E-23
 0.24198843E+04  0.25402617E-23
 0.24273275E+04  0.25466662E-23
 0.24347936E+04  0.25530946E-23
 0.24422827E+04  0.25595470E-23
 0.24497948E+04  0.25660233E-23
 0.24573300E+04  0.25725237E-23
 0.24648884E+04  0.25790482E-23
 0.24724701E+04  0.25855968E-23
 0.24800750E+04  0.25921698E-23
 0.24877034E+04  0.25987671E-23
 0.24953552E+04  0.26053888E-23
 0.25030306E+04  0.26120352E-23
 0.25107295E+04  0.26187076E-23
 0.25184522E+04  0.26256813E-23
 0.25261986E+04  0.26321218E-23
 0.25339688E+04  0.26388652E-23
 0.25417630E+04  0.26456343E-23
 0.25495811E+04  0.26524283E-23
 0.25574232E+04  0.26592474E-23
 0.25652895E+04  0.26660914E-23
 0.25731799E+04  0.26729605E-23
 0.25810947E+04  0.26798547E-23
 0.25890338E+04  0.26867741E-23
 0.25969973E+04  0.26937188E-23
 0.26049852E+04  0.27006888E-23
 0.26129978E+04  0.27076841E-23
 0.26210350E+04  0.27147050E-23
 0.26290970E+04  0.27217513E-23
 0.26371837E+04  0.27288233E-23
 0.26452953E+04  0.27359210E-23
 0.26534318E+04  0.27430443E-23
 0.26615934E+04  0.27501935E-23
 0.26697801E+04  0.27573686E-23
 0.26779920E+04  0.27645696E-23
 0.26862291E+04  0.27717967E-23
 0.26944915E+04  0.27790498E-23
 0.27027794E+04  0.27863291E-23
 0.27110928E+04  0.27936346E-23
 0.27194317E+04  0.28009665E-23
 0.27277963E+04  0.28083247E-23
 0.27361866E+04  0.28157093E-23
 0.27446027E+04  0.28231205E-23
 0.27530448E+04  0.28305583E-23
 0.27615127E+04  0.28380228E-23
 0.27700067E+04  0.28455139E-23
 0.27785269E+04  0.28530320E-23
 0.27870732E+04  0.28605768E-23
 0.27956459E+04  0.28681487E-23
 0.28042449E+04  0.28757476E-23
 0.28128704E+04  0.28833736E-23
 0.28215223E+04  0.28910267E-23
 0.28302010E+04  0.28987072E-23
 0.28389062E+04  0.29064149E-23
 0.28476383E+04  0.29141501E-23
 0.28563972E+04  0.29219127E-23
 0.28651831E+04  0.29297029E-23
 0.28739960E+04  0.29375208E-23
 0.28828360E+04  0.29453663E-23
 0.28917032E+04  0.29532396E-23
 0.29005977E+04  0.29611408E-23
 0.29095195E+04  0.29690700E-23
 0.29184688E+04  0.29770271E-23
 0.29274456E+04  0.29850123E-23
 0.29364500E+04  0.29930257E-23
 0.29454821E+04  0.30010674E-23
 0.29545420E+04  0.30091374E-23
 0.29636297E+04  0.30172357E-23
 0.29727454E+04  0.30253626E-23
 0.29818892E+04  0.30335180E-23
 0.29910610E+04  0.30417021E-23
 0.30002611E+04  0.30499149E-23
 0.30094895E+04  0.30581568E-23
 0.30187463E+04  0.30664364E-23
 0.30280315E+04  0.30747274E-23
 0.30373453E+04  0.30830548E-23
 0.30466877E+04  0.30914122E-23
 0.30560589E+04  0.30997989E-23
 0.30654589E+04  0.31082149E-23
 0.30748878E+04  0.31166603E-23
 0.30843457E+04  0.31251351E-23
 0.30938327E+04  0.31336394E-23
 0.31033489E+04  0.31421734E-23
 0.31128944E+04  0.31507370E-23
 0.31224692E+04  0.31593304E-23
 0.31320735E+04  0.31679536E-23
 0.31417073E+04  0.31766068E-23
 0.31513708E+04  0.31852899E-23
 0.31610639E+04  0.31940032E-23
 0.31707869E+04  0.32027467E-23
 0.31805398E+04  0.32115204E-23
 0.31903227E+04  0.32203245E-23
 0.32001357E+04  0.32291590E-23
 0.32099788E+04  0.32380240E-23
 0.32198523E+04  0.32469197E-23
 0.32297561E+04  0.32558460E-23
 0.32396903E+04  0.32648031E-23
 0.32496552E+04  0.32737911E-23
 0.32596506E+04  0.32828100E-23
 0.32696769E+04  0.32918599E-23
 0.32797339E+04  0.33009410E-23
 0.32898219E+04  0.33100533E-23
 0.32999410E+04  0.33191969E-23
 0.33100911E+04  0.33283718E-23
 0.33202725E+04  0.33375782E-23
 0.33304852E+04  0.33468162E-23
 0.33407293E+04  0.33560858E-23
 0.33510049E+04  0.33653872E-23
 0.33613121E+04  0.33747204E-23
 0.33716510E+04  0.33840855E-23
 0.33820217E+04  0.33934825E-23
 0.33924243E+04  0.34029117E-23
 0.34028590E+04  0.34123731E-23
 0.34133257E+04  0.34218667E-23
 0.34238246E+04  0.34313927E-23
 0.34343558E+04  0.34409512E-23
 0.34449194E+04  0.34505422E-23
 0.34555154E+04  0.34601658E-23
 0.34661441E+04  0.34698222E-23
 0.34768055E+04  0.34795114E-23
 0.34874996E+04  0.34892335E-23
 0.34982267E+04  0.34989886E-23
 0.35089867E+04  0.35087769E-23
 0.35197799E+04  0.35185996E-23
 0.35306062E+04  0.35284536E-23
 0.35414659E+04  0.35383410E-23
 0.35523589E+04  0.35482624E-23
 0.35632855E+04  0.35582175E-23
 0.35742456E+04  0.35682063E-23
 0.35852395E+04  0.35782288E-23
 0.35962672E+04  0.35882851E-23
 0.36073288E+04  0.35983754E-23
 0.36184244E+04  0.36084998E-23
 0.36295542E+04  0.36186583E-23
 0.36407182E+04  0.36288510E-23
 0.36519165E+04  0.36390780E-23
 0.36631493E+04  0.36493395E-23
 0.36744166E+04  0.36596355E-23
 0.36857186E+04  0.36699662E-23
 0.36970553E+04  0.36803315E-23
 0.37084270E+04  0.36907317E-23
 0.37198336E+04  0.37011668E-23
 0.37312752E+04  0.37116370E-23
 0.37427521E+04  0.37221422E-23
 0.37542643E+04  0.37326827E-23
 0.37658119E+04  0.37432585E-23
 0.37773950E+04  0.37538697E-23
 0.37890137E+04  0.37645164E-23
 0.38006682E+04  0.37751987E-23
 0.38123585E+04  0.37859168E-23
 0.38240848E+04  0.37966707E-23
 0.38358471E+04  0.38074605E-23
 0.38476456E+04  0.38182864E-23
 0.38594804E+04  0.38291484E-23
 0.38713516E+04  0.38400466E-23
 0.38832594E+04  0.38509811E-23
 0.38952037E+04  0.38619521E-23
 0.39071848E+04  0.38729597E-23
 0.39192028E+04  0.38840039E-23
 0.39312577E+04  0.38950848E-23
 0.39433497E+04  0.39062026E-23
 0.39554788E+04  0.39173574E-23
 0.39676453E+04  0.39285492E-23
 0.39798493E+04  0.39397782E-23
 0.39920907E+04  0.39510445E-23
 0.40043698E+04  0.39623482E-23
 0.40166867E+04  0.39736895E-23
 0.40290414E+04  0.39850763E-23
 0.40414342E+04  0.39964847E-23
 0.40538651E+04  0.40079390E-23
 0.40663342E+04  0.40194312E-23
 0.40788417E+04  0.40309615E-23
 0.40913876E+04  0.40425299E-23
 0.41039721E+04  0.40541366E-23
 0.41165954E+04  0.40657816E-23
 0.41292574E+04  0.40774652E-23
 0.41419584E+04  0.40891873E-23
 0.41546985E+04  0.41009481E-23
 0.41674778E+04  0.41127477E-23
 0.41802963E+04  0.41245862E-23
 0.41931543E+04  0.41364638E-23
 0.42060519E+04  0.41483805E-23
 0.42189891E+04  0.41603365E-23
 0.42319661E+04  0.41723318E-23
 0.42449830E+04  0.41843666E-23
 0.42580400E+04  0.41964410E-23
 0.42711371E+04  0.42085551E-23
 0.42842745E+04  0.42207091E-23
 0.42974524E+04  0.42329030E-23
 0.43106707E+04  0.42451369E-23
 0.43239297E+04  0.42574110E-23
 0.43372295E+04  0.42697254E-23
 0.43505702E+04  0.42820802E-23
 0.43639519E+04  0.42944756E-23
 0.43773748E+04  0.43069115E-23
 0.43908390E+04  0.43193883E-23
 0.44043446E+04  0.43319059E-23
 0.44178918E+04  0.43444644E-23
 0.44314806E+04  0.43570641E-23
 0.44451112E+04  0.43697051E-23
 0.44587837E+04  0.43823873E-23
 0.44724983E+04  0.43951111E-23
 0.44862551E+04  0.44078764E-23
 0.45000541E+04  0.44206834E-23
 0.45138957E+04  0.44335323E-23
 0.45277798E+04  0.44464245E-23
 0.45417066E+04  0.44593561E-23
 0.45556762E+04  0.44723311E-23
 0.45696888E+04  0.44853485E-23
 0.45837446E+04  0.44984083E-23
 0.45978435E+04  0.45115107E-23
 0.46119858E+04  0.45246558E-23
 0.46261716E+04  0.45378437E-23
 0.46404011E+04  0.45510745E-23
 0.46546743E+04  0.45643484E-23
 0.46689914E+04  0.45776655E-23
 0.46833526E+04  0.45910259E-23
 0.46977579E+04  0.46044298E-23
 0.47122075E+04  0.46178772E-23
 0.47267016E+04  0.46313683E-23
 0.47412403E+04  0.46449032E-23
 0.47558236E+04  0.46584820E-23
 0.47704519E+04  0.46721049E-23
 0.47851251E+04  0.46857721E-23
 0.47998435E+04  0.46994835E-23
 0.48146071E+04  0.47132395E-23
 0.48294162E+04  0.47270400E-23
 0.48442708E+04  0.47408852E-23
 0.48591711E+04  0.47547753E-23
 0.48741172E+04  0.47687104E-23
 0.48891093E+04  0.47826906E-23
 0.49041475E+04  0.47967160E-23
 0.49192319E+04  0.48107868E-23
 0.49343628E+04  0.48249031E-23
 0.49495402E+04  0.48390651E-23
 0.49647643E+04  0.48532728E-23
 0.49800352E+04  0.48675265E-23
 0.49953531E+04  0.48818262E-23
 0.50107181E+04  0.48961721E-23
 0.50261303E+04  0.49105644E-23
 0.50415900E+04  0.49250030E-23
 0.50570972E+04  0.49394882E-23
 0.50726521E+04  0.49540201E-23
 0.50882549E+04  0.49685990E-23
 0.51039056E+04  0.49832248E-23
 0.51196045E+04  0.49978978E-23
 0.51353517E+04  0.50126180E-23
 0.51511473E+04  0.50273857E-23
 0.51669915E+04  0.50422009E-23
 0.51828844E+04  0.50570638E-23
 0.51988262E+04  0.50719745E-23
 0.52148171E+04  0.50869332E-23
 0.52308571E+04  0.51019401E-23
 0.52469465E+04  0.51169951E-23
 0.52630854E+04  0.51320986E-23
 0.52792739E+04  0.51472506E-23
 0.52955122E+04  0.51624514E-23
 0.53118004E+04  0.51777009E-23
 0.53281387E+04  0.51929994E-23
 0.53445273E+04  0.52083470E-23
 0.53609663E+04  0.52237439E-23
 0.53774559E+04  0.52391902E-23
 0.53939962E+04  0.52546860E-23
 0.54105874E+04  0.52702316E-23
 0.54272296E+04  0.52858269E-23
 0.54439230E+04  0.53014723E-23
 0.54606677E+04  0.53171678E-23
 0.54774639E+04  0.53329136E-23
 0.54943118E+04  0.53487098E-23
 0.55112116E+04  0.53645567E-23
 0.55281633E+04  0.53804543E-23
 0.55451671E+04  0.53964027E-23
 0.55622233E+04  0.54124021E-23
 0.55793319E+04  0.54284527E-23
 0.55964931E+04  0.54445547E-23
 0.56137071E+04  0.54607082E-23
 0.56309741E+04  0.54769133E-23
 0.56482942E+04  0.54931702E-23
 0.56656675E+04  0.55094790E-23
 0.56830943E+04  0.55258399E-23
 0.57005747E+04  0.55422531E-23
 0.57181088E+04  0.55587187E-23
 0.57356969E+04  0.55752369E-23
 0.57533391E+04  0.55918078E-23
 0.57710356E+04  0.56084315E-23
 0.57887865E+04  0.56251083E-23
 0.58065919E+04  0.56418383E-23
 0.58244522E+04  0.56586216E-23
 0.58423674E+04  0.56754584E-23
 0.58603377E+04  0.56923489E-23
 0.58783632E+04  0.57092932E-23
 0.58964443E+04  0.57262915E-23
 0.59145809E+04  0.57433439E-23
 0.59327733E+04  0.57604507E-23
 0.59510217E+04  0.57776119E-23
 0.59693262E+04  0.57948277E-23
 0.59876870E+04  0.58120983E-23
 0.60061042E+04  0.58294239E-23
 0.60245781E+04  0.58468046E-23
 0.60431089E+04  0.58642407E-23
 0.60616966E+04  0.58817319E-23
 0.60803416E+04  0.58992789E-23
 0.60990438E+04  0.59168817E-23
 0.61178036E+04  0.59345404E-23
 0.61366211E+04  0.59522552E-23
 0.61554965E+04  0.59700263E-23
 0.61744299E+04  0.59878538E-23
 0.61934216E+04  0.60057379E-23
 0.62124717E+04  0.60236788E-23
 0.62315804E+04  0.60416767E-23
 0.62507478E+04  0.60597317E-23
 0.62699742E+04  0.60778439E-23
 0.62892598E+04  0.60960136E-23
 0.63086046E+04  0.61142409E-23
 0.63280090E+04  0.61325261E-23
 0.63474731E+04  0.61508692E-23
 0.63669970E+04  0.61692704E-23
 0.63865810E+04  0.61877300E-23
 0.64062252E+04  0.62062480E-23
 0.64259298E+04  0.62248247E-23
 0.64456951E+04  0.62434603E-23
 0.64655211E+04  0.62621548E-23
 0.64854081E+04  0.62809086E-23
 0.65053563E+04  0.62997217E-23
 0.65253659E+04  0.63185944E-23
 0.65454370E+04  0.63375269E-23
 0.65655698E+04  0.63565191E-23
 0.65857646E+04  0.63755714E-23
 0.66060215E+04  0.63946841E-23
 0.66263406E+04  0.64138572E-23
 0.66467223E+04  0.64330909E-23
 0.66671667E+04  0.64523854E-23
 0.66876740E+04  0.64717408E-23
 0.67082443E+04  0.64911575E-23
 0.67288779E+04  0.65106355E-23
 0.67495750E+04  0.65301750E-23
 0.67703357E+04  0.65497763E-23
 0.67911603E+04  0.65694394E-23
 0.68120489E+04  0.65891646E-23
 0.68330018E+04  0.66089522E-23
 0.68540192E+04  0.66288021E-23
 0.68751012E+04  0.66487147E-23
 0.68962480E+04  0.66686902E-23
 0.69174599E+04  0.66887287E-23
 0.69387370E+04  0.67088303E-23
 0.69600796E+04  0.67289954E-23
 0.69814878E+04  0.67492241E-23
 0.70029619E+04  0.67695165E-23
 0.70245020E+04  0.67898730E-23
 0.70461083E+04  0.68102938E-23
 0.70677812E+04  0.68307785E-23
 0.70895207E+04  0.68513280E-23
 0.71113270E+04  0.68719422E-23
 0.71332004E+04  0.68926214E-23
 0.71551412E+04  0.69133657E-23
 0.71771494E+04  0.69341753E-23
 0.71992252E+04  0.69550505E-23
 0.72213690E+04  0.69759914E-23
 0.72435809E+04  0.69969982E-23
 0.72658612E+04  0.70180711E-23
 0.72882099E+04  0.70392103E-23
 0.73106274E+04  0.70604161E-23
 0.73331139E+04  0.70816885E-23
 0.73556695E+04  0.71030279E-23
 0.73782945E+04  0.71244344E-23
 0.74009891E+04  0.71459082E-23
 0.74237535E+04  0.71674495E-23
 0.74465879E+04  0.71890585E-23
 0.74694925E+04  0.72107355E-23
 0.74924676E+04  0.72324806E-23
 0.75155134E+04  0.72542940E-23
 0.75386300E+04  0.72761760E-23
 0.75618178E+04  0.72981267E-23
 0.75850769E+04  0.73201463E-23
 0.76084075E+04  0.73422352E-23
 0.76318099E+04  0.73643934E-23
 0.76552842E+04  0.73866211E-23
 0.76788308E+04  0.74089187E-23
 0.77024498E+04  0.74312863E-23
 0.77261414E+04  0.74537240E-23
 0.77499060E+04  0.74762322E-23
 0.77737436E+04  0.74988110E-23
 0.77976545E+04  0.75214607E-23
 0.78216390E+04  0.75441814E-23
 0.78456972E+04  0.75669734E-23
 0.78698295E+04  0.75898369E-23
 0.78940359E+04  0.76127721E-23
 0.79183169E+04  0.76357792E-23
 0.79426725E+04  0.76588584E-23
 0.79671030E+04  0.76820100E-23
 0.79916087E+04  0.77052342E-23
 0.80161898E+04  0.77285311E-23
 0.80408464E+04  0.77519011E-23
 0.80655789E+04  0.77753443E-23
 0.80903875E+04  0.77988609E-23
 0.81152724E+04  0.78224512E-23
 0.81402338E+04  0.78461154E-23
 0.81652720E+04  0.78698537E-23
 0.81903872E+04  0.78936664E-23
 0.82155797E+04  0.79175536E-23
 0.82408496E+04  0.79415156E-23
 0.82661973E+04  0.79655527E-23
 0.82916230E+04  0.79896649E-23
 0.83171268E+04  0.80138527E-23
 0.83427091E+04  0.80381161E-23
 0.83683701E+04  0.80624555E-23
 0.83941100E+04  0.80868710E-23
 0.84199291E+04  0.81113629E-23
 0.84458276E+04  0.81359315E-23
 0.84718058E+04  0.81605768E-23
 0.84978639E+04  0.81852993E-23
 0.85240021E+04  0.82100991E-23
 0.85502207E+04  0.82349767E-23
 0.85765200E+04  0.82599315E-23
 0.86029001E+04  0.82849646E-23
 0.86293614E+04  0.83100760E-23
 0.86559041E+04  0.83352659E-23
 0.86825285E+04  0.83605345E-23
 0.87092347E+04  0.83858820E-23
 0.87360231E+04  0.84113088E-23
 0.87628938E+04  0.84368150E-23
 0.87898472E+04  0.84624009E-23
 0.88168836E+04  0.84880667E-23
 0.88440030E+04  0.85138127E-23
 0.88712059E+04  0.85396391E-23
 0.88984925E+04  0.85655461E-23
 0.89258630E+04  0.85915340E-23
 0.89533177E+04  0.86176031E-23
 0.89808568E+04  0.86437536E-23
 0.90084807E+04  0.86699857E-23
 0.90361895E+04  0.86962997E-23
 0.90639835E+04  0.87226958E-23
 0.90918630E+04  0.87491743E-23
 0.91198283E+04  0.87757354E-23
 0.91478796E+04  0.88023794E-23
 0.91760172E+04  0.88291066E-23
 0.92042413E+04  0.88559171E-23
 0.92325522E+04  0.88828112E-23
 0.92609503E+04  0.89097893E-23
 0.92894356E+04  0.89368515E-23
 0.93180086E+04  0.89639980E-23
 0.93466695E+04  0.89912293E-23
 0.93754185E+04  0.90185454E-23
 0.94042560E+04  0.90459467E-23
 0.94331821E+04  0.90734334E-23
 0.94621973E+04  0.91010059E-23
 0.94913016E+04  0.91286642E-23
 0.95204955E+04  0.91564088E-23
 0.95497792E+04  0.91842401E-23
 0.95791530E+04  0.92121576E-23
 0.96086171E+04  0.92401623E-23
 0.96381718E+04  0.92682543E-23
 0.96678175E+04  0.92964339E-23
 0.96975543E+04  0.93247012E-23
 0.97273826E+04  0.93530566E-23
 0.97573027E+04  0.93815003E-23
 0.97873147E+04  0.94100325E-23
 0.98174191E+04  0.94386687E-23
 0.98476161E+04  0.94673991E-23
 0.98779060E+04  0.94962189E-23
 0.99082890E+04  0.95251283E-23
 0.99387655E+04  0.95541276E-23
 0.99693357E+04  0.95832170E-23
 0.10000000E+05  0.96123968E-23
