   1.0000000e+01   1.1060279e-21
   1.0023060e+01   1.0957140e-21
   1.0046173e+01   1.0855012e-21
   1.0069340e+01   1.0753882e-21
   1.0092560e+01   1.0653741e-21
   1.0115833e+01   1.0554576e-21
   1.0139161e+01   1.0456378e-21
   1.0162542e+01   1.0359135e-21
   1.0185976e+01   1.0262838e-21
   1.0209465e+01   1.0167476e-21
   1.0233008e+01   1.0073039e-21
   1.0256606e+01   9.9795169e-22
   1.0280258e+01   9.8869004e-22
   1.0303964e+01   9.7951796e-22
   1.0327725e+01   9.7043449e-22
   1.0351541e+01   9.6143871e-22
   1.0375412e+01   9.5252968e-22
   1.0399337e+01   9.4370650e-22
   1.0423318e+01   9.3496826e-22
   1.0447355e+01   9.2631408e-22
   1.0471446e+01   9.1774309e-22
   1.0495594e+01   9.0925441e-22
   1.0519796e+01   9.0084721e-22
   1.0544055e+01   8.9252063e-22
   1.0568370e+01   8.8427385e-22
   1.0592741e+01   8.7610604e-22
   1.0617168e+01   8.6801641e-22
   1.0641651e+01   8.6000414e-22
   1.0666191e+01   8.5206846e-22
   1.0690787e+01   8.4420858e-22
   1.0715440e+01   8.3642374e-22
   1.0740150e+01   8.2871317e-22
   1.0764917e+01   8.2107613e-22
   1.0789741e+01   8.1351187e-22
   1.0814622e+01   8.0601966e-22
   1.0839560e+01   7.9859879e-22
   1.0864557e+01   7.9124852e-22
   1.0889610e+01   7.8396817e-22
   1.0914722e+01   7.7675702e-22
   1.0939891e+01   7.6961440e-22
   1.0965119e+01   7.6253962e-22
   1.0990404e+01   7.5553201e-22
   1.1015748e+01   7.4859089e-22
   1.1041151e+01   7.4171562e-22
   1.1066612e+01   7.3490555e-22
   1.1092131e+01   7.2816003e-22
   1.1117710e+01   7.2147842e-22
   1.1143347e+01   7.1486010e-22
   1.1169044e+01   7.0830444e-22
   1.1194800e+01   7.0181084e-22
   1.1220615e+01   6.9537869e-22
   1.1246490e+01   6.8900738e-22
   1.1272425e+01   6.8269632e-22
   1.1298419e+01   6.7644493e-22
   1.1324473e+01   6.7025262e-22
   1.1350587e+01   6.6411883e-22
   1.1376762e+01   6.5804298e-22
   1.1402997e+01   6.5202451e-22
   1.1429292e+01   6.4606287e-22
   1.1455648e+01   6.4015751e-22
   1.1482065e+01   6.3430788e-22
   1.1508543e+01   6.2851346e-22
   1.1535082e+01   6.2277370e-22
   1.1561682e+01   6.1708808e-22
   1.1588343e+01   6.1145609e-22
   1.1615066e+01   6.0587721e-22
   1.1641850e+01   6.0035092e-22
   1.1668696e+01   5.9487674e-22
   1.1695605e+01   5.8945416e-22
   1.1722575e+01   5.8408269e-22
   1.1749607e+01   5.7876184e-22
   1.1776702e+01   5.7349113e-22
   1.1803859e+01   5.6827008e-22
   1.1831079e+01   5.6309823e-22
   1.1858361e+01   5.5797511e-22
   1.1885707e+01   5.5290026e-22
   1.1913115e+01   5.4787322e-22
   1.1940587e+01   5.4289354e-22
   1.1968122e+01   5.3796078e-22
   1.1995721e+01   5.3307449e-22
   1.2023383e+01   5.2823424e-22
   1.2051109e+01   5.2343959e-22
   1.2078899e+01   5.1869013e-22
   1.2106753e+01   5.1398542e-22
   1.2134671e+01   5.0932505e-22
   1.2162654e+01   5.0470860e-22
   1.2190701e+01   5.0013568e-22
   1.2218813e+01   4.9560586e-22
   1.2246989e+01   4.9111877e-22
   1.2275231e+01   4.8667399e-22
   1.2303538e+01   4.8227114e-22
   1.2331910e+01   4.7790983e-22
   1.2360347e+01   4.7358968e-22
   1.2388850e+01   4.6931031e-22
   1.2417419e+01   4.6507135e-22
   1.2446054e+01   4.6087243e-22
   1.2474755e+01   4.5671319e-22
   1.2503521e+01   4.5259325e-22
   1.2532355e+01   4.4851227e-22
   1.2561254e+01   4.4446990e-22
   1.2590221e+01   4.4046578e-22
   1.2619254e+01   4.3649957e-22
   1.2648354e+01   4.3257093e-22
   1.2677521e+01   4.2867953e-22
   1.2706756e+01   4.2482503e-22
   1.2736058e+01   4.2100710e-22
   1.2765427e+01   4.1722542e-22
   1.2794864e+01   4.1347967e-22
   1.2824369e+01   4.0976954e-22
   1.2853942e+01   4.0609471e-22
   1.2883584e+01   4.0245487e-22
   1.2913293e+01   3.9884972e-22
   1.2943071e+01   3.9527897e-22
   1.2972918e+01   3.9174231e-22
   1.3002834e+01   3.8823945e-22
   1.3032818e+01   3.8477011e-22
   1.3062872e+01   3.8133400e-22
   1.3092995e+01   3.7793085e-22
   1.3123188e+01   3.7456037e-22
   1.3153450e+01   3.7122231e-22
   1.3183782e+01   3.6791639e-22
   1.3214184e+01   3.6464234e-22
   1.3244656e+01   3.6139992e-22
   1.3275198e+01   3.5818887e-22
   1.3305811e+01   3.5500894e-22
   1.3336494e+01   3.5185989e-22
   1.3367248e+01   3.4874147e-22
   1.3398073e+01   3.4565346e-22
   1.3428969e+01   3.4259562e-22
   1.3459937e+01   3.3956772e-22
   1.3490975e+01   3.3656955e-22
   1.3522086e+01   3.3360090e-22
   1.3553268e+01   3.3066154e-22
   1.3584522e+01   3.2775129e-22
   1.3615848e+01   3.2486993e-22
   1.3647246e+01   3.2201728e-22
   1.3678716e+01   3.1919315e-22
   1.3710260e+01   3.1639736e-22
   1.3741876e+01   3.1362973e-22
   1.3773565e+01   3.1089010e-22
   1.3805326e+01   3.0817831e-22
   1.3837162e+01   3.0549420e-22
   1.3869070e+01   3.0283762e-22
   1.3901052e+01   3.0020844e-22
   1.3933108e+01   2.9760653e-22
   1.3965238e+01   2.9503176e-22
   1.3997442e+01   2.9248402e-22
   1.4029720e+01   2.8996321e-22
   1.4062073e+01   2.8746924e-22
   1.4094500e+01   2.8500202e-22
   1.4127002e+01   2.8256148e-22
   1.4159579e+01   2.8014757e-22
   1.4192231e+01   2.7776022e-22
   1.4224959e+01   2.7539942e-22
   1.4257762e+01   2.7306515e-22
   1.4290640e+01   2.7075739e-22
   1.4323594e+01   2.6847616e-22
   1.4356625e+01   2.6622150e-22
   1.4389731e+01   2.6399345e-22
   1.4422914e+01   2.6179208e-22
   1.4456173e+01   2.5961748e-22
   1.4489510e+01   2.5746977e-22
   1.4522922e+01   2.5534909e-22
   1.4556412e+01   2.5325561e-22
   1.4589980e+01   2.5118954e-22
   1.4623624e+01   2.4915109e-22
   1.4657346e+01   2.4714055e-22
   1.4691146e+01   2.4515821e-22
   1.4725024e+01   2.4320443e-22
   1.4758980e+01   2.4127962e-22
   1.4793015e+01   2.3938421e-22
   1.4827127e+01   2.3751872e-22
   1.4861319e+01   2.3568371e-22
   1.4895589e+01   2.3387983e-22
   1.4929939e+01   2.3210779e-22
   1.4964367e+01   2.3036840e-22
   1.4998875e+01   2.2866255e-22
   1.5033463e+01   2.2699124e-22
   1.5068130e+01   2.2535559e-22
   1.5102877e+01   2.2375686e-22
   1.5137704e+01   2.2219644e-22
   1.5172612e+01   2.2067591e-22
   1.5207600e+01   2.1919702e-22
   1.5242669e+01   2.1776172e-22
   1.5277819e+01   2.1637224e-22
   1.5313050e+01   2.1503105e-22
   1.5348362e+01   2.1374093e-22
   1.5383755e+01   2.1250503e-22
   1.5419230e+01   2.1132690e-22
   1.5454787e+01   2.1021055e-22
   1.5490426e+01   2.0916053e-22
   1.5526147e+01   2.0818202e-22
   1.5561950e+01   2.0728092e-22
   1.5597836e+01   2.0646396e-22
   1.5633805e+01   2.0573885e-22
   1.5669857e+01   2.0511448e-22
   1.5705991e+01   2.0460107e-22
   1.5742210e+01   2.0421047e-22
   1.5778511e+01   2.0395644e-22
   1.5814897e+01   2.0385505e-22
   1.5851366e+01   2.0392512e-22
   1.5887919e+01   2.0418880e-22
   1.5924557e+01   2.0467231e-22
   1.5961279e+01   2.0540687e-22
   1.5998086e+01   2.0642980e-22
   1.6034978e+01   2.0778608e-22
   1.6071954e+01   2.0953027e-22
   1.6109016e+01   2.1172900e-22
   1.6146164e+01   2.1446442e-22
   1.6183397e+01   2.1783862e-22
   1.6220716e+01   2.2197990e-22
   1.6258121e+01   2.2705124e-22
   1.6295613e+01   2.3326242e-22
   1.6333190e+01   2.4088744e-22
   1.6370855e+01   2.5029035e-22
   1.6408606e+01   2.6196448e-22
   1.6446445e+01   2.7659415e-22
   1.6484370e+01   2.9515561e-22
   1.6522383e+01   3.1908948e-22
   1.6560484e+01   3.5061264e-22
   1.6598673e+01   3.9332134e-22
   1.6636949e+01   4.5346211e-22
   1.6675314e+01   5.4292978e-22
   1.6713768e+01   6.8753210e-22
   1.6752310e+01   9.5578516e-22
   1.6790941e+01   1.6097496e-21
   1.6829661e+01   5.4259946e-21
   1.6868470e+01   3.8270820e-21
   1.6907369e+01   1.4132839e-21
   1.6946357e+01   8.6873800e-22
   1.6985436e+01   6.3005899e-22
   1.7024604e+01   4.9705716e-22
   1.7063863e+01   4.1287444e-22
   1.7103213e+01   3.5518127e-22
   1.7142653e+01   3.1342170e-22
   1.7182184e+01   2.8195884e-22
   1.7221806e+01   2.5751030e-22
   1.7261520e+01   2.3803688e-22
   1.7301325e+01   2.2220654e-22
   1.7341222e+01   2.0911368e-22
   1.7381211e+01   1.9812229e-22
   1.7421292e+01   1.8877347e-22
   1.7461466e+01   1.8072857e-22
   1.7501732e+01   1.7373278e-22
   1.7542091e+01   1.6759113e-22
   1.7582543e+01   1.6215229e-22
   1.7623089e+01   1.5729725e-22
   1.7663728e+01   1.5293136e-22
   1.7704460e+01   1.4897856e-22
   1.7745287e+01   1.4537716e-22
   1.7786208e+01   1.4207671e-22
   1.7827223e+01   1.3903560e-22
   1.7868333e+01   1.3621932e-22
   1.7909537e+01   1.3359901e-22
   1.7950837e+01   1.3115041e-22
   1.7992231e+01   1.2885303e-22
   1.8033722e+01   1.2668940e-22
   1.8075308e+01   1.2464466e-22
   1.8116989e+01   1.2270599e-22
   1.8158767e+01   1.2086239e-22
   1.8200642e+01   1.1910430e-22
   1.8242612e+01   1.1742342e-22
   1.8284680e+01   1.1581251e-22
   1.8326845e+01   1.1426523e-22
   1.8369106e+01   1.1277601e-22
   1.8411466e+01   1.1133992e-22
   1.8453923e+01   1.0995262e-22
   1.8496478e+01   1.0861026e-22
   1.8539131e+01   1.0730939e-22
   1.8581882e+01   1.0604696e-22
   1.8624732e+01   1.0482023e-22
   1.8667681e+01   1.0362673e-22
   1.8710728e+01   1.0246425e-22
   1.8753876e+01   1.0133080e-22
   1.8797122e+01   1.0022458e-22
   1.8840468e+01   9.9143958e-23
   1.8883915e+01   9.8087444e-23
   1.8927461e+01   9.7053694e-23
   1.8971108e+01   9.6041479e-23
   1.9014856e+01   9.5049675e-23
   1.9058704e+01   9.4077254e-23
   1.9102653e+01   9.3123274e-23
   1.9146704e+01   9.2186866e-23
   1.9190857e+01   9.1267235e-23
   1.9235111e+01   9.0363642e-23
   1.9279467e+01   8.9475409e-23
   1.9323926e+01   8.8601906e-23
   1.9368487e+01   8.7742550e-23
   1.9413151e+01   8.6896798e-23
   1.9457918e+01   8.6064145e-23
   1.9502788e+01   8.5244124e-23
   1.9547762e+01   8.4436293e-23
   1.9592839e+01   8.3640245e-23
   1.9638020e+01   8.2855596e-23
   1.9683305e+01   8.2081985e-23
   1.9728695e+01   8.1319075e-23
   1.9774190e+01   8.0566549e-23
   1.9819789e+01   7.9824108e-23
   1.9865494e+01   7.9091470e-23
   1.9911304e+01   7.8368370e-23
   1.9957219e+01   7.7654555e-23
   2.0003241e+01   7.6949788e-23
   2.0049369e+01   7.6253844e-23
   2.0095603e+01   7.5566507e-23
   2.0141943e+01   7.4887576e-23
   2.0188391e+01   7.4216856e-23
   2.0234945e+01   7.3554163e-23
   2.0281607e+01   7.2899322e-23
   2.0328377e+01   7.2252166e-23
   2.0375254e+01   7.1612533e-23
   2.0422240e+01   7.0980271e-23
   2.0469333e+01   7.0355233e-23
   2.0516536e+01   6.9737278e-23
   2.0563847e+01   6.9126272e-23
   2.0611268e+01   6.8522085e-23
   2.0658797e+01   6.7924592e-23
   2.0706437e+01   6.7333673e-23
   2.0754186e+01   6.6749214e-23
   2.0802045e+01   6.6171102e-23
   2.0850015e+01   6.5599231e-23
   2.0898095e+01   6.5033496e-23
   2.0946286e+01   6.4473798e-23
   2.0994589e+01   6.3920040e-23
   2.1043002e+01   6.3372127e-23
   2.1091528e+01   6.2829970e-23
   2.1140165e+01   6.2293479e-23
   2.1188914e+01   6.1762570e-23
   2.1237776e+01   6.1237159e-23
   2.1286750e+01   6.0717167e-23
   2.1335838e+01   6.0202515e-23
   2.1385039e+01   5.9693126e-23
   2.1434353e+01   5.9188927e-23
   2.1483780e+01   5.8689845e-23
   2.1533322e+01   5.8195811e-23
   2.1582978e+01   5.7706756e-23
   2.1632749e+01   5.7222613e-23
   2.1682634e+01   5.6743316e-23
   2.1732634e+01   5.6268803e-23
   2.1782750e+01   5.5799011e-23
   2.1832981e+01   5.5333880e-23
   2.1883328e+01   5.4873349e-23
   2.1933791e+01   5.4417362e-23
   2.1984371e+01   5.3965860e-23
   2.2035067e+01   5.3518789e-23
   2.2085880e+01   5.3076094e-23
   2.2136810e+01   5.2637722e-23
   2.2187858e+01   5.2203620e-23
   2.2239023e+01   5.1773738e-23
   2.2290306e+01   5.1348024e-23
   2.2341708e+01   5.0926429e-23
   2.2393228e+01   5.0508906e-23
   2.2444867e+01   5.0095407e-23
   2.2496625e+01   4.9685884e-23
   2.2548503e+01   4.9280293e-23
   2.2600500e+01   4.8878588e-23
   2.2652617e+01   4.8480725e-23
   2.2704854e+01   4.8086661e-23
   2.2757211e+01   4.7696352e-23
   2.2809689e+01   4.7309757e-23
   2.2862289e+01   4.6926834e-23
   2.2915009e+01   4.6547544e-23
   2.2967852e+01   4.6171844e-23
   2.3020816e+01   4.5799697e-23
   2.3073902e+01   4.5431064e-23
   2.3127110e+01   4.5065906e-23
   2.3180442e+01   4.4704185e-23
   2.3233896e+01   4.4345865e-23
   2.3287474e+01   4.3990909e-23
   2.3341175e+01   4.3639281e-23
   2.3395000e+01   4.3290946e-23
   2.3448949e+01   4.2945869e-23
   2.3503022e+01   4.2604014e-23
   2.3557220e+01   4.2265349e-23
   2.3611543e+01   4.1929839e-23
   2.3665992e+01   4.1597453e-23
   2.3720566e+01   4.1268156e-23
   2.3775265e+01   4.0941917e-23
   2.3830091e+01   4.0618705e-23
   2.3885044e+01   4.0298487e-23
   2.3940123e+01   3.9981233e-23
   2.3995329e+01   3.9666913e-23
   2.4050662e+01   3.9355496e-23
   2.4106123e+01   3.9046953e-23
   2.4161712e+01   3.8741254e-23
   2.4217429e+01   3.8438370e-23
   2.4273275e+01   3.8138274e-23
   2.4329249e+01   3.7840935e-23
   2.4385353e+01   3.7546328e-23
   2.4441586e+01   3.7254423e-23
   2.4497948e+01   3.6965194e-23
   2.4554441e+01   3.6678615e-23
   2.4611063e+01   3.6394657e-23
   2.4667817e+01   3.6113296e-23
   2.4724701e+01   3.5834505e-23
   2.4781716e+01   3.5558258e-23
   2.4838863e+01   3.5284531e-23
   2.4896142e+01   3.5013298e-23
   2.4953552e+01   3.4744534e-23
   2.5011095e+01   3.4478216e-23
   2.5068771e+01   3.4214318e-23
   2.5126580e+01   3.3952817e-23
   2.5184522e+01   3.3693689e-23
   2.5242598e+01   3.3436912e-23
   2.5300807e+01   3.3182461e-23
   2.5359151e+01   3.2930315e-23
   2.5417630e+01   3.2680450e-23
   2.5476243e+01   3.2432844e-23
   2.5534991e+01   3.2187475e-23
   2.5593875e+01   3.1944321e-23
   2.5652895e+01   3.1703361e-23
   2.5712050e+01   3.1464574e-23
   2.5771343e+01   3.1227938e-23
   2.5830772e+01   3.0993432e-23
   2.5890338e+01   3.0761035e-23
   2.5950041e+01   3.0530729e-23
   2.6009882e+01   3.0302491e-23
   2.6069861e+01   3.0076302e-23
   2.6129978e+01   2.9852142e-23
   2.6190234e+01   2.9629993e-23
   2.6250629e+01   2.9409833e-23
   2.6311163e+01   2.9191645e-23
   2.6371837e+01   2.8975409e-23
   2.6432650e+01   2.8761107e-23
   2.6493604e+01   2.8548720e-23
   2.6554699e+01   2.8338229e-23
   2.6615934e+01   2.8129617e-23
   2.6677311e+01   2.7922866e-23
   2.6738829e+01   2.7717957e-23
   2.6800489e+01   2.7514874e-23
   2.6862291e+01   2.7313598e-23
   2.6924236e+01   2.7114113e-23
   2.6986323e+01   2.6916402e-23
   2.7048554e+01   2.6720447e-23
   2.7110928e+01   2.6526232e-23
   2.7173446e+01   2.6333741e-23
   2.7236108e+01   2.6142957e-23
   2.7298915e+01   2.5953864e-23
   2.7361866e+01   2.5766446e-23
   2.7424963e+01   2.5580687e-23
   2.7488205e+01   2.5396571e-23
   2.7551593e+01   2.5214084e-23
   2.7615127e+01   2.5033209e-23
   2.7678808e+01   2.4853931e-23
   2.7742636e+01   2.4676236e-23
   2.7806610e+01   2.4500108e-23
   2.7870732e+01   2.4325533e-23
   2.7935003e+01   2.4152496e-23
   2.7999421e+01   2.3980983e-23
   2.8063988e+01   2.3810979e-23
   2.8128704e+01   2.3642470e-23
   2.8193569e+01   2.3475442e-23
   2.8258583e+01   2.3309882e-23
   2.8323748e+01   2.3145776e-23
   2.8389062e+01   2.2983109e-23
   2.8454528e+01   2.2821870e-23
   2.8520144e+01   2.2662043e-23
   2.8585912e+01   2.2503617e-23
   2.8651831e+01   2.2346577e-23
   2.8717903e+01   2.2190912e-23
   2.8784126e+01   2.2036608e-23
   2.8850503e+01   2.1883653e-23
   2.8917032e+01   2.1732034e-23
   2.8983715e+01   2.1581739e-23
   2.9050552e+01   2.1432756e-23
   2.9117543e+01   2.1285072e-23
   2.9184688e+01   2.1138675e-23
   2.9251988e+01   2.0993553e-23
   2.9319443e+01   2.0849696e-23
   2.9387054e+01   2.0707090e-23
   2.9454821e+01   2.0565724e-23
   2.9522744e+01   2.0425588e-23
   2.9590824e+01   2.0286669e-23
   2.9659060e+01   2.0148957e-23
   2.9727454e+01   2.0012440e-23
   2.9796006e+01   1.9877107e-23
   2.9864716e+01   1.9742947e-23
   2.9933584e+01   1.9609951e-23
   3.0002611e+01   1.9478106e-23
   3.0071797e+01   1.9347403e-23
   3.0141143e+01   1.9217830e-23
   3.0210649e+01   1.9089379e-23
   3.0280315e+01   1.8962038e-23
   3.0350142e+01   1.8835796e-23
   3.0420129e+01   1.8710646e-23
   3.0490278e+01   1.8586575e-23
   3.0560589e+01   1.8463575e-23
   3.0631062e+01   1.8341635e-23
   3.0701697e+01   1.8220746e-23
   3.0772496e+01   1.8100899e-23
   3.0843457e+01   1.7982084e-23
   3.0914583e+01   1.7864291e-23
   3.0985872e+01   1.7747512e-23
   3.1057326e+01   1.7631737e-23
   3.1128944e+01   1.7516956e-23
   3.1200728e+01   1.7403162e-23
   3.1272677e+01   1.7290345e-23
   3.1344792e+01   1.7178496e-23
   3.1417073e+01   1.7067607e-23
   3.1489521e+01   1.6957669e-23
   3.1562136e+01   1.6848673e-23
   3.1634919e+01   1.6740611e-23
   3.1707869e+01   1.6633474e-23
   3.1780988e+01   1.6527254e-23
   3.1854275e+01   1.6421943e-23
   3.1927731e+01   1.6317533e-23
   3.2001357e+01   1.6214016e-23
   3.2075152e+01   1.6111383e-23
   3.2149118e+01   1.6009627e-23
   3.2223254e+01   1.5908740e-23
   3.2297561e+01   1.5808714e-23
   3.2372039e+01   1.5709542e-23
   3.2446689e+01   1.5611215e-23
   3.2521512e+01   1.5513727e-23
   3.2596506e+01   1.5417069e-23
   3.2671674e+01   1.5321235e-23
   3.2747015e+01   1.5226217e-23
   3.2822530e+01   1.5132008e-23
   3.2898219e+01   1.5038601e-23
   3.2974083e+01   1.4945989e-23
   3.3050121e+01   1.4854164e-23
   3.3126335e+01   1.4763119e-23
   3.3202725e+01   1.4672849e-23
   3.3279290e+01   1.4583345e-23
   3.3356033e+01   1.4494602e-23
   3.3432952e+01   1.4406612e-23
   3.3510049e+01   1.4319369e-23
   3.3587323e+01   1.4232866e-23
   3.3664776e+01   1.4147097e-23
   3.3742407e+01   1.4062055e-23
   3.3820217e+01   1.3977734e-23
   3.3898207e+01   1.3894128e-23
   3.3976376e+01   1.3811230e-23
   3.4054726e+01   1.3729035e-23
   3.4133257e+01   1.3647536e-23
   3.4211968e+01   1.3566726e-23
   3.4290861e+01   1.3486601e-23
   3.4369936e+01   1.3407154e-23
   3.4449194e+01   1.3328379e-23
   3.4528634e+01   1.3250270e-23
   3.4608257e+01   1.3172822e-23
   3.4688064e+01   1.3096029e-23
   3.4768055e+01   1.3019884e-23
   3.4848230e+01   1.2944384e-23
   3.4928590e+01   1.2869521e-23
   3.5009136e+01   1.2795291e-23
   3.5089867e+01   1.2721688e-23
   3.5170785e+01   1.2648707e-23
   3.5251889e+01   1.2576342e-23
   3.5333180e+01   1.2504588e-23
   3.5414659e+01   1.2433439e-23
   3.5496325e+01   1.2362892e-23
   3.5578180e+01   1.2292940e-23
   3.5660224e+01   1.2223578e-23
   3.5742456e+01   1.2154801e-23
   3.5824879e+01   1.2086605e-23
   3.5907491e+01   1.2018984e-23
   3.5990294e+01   1.1951933e-23
   3.6073288e+01   1.1885448e-23
   3.6156473e+01   1.1819524e-23
   3.6239850e+01   1.1754156e-23
   3.6323420e+01   1.1689339e-23
   3.6407182e+01   1.1625069e-23
   3.6491137e+01   1.1561341e-23
   3.6575286e+01   1.1498151e-23
   3.6659629e+01   1.1435493e-23
   3.6744166e+01   1.1373364e-23
   3.6828898e+01   1.1311758e-23
   3.6913826e+01   1.1250673e-23
   3.6998950e+01   1.1190102e-23
   3.7084270e+01   1.1130042e-23
   3.7169786e+01   1.1070489e-23
   3.7255500e+01   1.1011438e-23
   3.7341412e+01   1.0952886e-23
   3.7427521e+01   1.0894827e-23
   3.7513829e+01   1.0837258e-23
   3.7600336e+01   1.0780175e-23
   3.7687043e+01   1.0723573e-23
   3.7773950e+01   1.0667450e-23
   3.7861057e+01   1.0611800e-23
   3.7948365e+01   1.0556619e-23
   3.8035874e+01   1.0501905e-23
   3.8123585e+01   1.0447652e-23
   3.8211498e+01   1.0393858e-23
   3.8299614e+01   1.0340518e-23
   3.8387933e+01   1.0287629e-23
   3.8476456e+01   1.0235187e-23
   3.8565183e+01   1.0183188e-23
   3.8654115e+01   1.0131628e-23
   3.8743251e+01   1.0080505e-23
   3.8832594e+01   1.0029814e-23
   3.8922142e+01   9.9795514e-24
   3.9011897e+01   9.9297143e-24
   3.9101858e+01   9.8802991e-24
   3.9192028e+01   9.8313022e-24
   3.9282405e+01   9.7827202e-24
   3.9372990e+01   9.7345498e-24
   3.9463785e+01   9.6867875e-24
   3.9554788e+01   9.6394301e-24
   3.9646002e+01   9.5924742e-24
   3.9737426e+01   9.5459165e-24
   3.9829061e+01   9.4997539e-24
   3.9920907e+01   9.4539831e-24
   4.0012965e+01   9.4086009e-24
   4.0105235e+01   9.3636041e-24
   4.0197718e+01   9.3189897e-24
   4.0290414e+01   9.2747545e-24
   4.0383324e+01   9.2308954e-24
   4.0476449e+01   9.1874095e-24
   4.0569788e+01   9.1442936e-24
   4.0663342e+01   9.1015449e-24
   4.0757112e+01   9.0591603e-24
   4.0851098e+01   9.0171368e-24
   4.0945301e+01   8.9754717e-24
   4.1039721e+01   8.9341619e-24
   4.1134359e+01   8.8932047e-24
   4.1229215e+01   8.8525972e-24
   4.1324290e+01   8.8123365e-24
   4.1419584e+01   8.7724199e-24
   4.1515098e+01   8.7328447e-24
   4.1610832e+01   8.6936080e-24
   4.1706787e+01   8.6547072e-24
   4.1802963e+01   8.6161395e-24
   4.1899361e+01   8.5779024e-24
   4.1995982e+01   8.5399931e-24
   4.2092825e+01   8.5024090e-24
   4.2189891e+01   8.4651475e-24
   4.2287181e+01   8.4282061e-24
   4.2384696e+01   8.3915821e-24
   4.2482435e+01   8.3552731e-24
   4.2580400e+01   8.3192765e-24
   4.2678591e+01   8.2835898e-24
   4.2777008e+01   8.2482106e-24
   4.2875652e+01   8.2131364e-24
   4.2974524e+01   8.1783647e-24
   4.3073623e+01   8.1438932e-24
   4.3172951e+01   8.1097194e-24
   4.3272508e+01   8.0758410e-24
   4.3372295e+01   8.0422556e-24
   4.3472312e+01   8.0089610e-24
   4.3572559e+01   7.9759547e-24
   4.3673038e+01   7.9432344e-24
   4.3773748e+01   7.9107980e-24
   4.3874691e+01   7.8786431e-24
   4.3975866e+01   7.8467674e-24
   4.4077275e+01   7.8151689e-24
   4.4178918e+01   7.7838452e-24
   4.4280795e+01   7.7527942e-24
   4.4382906e+01   7.7220136e-24
   4.4485254e+01   7.6915014e-24
   4.4587837e+01   7.6612555e-24
   4.4690657e+01   7.6312736e-24
   4.4793714e+01   7.6015537e-24
   4.4897009e+01   7.5720937e-24
   4.5000541e+01   7.5428915e-24
   4.5104313e+01   7.5139451e-24
   4.5208324e+01   7.4852524e-24
   4.5312575e+01   7.4568114e-24
   4.5417066e+01   7.4286201e-24
   4.5521798e+01   7.4006766e-24
   4.5626772e+01   7.3729788e-24
   4.5731987e+01   7.3455247e-24
   4.5837446e+01   7.3183125e-24
   4.5943147e+01   7.2913401e-24
   4.6049092e+01   7.2646058e-24
   4.6155282e+01   7.2381075e-24
   4.6261716e+01   7.2118434e-24
   4.6368396e+01   7.1858116e-24
   4.6475322e+01   7.1600103e-24
   4.6582494e+01   7.1344375e-24
   4.6689914e+01   7.1090916e-24
   4.6797581e+01   7.0839706e-24
   4.6905497e+01   7.0590727e-24
   4.7013661e+01   7.0343963e-24
   4.7122075e+01   7.0099394e-24
   4.7230739e+01   6.9857003e-24
   4.7339654e+01   6.9616772e-24
   4.7448819e+01   6.9378685e-24
   4.7558236e+01   6.9142724e-24
   4.7667906e+01   6.8908872e-24
   4.7777829e+01   6.8677112e-24
   4.7888005e+01   6.8447426e-24
   4.7998435e+01   6.8219799e-24
   4.8109120e+01   6.7994213e-24
   4.8220060e+01   6.7770653e-24
   4.8331255e+01   6.7549100e-24
   4.8442708e+01   6.7329540e-24
   4.8554417e+01   6.7111957e-24
   4.8666384e+01   6.6896333e-24
   4.8778609e+01   6.6682653e-24
   4.8891093e+01   6.6470902e-24
   4.9003836e+01   6.6261063e-24
   4.9116839e+01   6.6053120e-24
   4.9230103e+01   6.5847060e-24
   4.9343628e+01   6.5642865e-24
   4.9457415e+01   6.5440521e-24
   4.9571464e+01   6.5240013e-24
   4.9685776e+01   6.5041325e-24
   4.9800352e+01   6.4844443e-24
   4.9915192e+01   6.4649351e-24
   5.0030297e+01   6.4456035e-24
   5.0145667e+01   6.4264481e-24
   5.0261303e+01   6.4074673e-24
   5.0377206e+01   6.3886597e-24
   5.0493376e+01   6.3700240e-24
   5.0609814e+01   6.3515586e-24
   5.0726521e+01   6.3332621e-24
   5.0843497e+01   6.3151332e-24
   5.0960742e+01   6.2971704e-24
   5.1078258e+01   6.2793724e-24
   5.1196045e+01   6.2617378e-24
   5.1314103e+01   6.2442652e-24
   5.1432434e+01   6.2269533e-24
   5.1551038e+01   6.2098007e-24
   5.1669915e+01   6.1928060e-24
   5.1789066e+01   6.1759680e-24
   5.1908492e+01   6.1592853e-24
   5.2028193e+01   6.1427566e-24
   5.2148171e+01   6.1263807e-24
   5.2268425e+01   6.1101561e-24
   5.2388956e+01   6.0940817e-24
   5.2509766e+01   6.0781561e-24
   5.2630854e+01   6.0623781e-24
   5.2752221e+01   6.0467464e-24
   5.2873868e+01   6.0312598e-24
   5.2995795e+01   6.0159171e-24
   5.3118004e+01   6.0007169e-24
   5.3240495e+01   5.9856581e-24
   5.3363268e+01   5.9707395e-24
   5.3486324e+01   5.9559598e-24
   5.3609663e+01   5.9413178e-24
   5.3733288e+01   5.9268125e-24
   5.3857197e+01   5.9124425e-24
   5.3981392e+01   5.8982067e-24
   5.4105874e+01   5.8841039e-24
   5.4230642e+01   5.8701330e-24
   5.4355699e+01   5.8562928e-24
   5.4481043e+01   5.8425822e-24
   5.4606677e+01   5.8290000e-24
   5.4732600e+01   5.8155452e-24
   5.4858814e+01   5.8022165e-24
   5.4985319e+01   5.7890129e-24
   5.5112116e+01   5.7759333e-24
   5.5239205e+01   5.7629766e-24
   5.5366587e+01   5.7501416e-24
   5.5494262e+01   5.7374274e-24
   5.5622233e+01   5.7248328e-24
   5.5750498e+01   5.7123567e-24
   5.5879059e+01   5.6999982e-24
   5.6007916e+01   5.6877561e-24
   5.6137071e+01   5.6756294e-24
   5.6266524e+01   5.6636171e-24
   5.6396275e+01   5.6517181e-24
   5.6526325e+01   5.6399315e-24
   5.6656675e+01   5.6282561e-24
   5.6787326e+01   5.6166910e-24
   5.6918278e+01   5.6052352e-24
   5.7049532e+01   5.5938877e-24
   5.7181088e+01   5.5826475e-24
   5.7312948e+01   5.5715136e-24
   5.7445113e+01   5.5604851e-24
   5.7577581e+01   5.5495609e-24
   5.7710356e+01   5.5387402e-24
   5.7843436e+01   5.5280219e-24
   5.7976824e+01   5.5174051e-24
   5.8110519e+01   5.5068890e-24
   5.8244522e+01   5.4964724e-24
   5.8378834e+01   5.4861546e-24
   5.8513456e+01   5.4759346e-24
   5.8648389e+01   5.4658115e-24
   5.8783632e+01   5.4557843e-24
   5.8919188e+01   5.4458522e-24
   5.9055056e+01   5.4360143e-24
   5.9191237e+01   5.4262697e-24
   5.9327733e+01   5.4166175e-24
   5.9464543e+01   5.4070568e-24
   5.9601669e+01   5.3975869e-24
   5.9739111e+01   5.3882067e-24
   5.9876870e+01   5.3789155e-24
   6.0014946e+01   5.3697123e-24
   6.0153341e+01   5.3605965e-24
   6.0292055e+01   5.3515670e-24
   6.0431089e+01   5.3426232e-24
   6.0570443e+01   5.3337641e-24
   6.0710119e+01   5.3249890e-24
   6.0850117e+01   5.3162970e-24
   6.0990438e+01   5.3076873e-24
   6.1131083e+01   5.2991592e-24
   6.1272051e+01   5.2907118e-24
   6.1413345e+01   5.2823443e-24
   6.1554965e+01   5.2740560e-24
   6.1696911e+01   5.2658462e-24
   6.1839185e+01   5.2577139e-24
   6.1981786e+01   5.2496584e-24
   6.2124717e+01   5.2416791e-24
   6.2267977e+01   5.2337751e-24
   6.2411567e+01   5.2259457e-24
   6.2555489e+01   5.2181902e-24
   6.2699742e+01   5.2105078e-24
   6.2844328e+01   5.2028977e-24
   6.2989248e+01   5.1953593e-24
   6.3134501e+01   5.1878919e-24
   6.3280090e+01   5.1804947e-24
   6.3426014e+01   5.1731670e-24
   6.3572275e+01   5.1659081e-24
   6.3718874e+01   5.1587173e-24
   6.3865810e+01   5.1515940e-24
   6.4013085e+01   5.1445374e-24
   6.4160699e+01   5.1375469e-24
   6.4308655e+01   5.1306217e-24
   6.4456951e+01   5.1237613e-24
   6.4605589e+01   5.1169649e-24
   6.4754570e+01   5.1102320e-24
   6.4903894e+01   5.1035617e-24
   6.5053563e+01   5.0969536e-24
   6.5203577e+01   5.0904069e-24
   6.5353937e+01   5.0839210e-24
   6.5504644e+01   5.0774952e-24
   6.5655698e+01   5.0711291e-24
   6.5807101e+01   5.0648218e-24
   6.5958852e+01   5.0585728e-24
   6.6110954e+01   5.0523816e-24
   6.6263406e+01   5.0462474e-24
   6.6416210e+01   5.0401697e-24
   6.6569367e+01   5.0341479e-24
   6.6722876e+01   5.0281813e-24
   6.6876740e+01   5.0222695e-24
   6.7030958e+01   5.0164118e-24
   6.7185532e+01   5.0106076e-24
   6.7340462e+01   5.0048564e-24
   6.7495750e+01   4.9991575e-24
   6.7651395e+01   4.9935105e-24
   6.7807400e+01   4.9879148e-24
   6.7963764e+01   4.9823698e-24
   6.8120489e+01   4.9768749e-24
   6.8277576e+01   4.9714297e-24
   6.8435024e+01   4.9660335e-24
   6.8592836e+01   4.9606859e-24
   6.8751012e+01   4.9553863e-24
   6.8909552e+01   4.9501342e-24
   6.9068458e+01   4.9449290e-24
   6.9227730e+01   4.9397703e-24
   6.9387370e+01   4.9346575e-24
   6.9547378e+01   4.9295901e-24
   6.9707755e+01   4.9245676e-24
   6.9868501e+01   4.9195895e-24
   7.0029619e+01   4.9146554e-24
   7.0191107e+01   4.9097646e-24
   7.0352969e+01   4.9049168e-24
   7.0515203e+01   4.9001114e-24
   7.0677812e+01   4.8953480e-24
   7.0840795e+01   4.8906261e-24
   7.1004155e+01   4.8859452e-24
   7.1167891e+01   4.8813049e-24
   7.1332004e+01   4.8767046e-24
   7.1496497e+01   4.8721440e-24
   7.1661368e+01   4.8676226e-24
   7.1826620e+01   4.8631399e-24
   7.1992252e+01   4.8586954e-24
   7.2158267e+01   4.8542888e-24
   7.2324665e+01   4.8499196e-24
   7.2491446e+01   4.8455873e-24
   7.2658612e+01   4.8412916e-24
   7.2826163e+01   4.8370320e-24
   7.2994101e+01   4.8328080e-24
   7.3162426e+01   4.8286193e-24
   7.3331139e+01   4.8244655e-24
   7.3500241e+01   4.8203461e-24
   7.3669733e+01   4.8162607e-24
   7.3839616e+01   4.8122089e-24
   7.4009891e+01   4.8081903e-24
   7.4180558e+01   4.8042045e-24
   7.4351619e+01   4.8002512e-24
   7.4523074e+01   4.7963298e-24
   7.4694925e+01   4.7924402e-24
   7.4867172e+01   4.7885817e-24
   7.5039817e+01   4.7847542e-24
   7.5212859e+01   4.7809572e-24
   7.5386300e+01   4.7771903e-24
   7.5560142e+01   4.7734531e-24
   7.5734384e+01   4.7697454e-24
   7.5909028e+01   4.7660666e-24
   7.6084075e+01   4.7624166e-24
   7.6259525e+01   4.7587948e-24
   7.6435380e+01   4.7552011e-24
   7.6611641e+01   4.7516349e-24
   7.6788308e+01   4.7480960e-24
   7.6965382e+01   4.7445840e-24
   7.7142865e+01   4.7410986e-24
   7.7320757e+01   4.7376395e-24
   7.7499060e+01   4.7342062e-24
   7.7677773e+01   4.7307986e-24
   7.7856898e+01   4.7274162e-24
   7.8036437e+01   4.7240587e-24
   7.8216390e+01   4.7207258e-24
   7.8396757e+01   4.7174173e-24
   7.8577541e+01   4.7141327e-24
   7.8758741e+01   4.7108717e-24
   7.8940359e+01   4.7076341e-24
   7.9122397e+01   4.7044196e-24
   7.9304853e+01   4.7012278e-24
   7.9487731e+01   4.6980584e-24
   7.9671030e+01   4.6949112e-24
   7.9854752e+01   4.6917859e-24
   8.0038898e+01   4.6886820e-24
   8.0223468e+01   4.6855995e-24
   8.0408464e+01   4.6825379e-24
   8.0593887e+01   4.6794971e-24
   8.0779737e+01   4.6764766e-24
   8.0966016e+01   4.6734763e-24
   8.1152724e+01   4.6704959e-24
   8.1339863e+01   4.6675350e-24
   8.1527433e+01   4.6645935e-24
   8.1715436e+01   4.6616710e-24
   8.1903872e+01   4.6587673e-24
   8.2092743e+01   4.6558821e-24
   8.2282050e+01   4.6530152e-24
   8.2471793e+01   4.6501662e-24
   8.2661973e+01   4.6473351e-24
   8.2852592e+01   4.6445214e-24
   8.3043651e+01   4.6417250e-24
   8.3235150e+01   4.6389455e-24
   8.3427091e+01   4.6361828e-24
   8.3619475e+01   4.6334367e-24
   8.3812302e+01   4.6307068e-24
   8.4005574e+01   4.6279929e-24
   8.4199291e+01   4.6252948e-24
   8.4393456e+01   4.6226123e-24
   8.4588067e+01   4.6199451e-24
   8.4783128e+01   4.6172930e-24
   8.4978639e+01   4.6146558e-24
   8.5174600e+01   4.6120332e-24
   8.5371013e+01   4.6094250e-24
   8.5567880e+01   4.6068311e-24
   8.5765200e+01   4.6042511e-24
   8.5962975e+01   4.6016849e-24
   8.6161206e+01   4.5991323e-24
   8.6359895e+01   4.5965930e-24
   8.6559041e+01   4.5940668e-24
   8.6758647e+01   4.5915536e-24
   8.6958713e+01   4.5890531e-24
   8.7159241e+01   4.5865651e-24
   8.7360231e+01   4.5840894e-24
   8.7561684e+01   4.5816259e-24
   8.7763602e+01   4.5791742e-24
   8.7965985e+01   4.5767343e-24
   8.8168836e+01   4.5743059e-24
   8.8372154e+01   4.5718889e-24
   8.8575940e+01   4.5694830e-24
   8.8780197e+01   4.5670880e-24
   8.8984925e+01   4.5647038e-24
   8.9190125e+01   4.5623303e-24
   8.9395798e+01   4.5599671e-24
   8.9601945e+01   4.5576141e-24
   8.9808568e+01   4.5552713e-24
   9.0015667e+01   4.5529382e-24
   9.0223244e+01   4.5506149e-24
   9.0431300e+01   4.5483011e-24
   9.0639835e+01   4.5459966e-24
   9.0848851e+01   4.5437013e-24
   9.1058349e+01   4.5414151e-24
   9.1268331e+01   4.5391376e-24
   9.1478796e+01   4.5368689e-24
   9.1689747e+01   4.5346087e-24
   9.1901184e+01   4.5323568e-24
   9.2113109e+01   4.5301131e-24
   9.2325522e+01   4.5278775e-24
   9.2538426e+01   4.5256497e-24
   9.2751820e+01   4.5234297e-24
   9.2965707e+01   4.5212172e-24
   9.3180086e+01   4.5190121e-24
   9.3394960e+01   4.5168143e-24
   9.3610330e+01   4.5146237e-24
   9.3826196e+01   4.5124400e-24
   9.4042560e+01   4.5102631e-24
   9.4259423e+01   4.5080929e-24
   9.4476786e+01   4.5059292e-24
   9.4694650e+01   4.5037719e-24
   9.4913016e+01   4.5016209e-24
   9.5131886e+01   4.4994760e-24
   9.5351261e+01   4.4973371e-24
   9.5571142e+01   4.4952040e-24
   9.5791530e+01   4.4930766e-24
   9.6012426e+01   4.4909548e-24
   9.6233831e+01   4.4888384e-24
   9.6455747e+01   4.4867273e-24
   9.6678175e+01   4.4846214e-24
   9.6901115e+01   4.4825206e-24
   9.7124570e+01   4.4804247e-24
   9.7348540e+01   4.4783335e-24
   9.7573027e+01   4.4762471e-24
   9.7798031e+01   4.4741652e-24
   9.8023554e+01   4.4720877e-24
   9.8249597e+01   4.4700145e-24
   9.8476161e+01   4.4679456e-24
   9.8703248e+01   4.4658807e-24
   9.8930858e+01   4.4638197e-24
   9.9158994e+01   4.4617626e-24
   9.9387655e+01   4.4597092e-24
   9.9616844e+01   4.4576594e-24
   9.9846561e+01   4.4556131e-24
   1.0007681e+02   4.4535702e-24
   1.0030759e+02   4.4515305e-24
   1.0053890e+02   4.4494940e-24
   1.0077074e+02   4.4474606e-24
   1.0100312e+02   4.4454301e-24
   1.0123603e+02   4.4434025e-24
   1.0146948e+02   4.4413776e-24
   1.0170347e+02   4.4393553e-24
   1.0193800e+02   4.4373356e-24
   1.0217307e+02   4.4353183e-24
   1.0240868e+02   4.4333033e-24
   1.0264484e+02   4.4312906e-24
   1.0288154e+02   4.4292800e-24
   1.0311878e+02   4.4272714e-24
   1.0335658e+02   4.4252648e-24
   1.0359492e+02   4.4232600e-24
   1.0383381e+02   4.4212569e-24
   1.0407325e+02   4.4192555e-24
   1.0431324e+02   4.4172557e-24
   1.0455379e+02   4.4152573e-24
   1.0479489e+02   4.4132603e-24
   1.0503655e+02   4.4112646e-24
   1.0527876e+02   4.4092701e-24
   1.0552154e+02   4.4072767e-24
   1.0576487e+02   4.4052843e-24
   1.0600877e+02   4.4032929e-24
   1.0625322e+02   4.4013023e-24
   1.0649824e+02   4.3993124e-24
   1.0674383e+02   4.3973233e-24
   1.0698998e+02   4.3953347e-24
   1.0723670e+02   4.3933467e-24
   1.0748399e+02   4.3913591e-24
   1.0773185e+02   4.3893718e-24
   1.0798028e+02   4.3873849e-24
   1.0822928e+02   4.3853981e-24
   1.0847886e+02   4.3834114e-24
   1.0872901e+02   4.3814248e-24
   1.0897974e+02   4.3794381e-24
   1.0923105e+02   4.3774513e-24
   1.0948294e+02   4.3754643e-24
   1.0973541e+02   4.3734771e-24
   1.0998846e+02   4.3714895e-24
   1.1024209e+02   4.3695015e-24
   1.1049631e+02   4.3675130e-24
   1.1075112e+02   4.3655240e-24
   1.1100651e+02   4.3635343e-24
   1.1126249e+02   4.3615440e-24
   1.1151906e+02   4.3595529e-24
   1.1177623e+02   4.3575609e-24
   1.1203398e+02   4.3555681e-24
   1.1229234e+02   4.3535742e-24
   1.1255128e+02   4.3515794e-24
   1.1281083e+02   4.3495834e-24
   1.1307097e+02   4.3475863e-24
   1.1333171e+02   4.3455879e-24
   1.1359306e+02   4.3435883e-24
   1.1385500e+02   4.3415873e-24
   1.1411755e+02   4.3395848e-24
   1.1438071e+02   4.3375809e-24
   1.1464447e+02   4.3355754e-24
   1.1490884e+02   4.3335683e-24
   1.1517382e+02   4.3315596e-24
   1.1543942e+02   4.3295491e-24
   1.1570562e+02   4.3275369e-24
   1.1597244e+02   4.3255227e-24
   1.1623987e+02   4.3235067e-24
   1.1650792e+02   4.3214888e-24
   1.1677659e+02   4.3194688e-24
   1.1704588e+02   4.3174467e-24
   1.1731579e+02   4.3154225e-24
   1.1758632e+02   4.3133961e-24
   1.1785747e+02   4.3113675e-24
   1.1812925e+02   4.3093366e-24
   1.1840166e+02   4.3073034e-24
   1.1867469e+02   4.3052677e-24
   1.1894836e+02   4.3032296e-24
   1.1922265e+02   4.3011890e-24
   1.1949758e+02   4.2991458e-24
   1.1977314e+02   4.2971000e-24
   1.2004934e+02   4.2950516e-24
   1.2032618e+02   4.2930005e-24
   1.2060365e+02   4.2909466e-24
   1.2088176e+02   4.2888899e-24
   1.2116052e+02   4.2868303e-24
   1.2143991e+02   4.2847679e-24
   1.2171996e+02   4.2827025e-24
   1.2200064e+02   4.2806341e-24
   1.2228198e+02   4.2785626e-24
   1.2256396e+02   4.2764881e-24
   1.2284659e+02   4.2744104e-24
   1.2312988e+02   4.2723296e-24
   1.2341382e+02   4.2702455e-24
   1.2369841e+02   4.2681582e-24
   1.2398366e+02   4.2660675e-24
   1.2426957e+02   4.2639735e-24
   1.2455613e+02   4.2618761e-24
   1.2484336e+02   4.2597753e-24
   1.2513125e+02   4.2576710e-24
   1.2541981e+02   4.2555631e-24
   1.2570902e+02   4.2534517e-24
   1.2599891e+02   4.2513367e-24
   1.2628946e+02   4.2492181e-24
   1.2658069e+02   4.2470957e-24
   1.2687259e+02   4.2449697e-24
   1.2716515e+02   4.2428398e-24
   1.2745840e+02   4.2407062e-24
   1.2775232e+02   4.2385687e-24
   1.2804692e+02   4.2364274e-24
   1.2834219e+02   4.2342821e-24
   1.2863815e+02   4.2321329e-24
   1.2893479e+02   4.2299797e-24
   1.2923212e+02   4.2278224e-24
   1.2953013e+02   4.2256611e-24
   1.2982882e+02   4.2234958e-24
   1.3012821e+02   4.2213262e-24
   1.3042829e+02   4.2191525e-24
   1.3072906e+02   4.2169747e-24
   1.3103052e+02   4.2147925e-24
   1.3133268e+02   4.2126061e-24
   1.3163553e+02   4.2104155e-24
   1.3193908e+02   4.2082204e-24
   1.3224333e+02   4.2060210e-24
   1.3254829e+02   4.2038173e-24
   1.3285395e+02   4.2016090e-24
   1.3316031e+02   4.1993964e-24
   1.3346738e+02   4.1971792e-24
   1.3377515e+02   4.1949575e-24
   1.3408364e+02   4.1927313e-24
   1.3439284e+02   4.1905004e-24
   1.3470275e+02   4.1882650e-24
   1.3501337e+02   4.1860249e-24
   1.3532472e+02   4.1837802e-24
   1.3563678e+02   4.1815307e-24
   1.3594956e+02   4.1792765e-24
   1.3626306e+02   4.1770176e-24
   1.3657728e+02   4.1747539e-24
   1.3689223e+02   4.1724854e-24
   1.3720790e+02   4.1702120e-24
   1.3752431e+02   4.1679338e-24
   1.3784144e+02   4.1656507e-24
   1.3815930e+02   4.1633627e-24
   1.3847790e+02   4.1610697e-24
   1.3879723e+02   4.1587718e-24
   1.3911730e+02   4.1564689e-24
   1.3943810e+02   4.1541610e-24
   1.3975965e+02   4.1518480e-24
   1.4008193e+02   4.1495300e-24
   1.4040496e+02   4.1472069e-24
   1.4072874e+02   4.1448787e-24
   1.4105326e+02   4.1425454e-24
   1.4137853e+02   4.1402069e-24
   1.4170455e+02   4.1378632e-24
   1.4203132e+02   4.1355144e-24
   1.4235885e+02   4.1331603e-24
   1.4268713e+02   4.1308010e-24
   1.4301617e+02   4.1284364e-24
   1.4334596e+02   4.1260665e-24
   1.4367652e+02   4.1236914e-24
   1.4400784e+02   4.1213109e-24
   1.4433992e+02   4.1189251e-24
   1.4467277e+02   4.1165340e-24
   1.4500639e+02   4.1141374e-24
   1.4534077e+02   4.1117355e-24
   1.4567593e+02   4.1093281e-24
   1.4601186e+02   4.1069154e-24
   1.4634856e+02   4.1044972e-24
   1.4668604e+02   4.1020735e-24
   1.4702430e+02   4.0996443e-24
   1.4736334e+02   4.0972097e-24
   1.4770316e+02   4.0947695e-24
   1.4804377e+02   4.0923238e-24
   1.4838516e+02   4.0898725e-24
   1.4872734e+02   4.0874157e-24
   1.4907030e+02   4.0849534e-24
   1.4941406e+02   4.0824854e-24
   1.4975861e+02   4.0800118e-24
   1.5010395e+02   4.0775327e-24
   1.5045009e+02   4.0750478e-24
   1.5079703e+02   4.0725574e-24
   1.5114477e+02   4.0700613e-24
   1.5149331e+02   4.0675595e-24
   1.5184266e+02   4.0650521e-24
   1.5219281e+02   4.0625390e-24
   1.5254377e+02   4.0600201e-24
   1.5289553e+02   4.0574956e-24
   1.5324811e+02   4.0549653e-24
   1.5360150e+02   4.0524293e-24
   1.5395571e+02   4.0498876e-24
   1.5431073e+02   4.0473401e-24
   1.5466657e+02   4.0447868e-24
   1.5502324e+02   4.0422278e-24
   1.5538072e+02   4.0396630e-24
   1.5573903e+02   4.0370925e-24
   1.5609817e+02   4.0345161e-24
   1.5645813e+02   4.0319339e-24
   1.5681892e+02   4.0293460e-24
   1.5718055e+02   4.0267522e-24
   1.5754301e+02   4.0241526e-24
   1.5790630e+02   4.0215471e-24
   1.5827044e+02   4.0189359e-24
   1.5863541e+02   4.0163188e-24
   1.5900122e+02   4.0136959e-24
   1.5936788e+02   4.0110671e-24
   1.5973539e+02   4.0084325e-24
   1.6010374e+02   4.0057921e-24
   1.6047294e+02   4.0031458e-24
   1.6084299e+02   4.0004936e-24
   1.6121389e+02   3.9978356e-24
   1.6158565e+02   3.9951717e-24
   1.6195827e+02   3.9925020e-24
   1.6233175e+02   3.9898264e-24
   1.6270609e+02   3.9871450e-24
   1.6308129e+02   3.9844577e-24
   1.6345736e+02   3.9817645e-24
   1.6383429e+02   3.9790655e-24
   1.6421209e+02   3.9763606e-24
   1.6459077e+02   3.9736499e-24
   1.6497031e+02   3.9709333e-24
   1.6535074e+02   3.9682109e-24
   1.6573204e+02   3.9654827e-24
   1.6611422e+02   3.9627486e-24
   1.6649728e+02   3.9600086e-24
   1.6688122e+02   3.9572629e-24
   1.6726605e+02   3.9545113e-24
   1.6765177e+02   3.9517539e-24
   1.6803837e+02   3.9489906e-24
   1.6842587e+02   3.9462216e-24
   1.6881426e+02   3.9434468e-24
   1.6920355e+02   3.9406661e-24
   1.6959373e+02   3.9378797e-24
   1.6998482e+02   3.9350875e-24
   1.7037681e+02   3.9322896e-24
   1.7076970e+02   3.9294859e-24
   1.7116349e+02   3.9266764e-24
   1.7155820e+02   3.9238612e-24
   1.7195381e+02   3.9210403e-24
   1.7235034e+02   3.9182137e-24
   1.7274778e+02   3.9153814e-24
   1.7314614e+02   3.9125434e-24
   1.7354541e+02   3.9096997e-24
   1.7394561e+02   3.9068504e-24
   1.7434673e+02   3.9039954e-24
   1.7474877e+02   3.9011348e-24
   1.7515175e+02   3.8982686e-24
   1.7555565e+02   3.8953968e-24
   1.7596048e+02   3.8925194e-24
   1.7636625e+02   3.8896365e-24
   1.7677295e+02   3.8867480e-24
   1.7718059e+02   3.8838540e-24
   1.7758917e+02   3.8809545e-24
   1.7799869e+02   3.8780495e-24
   1.7840916e+02   3.8751390e-24
   1.7882057e+02   3.8722231e-24
   1.7923293e+02   3.8693018e-24
   1.7964624e+02   3.8663751e-24
   1.8006051e+02   3.8634431e-24
   1.8047573e+02   3.8605057e-24
   1.8089191e+02   3.8575629e-24
   1.8130905e+02   3.8546149e-24
   1.8172715e+02   3.8516616e-24
   1.8214621e+02   3.8487031e-24
   1.8256624e+02   3.8457393e-24
   1.8298724e+02   3.8427704e-24
   1.8340921e+02   3.8397963e-24
   1.8383215e+02   3.8368171e-24
   1.8425607e+02   3.8338328e-24
   1.8468097e+02   3.8308434e-24
   1.8510684e+02   3.8278490e-24
   1.8553370e+02   3.8248496e-24
   1.8596154e+02   3.8218452e-24
   1.8639037e+02   3.8188359e-24
   1.8682019e+02   3.8158217e-24
   1.8725100e+02   3.8128027e-24
   1.8768280e+02   3.8097789e-24
   1.8811560e+02   3.8067502e-24
   1.8854939e+02   3.8037169e-24
   1.8898419e+02   3.8006788e-24
   1.8941999e+02   3.7976361e-24
   1.8985679e+02   3.7945887e-24
   1.9029460e+02   3.7915368e-24
   1.9073343e+02   3.7884803e-24
   1.9117326e+02   3.7854194e-24
   1.9161411e+02   3.7823540e-24
   1.9205597e+02   3.7792842e-24
   1.9249885e+02   3.7762101e-24
   1.9294276e+02   3.7731317e-24
   1.9338768e+02   3.7700490e-24
   1.9383364e+02   3.7669621e-24
   1.9428062e+02   3.7638711e-24
   1.9472863e+02   3.7607760e-24
   1.9517768e+02   3.7576768e-24
   1.9562776e+02   3.7545736e-24
   1.9607888e+02   3.7514665e-24
   1.9653104e+02   3.7483556e-24
   1.9698424e+02   3.7452408e-24
   1.9743849e+02   3.7421223e-24
   1.9789378e+02   3.7390000e-24
   1.9835012e+02   3.7358741e-24
   1.9880752e+02   3.7327447e-24
   1.9926597e+02   3.7296117e-24
   1.9972548e+02   3.7264753e-24
   2.0018605e+02   3.7233355e-24
   2.0064768e+02   3.7201923e-24
   2.0111038e+02   3.7170459e-24
   2.0157414e+02   3.7138964e-24
   2.0203897e+02   3.7107437e-24
   2.0250487e+02   3.7075880e-24
   2.0297185e+02   3.7044293e-24
   2.0343991e+02   3.7012678e-24
   2.0390904e+02   3.6981034e-24
   2.0437926e+02   3.6949363e-24
   2.0485056e+02   3.6917665e-24
   2.0532294e+02   3.6885941e-24
   2.0579642e+02   3.6854193e-24
   2.0627099e+02   3.6822420e-24
   2.0674665e+02   3.6790624e-24
   2.0722341e+02   3.6758805e-24
   2.0770127e+02   3.6726964e-24
   2.0818023e+02   3.6695103e-24
   2.0866029e+02   3.6663222e-24
   2.0914147e+02   3.6631322e-24
   2.0962375e+02   3.6599404e-24
   2.1010714e+02   3.6567469e-24
   2.1059165e+02   3.6535518e-24
   2.1107728e+02   3.6503552e-24
   2.1156402e+02   3.6471571e-24
   2.1205189e+02   3.6439577e-24
   2.1254088e+02   3.6407571e-24
   2.1303100e+02   3.6375554e-24
   2.1352226e+02   3.6343527e-24
   2.1401464e+02   3.6311491e-24
   2.1450816e+02   3.6279446e-24
   2.1500282e+02   3.6247395e-24
   2.1549861e+02   3.6215338e-24
   2.1599556e+02   3.6183277e-24
   2.1649364e+02   3.6151212e-24
   2.1699288e+02   3.6119145e-24
   2.1749327e+02   3.6087077e-24
   2.1799481e+02   3.6055008e-24
   2.1849750e+02   3.6022941e-24
   2.1900136e+02   3.5990877e-24
   2.1950638e+02   3.5958816e-24
   2.2001256e+02   3.5926761e-24
   2.2051991e+02   3.5894712e-24
   2.2102844e+02   3.5862671e-24
   2.2153813e+02   3.5830638e-24
   2.2204900e+02   3.5798616e-24
   2.2256104e+02   3.5766606e-24
   2.2307427e+02   3.5734609e-24
   2.2358868e+02   3.5702627e-24
   2.2410428e+02   3.5670661e-24
   2.2462107e+02   3.5638712e-24
   2.2513904e+02   3.5606782e-24
   2.2565822e+02   3.5574872e-24
   2.2617859e+02   3.5542985e-24
   2.2670016e+02   3.5511121e-24
   2.2722293e+02   3.5479282e-24
   2.2774691e+02   3.5447470e-24
   2.2827209e+02   3.5415686e-24
   2.2879849e+02   3.5383932e-24
   2.2932610e+02   3.5352210e-24
   2.2985493e+02   3.5320521e-24
   2.3038497e+02   3.5288866e-24
   2.3091624e+02   3.5257249e-24
   2.3144874e+02   3.5225670e-24
   2.3198246e+02   3.5194131e-24
   2.3251741e+02   3.5162634e-24
   2.3305360e+02   3.5131181e-24
   2.3359102e+02   3.5099774e-24
   2.3412969e+02   3.5068414e-24
   2.3466959e+02   3.5037104e-24
   2.3521074e+02   3.5005845e-24
   2.3575314e+02   3.4974640e-24
   2.3629679e+02   3.4943489e-24
   2.3684169e+02   3.4912396e-24
   2.3738785e+02   3.4881363e-24
   2.3793527e+02   3.4850391e-24
   2.3848395e+02   3.4819482e-24
   2.3903389e+02   3.4788639e-24
   2.3958511e+02   3.4757863e-24
   2.4013759e+02   3.4727158e-24
   2.4069135e+02   3.4696524e-24
   2.4124639e+02   3.4665965e-24
   2.4180270e+02   3.4635483e-24
   2.4236030e+02   3.4605079e-24
   2.4291919e+02   3.4574757e-24
   2.4347936e+02   3.4544517e-24
   2.4404083e+02   3.4514364e-24
   2.4460359e+02   3.4484299e-24
   2.4516764e+02   3.4454325e-24
   2.4573300e+02   3.4424444e-24
   2.4629967e+02   3.4394659e-24
   2.4686763e+02   3.4364971e-24
   2.4743691e+02   3.4335385e-24
   2.4800750e+02   3.4305902e-24
   2.4857941e+02   3.4276524e-24
   2.4915264e+02   3.4247256e-24
   2.4972719e+02   3.4218098e-24
   2.5030306e+02   3.4189055e-24
   2.5088026e+02   3.4160128e-24
   2.5145879e+02   3.4131321e-24
   2.5203866e+02   3.4102636e-24
   2.5261986e+02   3.4074076e-24
   2.5320240e+02   3.4045644e-24
   2.5378629e+02   3.4017343e-24
   2.5437152e+02   3.3989176e-24
   2.5495811e+02   3.3961146e-24
   2.5554604e+02   3.3933256e-24
   2.5613533e+02   3.3905508e-24
   2.5672598e+02   3.3877907e-24
   2.5731799e+02   3.3850455e-24
   2.5791137e+02   3.3823155e-24
   2.5850612e+02   3.3796011e-24
   2.5910223e+02   3.3769026e-24
   2.5969973e+02   3.3742202e-24
   2.6029859e+02   3.3715544e-24
   2.6089885e+02   3.3689055e-24
   2.6150048e+02   3.3662737e-24
   2.6210350e+02   3.3636595e-24
   2.6270792e+02   3.3610632e-24
   2.6331372e+02   3.3584851e-24
   2.6392092e+02   3.3559257e-24
   2.6452953e+02   3.3533851e-24
   2.6513954e+02   3.3508639e-24
   2.6575095e+02   3.3483624e-24
   2.6636377e+02   3.3458809e-24
   2.6697801e+02   3.3434198e-24
   2.6759366e+02   3.3409796e-24
   2.6821074e+02   3.3385605e-24
   2.6882923e+02   3.3361629e-24
   2.6944915e+02   3.3337873e-24
   2.7007051e+02   3.3314340e-24
   2.7069329e+02   3.3291035e-24
   2.7131751e+02   3.3267961e-24
   2.7194317e+02   3.3245122e-24
   2.7257028e+02   3.3222523e-24
   2.7319882e+02   3.3200167e-24
   2.7382882e+02   3.3178059e-24
   2.7446027e+02   3.3156203e-24
   2.7509318e+02   3.3134603e-24
   2.7572755e+02   3.3113264e-24
   2.7636338e+02   3.3092189e-24
   2.7700067e+02   3.3071383e-24
   2.7763944e+02   3.3050851e-24
   2.7827968e+02   3.3030597e-24
   2.7892139e+02   3.3010626e-24
   2.7956459e+02   3.2990941e-24
   2.8020927e+02   3.2971548e-24
   2.8085543e+02   3.2952451e-24
   2.8150309e+02   3.2933655e-24
   2.8215223e+02   3.2915164e-24
   2.8280288e+02   3.2896984e-24
   2.8345503e+02   3.2879119e-24
   2.8410868e+02   3.2861574e-24
   2.8476383e+02   3.2844353e-24
   2.8542050e+02   3.2827462e-24
   2.8607868e+02   3.2810905e-24
   2.8673838e+02   3.2794688e-24
   2.8739960e+02   3.2778816e-24
   2.8806235e+02   3.2763293e-24
   2.8872662e+02   3.2748124e-24
   2.8939243e+02   3.2733316e-24
   2.9005977e+02   3.2718873e-24
   2.9072865e+02   3.2704800e-24
   2.9139907e+02   3.2691102e-24
   2.9207104e+02   3.2677785e-24
   2.9274456e+02   3.2664854e-24
   2.9341963e+02   3.2652315e-24
   2.9409626e+02   3.2640173e-24
   2.9477444e+02   3.2628433e-24
   2.9545420e+02   3.2617101e-24
   2.9613552e+02   3.2606183e-24
   2.9681841e+02   3.2595683e-24
   2.9750287e+02   3.2585608e-24
   2.9818892e+02   3.2575964e-24
   2.9887654e+02   3.2566755e-24
   2.9956575e+02   3.2557988e-24
   3.0025656e+02   3.2549668e-24
   3.0094895e+02   3.2541802e-24
   3.0164294e+02   3.2534395e-24
   3.0233853e+02   3.2527452e-24
   3.0303573e+02   3.2520981e-24
   3.0373453e+02   3.2514986e-24
   3.0443494e+02   3.2509473e-24
   3.0513697e+02   3.2504450e-24
   3.0584062e+02   3.2499921e-24
   3.0654589e+02   3.2495893e-24
   3.0725279e+02   3.2492372e-24
   3.0796131e+02   3.2489364e-24
   3.0867148e+02   3.2486875e-24
   3.0938327e+02   3.2484912e-24
   3.1009672e+02   3.2483480e-24
   3.1081180e+02   3.2482586e-24
   3.1152853e+02   3.2482236e-24
   3.1224692e+02   3.2482437e-24
   3.1296697e+02   3.2483194e-24
   3.1368867e+02   3.2484514e-24
   3.1441204e+02   3.2486404e-24
   3.1513708e+02   3.2488870e-24
   3.1586378e+02   3.2491918e-24
   3.1659217e+02   3.2495555e-24
   3.1732223e+02   3.2499787e-24
   3.1805398e+02   3.2504621e-24
   3.1878741e+02   3.2510063e-24
   3.1952254e+02   3.2516120e-24
   3.2025936e+02   3.2522798e-24
   3.2099788e+02   3.2530104e-24
   3.2173811e+02   3.2538045e-24
   3.2248004e+02   3.2546627e-24
   3.2322368e+02   3.2555856e-24
   3.2396903e+02   3.2565741e-24
   3.2471611e+02   3.2576286e-24
   3.2546491e+02   3.2587499e-24
   3.2621543e+02   3.2599386e-24
   3.2696769e+02   3.2611954e-24
   3.2772168e+02   3.2625210e-24
   3.2847741e+02   3.2639161e-24
   3.2923488e+02   3.2653813e-24
   3.2999410e+02   3.2669173e-24
   3.3075506e+02   3.2685248e-24
   3.3151779e+02   3.2702044e-24
   3.3228227e+02   3.2719568e-24
   3.3304852e+02   3.2737827e-24
   3.3381653e+02   3.2756828e-24
   3.3458631e+02   3.2776577e-24
   3.3535787e+02   3.2797082e-24
   3.3613121e+02   3.2818348e-24
   3.3690633e+02   3.2840383e-24
   3.3768324e+02   3.2863194e-24
   3.3846194e+02   3.2886786e-24
   3.3924243e+02   3.2911168e-24
   3.4002473e+02   3.2936345e-24
   3.4080883e+02   3.2962324e-24
   3.4159474e+02   3.2989112e-24
   3.4238246e+02   3.3016716e-24
   3.4317199e+02   3.3045143e-24
   3.4396335e+02   3.3074398e-24
   3.4475653e+02   3.3104489e-24
   3.4555154e+02   3.3135423e-24
   3.4634839e+02   3.3167205e-24
   3.4714707e+02   3.3199843e-24
   3.4794759e+02   3.3233344e-24
   3.4874996e+02   3.3267713e-24
   3.4955418e+02   3.3302957e-24
   3.5036026e+02   3.3339083e-24
   3.5116819e+02   3.3376098e-24
   3.5197799e+02   3.3414007e-24
   3.5278965e+02   3.3452818e-24
   3.5360319e+02   3.3492537e-24
   3.5441860e+02   3.3533169e-24
   3.5523589e+02   3.3574723e-24
   3.5605507e+02   3.3617203e-24
   3.5687613e+02   3.3660616e-24
   3.5769909e+02   3.3704969e-24
   3.5852395e+02   3.3750268e-24
   3.5935071e+02   3.3796518e-24
   3.6017937e+02   3.3843727e-24
   3.6100995e+02   3.3891900e-24
   3.6184244e+02   3.3941044e-24
   3.6267685e+02   3.3991164e-24
   3.6351319e+02   3.4042266e-24
   3.6435145e+02   3.4094358e-24
   3.6519165e+02   3.4147444e-24
   3.6603379e+02   3.4201530e-24
   3.6687786e+02   3.4256623e-24
   3.6772389e+02   3.4312728e-24
   3.6857186e+02   3.4369851e-24
   3.6942179e+02   3.4427998e-24
   3.7027368e+02   3.4487174e-24
   3.7112753e+02   3.4547386e-24
   3.7198336e+02   3.4608638e-24
   3.7284115e+02   3.4670937e-24
   3.7370093e+02   3.4734287e-24
   3.7456268e+02   3.4798695e-24
   3.7542643e+02   3.4864166e-24
   3.7629216e+02   3.4930705e-24
   3.7715990e+02   3.4998318e-24
   3.7802963e+02   3.5067009e-24
   3.7890137e+02   3.5136785e-24
   3.7977512e+02   3.5207649e-24
   3.8065088e+02   3.5279609e-24
   3.8152867e+02   3.5352667e-24
   3.8240848e+02   3.5426830e-24
   3.8329031e+02   3.5502103e-24
   3.8417418e+02   3.5578490e-24
   3.8506009e+02   3.5655997e-24
   3.8594804e+02   3.5734628e-24
   3.8683804e+02   3.5814388e-24
   3.8773009e+02   3.5895281e-24
   3.8862420e+02   3.5977313e-24
   3.8952037e+02   3.6060488e-24
   3.9041861e+02   3.6144811e-24
   3.9131892e+02   3.6230285e-24
   3.9222130e+02   3.6316917e-24
   3.9312577e+02   3.6404710e-24
   3.9403232e+02   3.6493668e-24
   3.9494096e+02   3.6583796e-24
   3.9585170e+02   3.6675099e-24
   3.9676453e+02   3.6767580e-24
   3.9767948e+02   3.6861244e-24
   3.9859653e+02   3.6956095e-24
   3.9951569e+02   3.7052137e-24
   4.0043698e+02   3.7149375e-24
   4.0136039e+02   3.7247813e-24
   4.0228593e+02   3.7347455e-24
   4.0321361e+02   3.7448305e-24
   4.0414342e+02   3.7550368e-24
   4.0507538e+02   3.7653647e-24
   4.0600948e+02   3.7758147e-24
   4.0694575e+02   3.7863872e-24
   4.0788417e+02   3.7970827e-24
   4.0882475e+02   3.8079017e-24
   4.0976750e+02   3.8188446e-24
   4.1071243e+02   3.8299119e-24
   4.1165954e+02   3.8411041e-24
   4.1260883e+02   3.8524218e-24
   4.1356030e+02   3.8638656e-24
   4.1451398e+02   3.8754362e-24
   4.1546985e+02   3.8871342e-24
   4.1642793e+02   3.8989606e-24
   4.1738821e+02   3.9109162e-24
   4.1835071e+02   3.9230023e-24
   4.1931543e+02   3.9352200e-24
   4.2028238e+02   3.9475710e-24
   4.2125155e+02   3.9600574e-24
   4.2222296e+02   3.9726817e-24
   4.2319661e+02   3.9854473e-24
   4.2417251e+02   3.9983587e-24
   4.2515065e+02   4.0114219e-24
   4.2613105e+02   4.0246458e-24
   4.2711371e+02   4.0380429e-24
   4.2809864e+02   4.0516322e-24
   4.2908584e+02   4.0654438e-24
   4.3007531e+02   4.0795272e-24
   4.3106707e+02   4.0939691e-24
   4.3206111e+02   4.1089336e-24
   4.3305745e+02   4.1247626e-24
   4.3405608e+02   4.1422719e-24
   4.3505702e+02   4.1638340e-24
   4.3606027e+02   4.1990223e-24
   4.3706582e+02   4.3246641e-24
   4.3807370e+02   1.0571347e-22
   4.3908390e+02   4.3437076e-24
   4.4009643e+02   4.2546961e-24
   4.4111130e+02   4.2501195e-24
   4.4212851e+02   4.2584012e-24
   4.4314806e+02   4.2705045e-24
   4.4416996e+02   4.2841892e-24
   4.4519422e+02   4.2986875e-24
   4.4622084e+02   4.3136795e-24
   4.4724983e+02   4.3290126e-24
   4.4828119e+02   4.3446068e-24
   4.4931493e+02   4.3604169e-24
   4.5035105e+02   4.3764159e-24
   4.5138957e+02   4.3925868e-24
   4.5243047e+02   4.4089186e-24
   4.5347378e+02   4.4254037e-24
   4.5451950e+02   4.4420372e-24
   4.5556762e+02   4.4588154e-24
   4.5661816e+02   4.4757357e-24
   4.5767113e+02   4.4927962e-24
   4.5872652e+02   4.5099955e-24
   4.5978435e+02   4.5273325e-24
   4.6084462e+02   4.5448065e-24
   4.6190733e+02   4.5624168e-24
   4.6297249e+02   4.5801631e-24
   4.6404011e+02   4.5980448e-24
   4.6511019e+02   4.6160619e-24
   4.6618273e+02   4.6342141e-24
   4.6725776e+02   4.6525012e-24
   4.6833526e+02   4.6709231e-24
   4.6941524e+02   4.6894798e-24
   4.7049772e+02   4.7081712e-24
   4.7158269e+02   4.7269972e-24
   4.7267016e+02   4.7459579e-24
   4.7376014e+02   4.7650533e-24
   4.7485264e+02   4.7842833e-24
   4.7594765e+02   4.8036480e-24
   4.7704519e+02   4.8231473e-24
   4.7814526e+02   4.8427814e-24
   4.7924786e+02   4.8625503e-24
   4.8035301e+02   4.8824540e-24
   4.8146071e+02   4.9024925e-24
   4.8257096e+02   4.9226658e-24
   4.8368378e+02   4.9429741e-24
   4.8479915e+02   4.9634174e-24
   4.8591711e+02   4.9839956e-24
   4.8703763e+02   5.0047090e-24
   4.8816075e+02   5.0255574e-24
   4.8928645e+02   5.0465410e-24
   4.9041475e+02   5.0676598e-24
   4.9154565e+02   5.0889139e-24
   4.9267916e+02   5.1103033e-24
   4.9381528e+02   5.1318281e-24
   4.9495402e+02   5.1534882e-24
   4.9609539e+02   5.1752838e-24
   4.9723939e+02   5.1972150e-24
   4.9838602e+02   5.2192817e-24
   4.9953531e+02   5.2414840e-24
   5.0068724e+02   5.2638220e-24
   5.0184183e+02   5.2862957e-24
   5.0299908e+02   5.3089052e-24
   5.0415900e+02   5.3316504e-24
   5.0532159e+02   5.3545316e-24
   5.0648687e+02   5.3775487e-24
   5.0765483e+02   5.4007017e-24
   5.0882549e+02   5.4239907e-24
   5.0999884e+02   5.4474159e-24
   5.1117490e+02   5.4709771e-24
   5.1235368e+02   5.4946745e-24
   5.1353517e+02   5.5185081e-24
   5.1471938e+02   5.5424780e-24
   5.1590633e+02   5.5665842e-24
   5.1709601e+02   5.5908268e-24
   5.1828844e+02   5.6152058e-24
   5.1948362e+02   5.6397212e-24
   5.2068155e+02   5.6643732e-24
   5.2188225e+02   5.6891618e-24
   5.2308571e+02   5.7140870e-24
   5.2429195e+02   5.7391488e-24
   5.2550097e+02   5.7643474e-24
   5.2671278e+02   5.7896828e-24
   5.2792739e+02   5.8151550e-24
   5.2914479e+02   5.8407640e-24
   5.3036500e+02   5.8665101e-24
   5.3158803e+02   5.8923931e-24
   5.3281387e+02   5.9184131e-24
   5.3404255e+02   5.9445702e-24
   5.3527405e+02   5.9708645e-24
   5.3650840e+02   5.9972960e-24
   5.3774559e+02   6.0238648e-24
   5.3898564e+02   6.0505709e-24
   5.4022854e+02   6.0774143e-24
   5.4147431e+02   6.1043952e-24
   5.4272296e+02   6.1315136e-24
   5.4397448e+02   6.1587695e-24
   5.4522889e+02   6.1861631e-24
   5.4648619e+02   6.2136943e-24
   5.4774639e+02   6.2413632e-24
   5.4900950e+02   6.2691699e-24
   5.5027552e+02   6.2971144e-24
   5.5154446e+02   6.3251969e-24
   5.5281633e+02   6.3534173e-24
   5.5409112e+02   6.3817757e-24
   5.5536886e+02   6.4102722e-24
   5.5664955e+02   6.4389069e-24
   5.5793319e+02   6.4676798e-24
   5.5921978e+02   6.4965910e-24
   5.6050935e+02   6.5256406e-24
   5.6180189e+02   6.5548285e-24
   5.6309741e+02   6.5841550e-24
   5.6439591e+02   6.6136200e-24
   5.6569742e+02   6.6432236e-24
   5.6700192e+02   6.6729659e-24
   5.6830943e+02   6.7028470e-24
   5.6961995e+02   6.7328668e-24
   5.7093350e+02   6.7630256e-24
   5.7225008e+02   6.7933234e-24
   5.7356969e+02   6.8237602e-24
   5.7489235e+02   6.8543361e-24
   5.7621806e+02   6.8850513e-24
   5.7754682e+02   6.9159057e-24
   5.7887865e+02   6.9468994e-24
   5.8021354e+02   6.9780325e-24
   5.8155152e+02   7.0093052e-24
   5.8289258e+02   7.0407174e-24
   5.8423674e+02   7.0722693e-24
   5.8558399e+02   7.1039609e-24
   5.8693435e+02   7.1357923e-24
   5.8828783e+02   7.1677637e-24
   5.8964443e+02   7.1998750e-24
   5.9100415e+02   7.2321263e-24
   5.9236701e+02   7.2645178e-24
   5.9373301e+02   7.2970495e-24
   5.9510217e+02   7.3297216e-24
   5.9647448e+02   7.3625340e-24
   5.9784995e+02   7.3954869e-24
   5.9922860e+02   7.4285804e-24
   6.0061042e+02   7.4618146e-24
   6.0199543e+02   7.4951894e-24
   6.0338364e+02   7.5287052e-24
   6.0477505e+02   7.5623618e-24
   6.0616966e+02   7.5961595e-24
   6.0756750e+02   7.6300983e-24
   6.0896855e+02   7.6641783e-24
   6.1037284e+02   7.6983995e-24
   6.1178036e+02   7.7327622e-24
   6.1319113e+02   7.7672663e-24
   6.1460516e+02   7.8019121e-24
   6.1602244e+02   7.8366995e-24
   6.1744299e+02   7.8716286e-24
   6.1886682e+02   7.9066997e-24
   6.2029393e+02   7.9419127e-24
   6.2172433e+02   7.9772677e-24
   6.2315804e+02   8.0127650e-24
   6.2459504e+02   8.0484045e-24
   6.2603536e+02   8.0841864e-24
   6.2747901e+02   8.1201107e-24
   6.2892598e+02   8.1561776e-24
   6.3037629e+02   8.1923872e-24
   6.3182994e+02   8.2287396e-24
   6.3328694e+02   8.2652349e-24
   6.3474731e+02   8.3018731e-24
   6.3621104e+02   8.3386545e-24
   6.3767815e+02   8.3755790e-24
   6.3914864e+02   8.4126469e-24
   6.4062252e+02   8.4498582e-24
   6.4209980e+02   8.4872130e-24
   6.4358049e+02   8.5247114e-24
   6.4506459e+02   8.5623536e-24
   6.4655211e+02   8.6001397e-24
   6.4804307e+02   8.6380697e-24
   6.4953746e+02   8.6761438e-24
   6.5103530e+02   8.7143622e-24
   6.5253659e+02   8.7527248e-24
   6.5404134e+02   8.7912318e-24
   6.5554957e+02   8.8298834e-24
   6.5706127e+02   8.8686796e-24
   6.5857646e+02   8.9076206e-24
   6.6009514e+02   8.9467065e-24
   6.6161732e+02   8.9859374e-24
   6.6314302e+02   9.0253135e-24
   6.6467223e+02   9.0648347e-24
   6.6620497e+02   9.1045013e-24
   6.6774125e+02   9.1443134e-24
   6.6928106e+02   9.1842711e-24
   6.7082443e+02   9.2243746e-24
   6.7237136e+02   9.2646238e-24
   6.7392185e+02   9.3050190e-24
   6.7547592e+02   9.3455604e-24
   6.7703357e+02   9.3862479e-24
   6.7859481e+02   9.4270817e-24
   6.8015966e+02   9.4680620e-24
   6.8172811e+02   9.5091889e-24
   6.8330018e+02   9.5504625e-24
   6.8487588e+02   9.5918830e-24
   6.8645521e+02   9.6334503e-24
   6.8803818e+02   9.6751648e-24
   6.8962480e+02   9.7170265e-24
   6.9121508e+02   9.7590355e-24
   6.9280903e+02   9.8011920e-24
   6.9440665e+02   9.8434961e-24
   6.9600796e+02   9.8859480e-24
   6.9761296e+02   9.9285477e-24
   6.9922166e+02   9.9712953e-24
   7.0083407e+02   1.0014191e-23
   7.0245020e+02   1.0057235e-23
   7.0407005e+02   1.0100428e-23
   7.0569364e+02   1.0143769e-23
   7.0732098e+02   1.0187258e-23
   7.0895207e+02   1.0230897e-23
   7.1058691e+02   1.0274684e-23
   7.1222553e+02   1.0318620e-23
   7.1386793e+02   1.0362706e-23
   7.1551412e+02   1.0406940e-23
   7.1716410e+02   1.0451325e-23
   7.1881788e+02   1.0495859e-23
   7.2047548e+02   1.0540542e-23
   7.2213690e+02   1.0585376e-23
   7.2380216e+02   1.0630359e-23
   7.2547125e+02   1.0675493e-23
   7.2714419e+02   1.0720777e-23
   7.2882099e+02   1.0766211e-23
   7.3050166e+02   1.0811796e-23
   7.3218620e+02   1.0857531e-23
   7.3387463e+02   1.0903418e-23
   7.3556695e+02   1.0949455e-23
   7.3726317e+02   1.0995644e-23
   7.3896331e+02   1.1041983e-23
   7.4066736e+02   1.1088475e-23
   7.4237535e+02   1.1135117e-23
   7.4408727e+02   1.1181912e-23
   7.4580314e+02   1.1228858e-23
   7.4752297e+02   1.1275956e-23
   7.4924676e+02   1.1323206e-23
   7.5097453e+02   1.1370609e-23
   7.5270628e+02   1.1418164e-23
   7.5444203e+02   1.1465871e-23
   7.5618178e+02   1.1513731e-23
   7.5792554e+02   1.1561744e-23
   7.5967332e+02   1.1609910e-23
   7.6142514e+02   1.1658229e-23
   7.6318099e+02   1.1706701e-23
   7.6494089e+02   1.1755327e-23
   7.6670485e+02   1.1804106e-23
   7.6847288e+02   1.1853039e-23
   7.7024498e+02   1.1902126e-23
   7.7202117e+02   1.1951367e-23
   7.7380146e+02   1.2000762e-23
   7.7558585e+02   1.2050312e-23
   7.7737436e+02   1.2100015e-23
   7.7916699e+02   1.2149874e-23
   7.8096375e+02   1.2199887e-23
   7.8276466e+02   1.2250055e-23
   7.8456972e+02   1.2300378e-23
   7.8637895e+02   1.2350856e-23
   7.8819234e+02   1.2401490e-23
   7.9000992e+02   1.2452279e-23
   7.9183169e+02   1.2503224e-23
   7.9365766e+02   1.2554325e-23
   7.9548784e+02   1.2605581e-23
   7.9732224e+02   1.2656994e-23
   7.9916087e+02   1.2708563e-23
   8.0100374e+02   1.2760289e-23
   8.0285086e+02   1.2812171e-23
   8.0470224e+02   1.2864209e-23
   8.0655789e+02   1.2916405e-23
   8.0841782e+02   1.2968758e-23
   8.1028204e+02   1.3021268e-23
   8.1215056e+02   1.3073935e-23
   8.1402338e+02   1.3126760e-23
   8.1590052e+02   1.3179743e-23
   8.1778200e+02   1.3232883e-23
   8.1966781e+02   1.3286182e-23
   8.2155797e+02   1.3339638e-23
   8.2345249e+02   1.3393254e-23
   8.2535138e+02   1.3447027e-23
   8.2725464e+02   1.3500960e-23
   8.2916230e+02   1.3555051e-23
   8.3107435e+02   1.3609302e-23
   8.3299082e+02   1.3663713e-23
   8.3491170e+02   1.3718283e-23
   8.3683701e+02   1.3773013e-23
   8.3876676e+02   1.3827904e-23
   8.4070097e+02   1.3882956e-23
   8.4263963e+02   1.3938171e-23
   8.4458276e+02   1.3993549e-23
   8.4653038e+02   1.4049094e-23
   8.4848248e+02   1.4104811e-23
   8.5043909e+02   1.4160713e-23
   8.5240021e+02   1.4216833e-23
   8.5436585e+02   1.4273293e-23
   8.5633603e+02   1.4330882e-23
   8.5831074e+02   1.4434627e-23
   8.6029001e+02   1.4446804e-23
   8.6227385e+02   1.4499854e-23
   8.6426226e+02   1.4556320e-23
   8.6625525e+02   1.4613297e-23
   8.6825285e+02   1.4670526e-23
   8.7025504e+02   1.4727950e-23
   8.7226186e+02   1.4785551e-23
   8.7427330e+02   1.4843323e-23
   8.7628938e+02   1.4901262e-23
   8.7831011e+02   1.4959367e-23
   8.8033550e+02   1.5017636e-23
   8.8236556e+02   1.5076069e-23
   8.8440030e+02   1.5134666e-23
   8.8643974e+02   1.5193428e-23
   8.8848387e+02   1.5252353e-23
   8.9053272e+02   1.5311442e-23
   8.9258630e+02   1.5370696e-23
   8.9464461e+02   1.5430114e-23
   8.9670767e+02   1.5489697e-23
   8.9877548e+02   1.5549444e-23
   9.0084807e+02   1.5609355e-23
   9.0292543e+02   1.5669432e-23
   9.0500758e+02   1.5729674e-23
   9.0709454e+02   1.5790080e-23
   9.0918630e+02   1.5850652e-23
   9.1128289e+02   1.5911390e-23
   9.1338432e+02   1.5972293e-23
   9.1549059e+02   1.6033363e-23
   9.1760172e+02   1.6094598e-23
   9.1971771e+02   1.6155999e-23
   9.2183859e+02   1.6217567e-23
   9.2396436e+02   1.6279301e-23
   9.2609503e+02   1.6341202e-23
   9.2823061e+02   1.6403270e-23
   9.3037112e+02   1.6465505e-23
   9.3251656e+02   1.6527907e-23
   9.3466695e+02   1.6590476e-23
   9.3682230e+02   1.6653213e-23
   9.3898262e+02   1.6716118e-23
   9.4114792e+02   1.6779191e-23
   9.4331821e+02   1.6842431e-23
   9.4549351e+02   1.6905840e-23
   9.4767383e+02   1.6969418e-23
   9.4985917e+02   1.7033164e-23
   9.5204955e+02   1.7097079e-23
   9.5424499e+02   1.7161163e-23
   9.5644548e+02   1.7225416e-23
   9.5865105e+02   1.7289838e-23
   9.6086171e+02   1.7354430e-23
   9.6307746e+02   1.7419191e-23
   9.6529833e+02   1.7484123e-23
   9.6752431e+02   1.7549224e-23
   9.6975543e+02   1.7614496e-23
   9.7199169e+02   1.7679938e-23
   9.7423312e+02   1.7745551e-23
   9.7647970e+02   1.7811334e-23
   9.7873147e+02   1.7877288e-23
   9.8098844e+02   1.7943414e-23
   9.8325060e+02   1.8009711e-23
   9.8551799e+02   1.8076179e-23
   9.8779060e+02   1.8142820e-23
   9.9006845e+02   1.8209632e-23
   9.9235156e+02   1.8276616e-23
   9.9463993e+02   1.8343772e-23
   9.9693357e+02   1.8411101e-23
   9.9923251e+02   1.8478603e-23
   1.0015367e+03   1.8546277e-23
   1.0038463e+03   1.8614124e-23
   1.0061612e+03   1.8682145e-23
   1.0084814e+03   1.8750339e-23
   1.0108070e+03   1.8818706e-23
   1.0131379e+03   1.8887248e-23
   1.0154742e+03   1.8955963e-23
   1.0178159e+03   1.9024852e-23
   1.0201630e+03   1.9093916e-23
   1.0225155e+03   1.9163154e-23
   1.0248734e+03   1.9232568e-23
   1.0272368e+03   1.9302156e-23
   1.0296056e+03   1.9371919e-23
   1.0319799e+03   1.9441857e-23
   1.0343596e+03   1.9511971e-23
   1.0367449e+03   1.9582261e-23
   1.0391356e+03   1.9652727e-23
   1.0415319e+03   1.9723368e-23
   1.0439336e+03   1.9794187e-23
   1.0463410e+03   1.9865181e-23
   1.0487538e+03   1.9936352e-23
   1.0511723e+03   2.0007701e-23
   1.0535963e+03   2.0079226e-23
   1.0560259e+03   2.0150929e-23
   1.0584611e+03   2.0222809e-23
   1.0609019e+03   2.0294867e-23
   1.0633483e+03   2.0367103e-23
   1.0658004e+03   2.0439517e-23
   1.0682582e+03   2.0512109e-23
   1.0707216e+03   2.0584880e-23
   1.0731907e+03   2.0657829e-23
   1.0756655e+03   2.0730958e-23
   1.0781460e+03   2.0804265e-23
   1.0806322e+03   2.0877753e-23
   1.0831241e+03   2.0951419e-23
   1.0856218e+03   2.1025266e-23
   1.0881253e+03   2.1099292e-23
   1.0906345e+03   2.1173499e-23
   1.0931495e+03   2.1247886e-23
   1.0956703e+03   2.1322453e-23
   1.0981969e+03   2.1397202e-23
   1.1007294e+03   2.1472131e-23
   1.1032677e+03   2.1547242e-23
   1.1058118e+03   2.1622534e-23
   1.1083618e+03   2.1698008e-23
   1.1109177e+03   2.1773664e-23
   1.1134795e+03   2.1849503e-23
   1.1160472e+03   2.1925523e-23
   1.1186208e+03   2.2001726e-23
   1.1212004e+03   2.2078112e-23
   1.1237859e+03   2.2154681e-23
   1.1263773e+03   2.2231433e-23
   1.1289747e+03   2.2308368e-23
   1.1315782e+03   2.2385487e-23
   1.1341876e+03   2.2462790e-23
   1.1368030e+03   2.2540278e-23
   1.1394245e+03   2.2617949e-23
   1.1420520e+03   2.2695805e-23
   1.1446856e+03   2.2773846e-23
   1.1473253e+03   2.2852072e-23
   1.1499710e+03   2.2930484e-23
   1.1526229e+03   2.3009080e-23
   1.1552808e+03   2.3087863e-23
   1.1579449e+03   2.3166831e-23
   1.1606151e+03   2.3245986e-23
   1.1632915e+03   2.3325327e-23
   1.1659741e+03   2.3404855e-23
   1.1686628e+03   2.3484569e-23
   1.1713578e+03   2.3564471e-23
   1.1740589e+03   2.3644560e-23
   1.1767663e+03   2.3724837e-23
   1.1794800e+03   2.3805301e-23
   1.1821998e+03   2.3885954e-23
   1.1849260e+03   2.3966795e-23
   1.1876585e+03   2.4047825e-23
   1.1903972e+03   2.4129043e-23
   1.1931423e+03   2.4210450e-23
   1.1958937e+03   2.4292047e-23
   1.1986514e+03   2.4373834e-23
   1.2014155e+03   2.4455810e-23
   1.2041860e+03   2.4537976e-23
   1.2069628e+03   2.4620333e-23
   1.2097461e+03   2.4702880e-23
   1.2125358e+03   2.4785618e-23
   1.2153319e+03   2.4868548e-23
   1.2181345e+03   2.4951670e-23
   1.2209435e+03   2.5034983e-23
   1.2237590e+03   2.5118490e-23
   1.2265810e+03   2.5202192e-23
   1.2294095e+03   2.5286091e-23
   1.2322445e+03   2.5370197e-23
   1.2350861e+03   2.5454540e-23
   1.2379342e+03   2.5539359e-23
   1.2407889e+03   2.5739981e-23
   1.2436502e+03   2.5709001e-23
   1.2465180e+03   2.5793572e-23
   1.2493925e+03   2.5878732e-23
   1.2522736e+03   2.5964139e-23
   1.2551614e+03   2.6049756e-23
   1.2580558e+03   2.6135574e-23
   1.2609569e+03   2.6221589e-23
   1.2638646e+03   2.6307802e-23
   1.2667791e+03   2.6394210e-23
   1.2697003e+03   2.6480816e-23
   1.2726283e+03   2.6567617e-23
   1.2755630e+03   2.6654616e-23
   1.2785044e+03   2.6741811e-23
   1.2814527e+03   2.6829204e-23
   1.2844077e+03   2.6916794e-23
   1.2873696e+03   2.7004582e-23
   1.2903382e+03   2.7092567e-23
   1.2933138e+03   2.7180751e-23
   1.2962962e+03   2.7269133e-23
   1.2992854e+03   2.7357714e-23
   1.3022816e+03   2.7446494e-23
   1.3052847e+03   2.7535474e-23
   1.3082947e+03   2.7624652e-23
   1.3113116e+03   2.7714031e-23
   1.3143355e+03   2.7803610e-23
   1.3173664e+03   2.7893389e-23
   1.3204042e+03   2.7983370e-23
   1.3234491e+03   2.8073551e-23
   1.3265010e+03   2.8163933e-23
   1.3295599e+03   2.8254517e-23
   1.3326259e+03   2.8345303e-23
   1.3356989e+03   2.8436291e-23
   1.3387790e+03   2.8527481e-23
   1.3418663e+03   2.8618875e-23
   1.3449606e+03   2.8710471e-23
   1.3480621e+03   2.8802271e-23
   1.3511708e+03   2.8894274e-23
   1.3542866e+03   2.8986482e-23
   1.3574096e+03   2.9078893e-23
   1.3605398e+03   2.9171510e-23
   1.3636772e+03   2.9264331e-23
   1.3668218e+03   2.9357357e-23
   1.3699737e+03   2.9450589e-23
   1.3731329e+03   2.9544027e-23
   1.3762993e+03   2.9637671e-23
   1.3794731e+03   2.9731521e-23
   1.3826542e+03   2.9825578e-23
   1.3858426e+03   2.9919842e-23
   1.3890384e+03   3.0014314e-23
   1.3922415e+03   3.0108993e-23
   1.3954520e+03   3.0203880e-23
   1.3986699e+03   3.0298976e-23
   1.4018953e+03   3.0394280e-23
   1.4051281e+03   3.0489793e-23
   1.4083683e+03   3.0585516e-23
   1.4116160e+03   3.0681448e-23
   1.4148712e+03   3.0777590e-23
   1.4181339e+03   3.0873943e-23
   1.4214041e+03   3.0970506e-23
   1.4246819e+03   3.1067280e-23
   1.4279672e+03   3.1164265e-23
   1.4312601e+03   3.1261462e-23
   1.4345606e+03   3.1358871e-23
   1.4378687e+03   3.1456493e-23
   1.4411845e+03   3.1554326e-23
   1.4445079e+03   3.1652373e-23
   1.4478389e+03   3.1750634e-23
   1.4511776e+03   3.1849107e-23
   1.4545241e+03   3.1947795e-23
   1.4578782e+03   3.2046697e-23
   1.4612401e+03   3.2145814e-23
   1.4646097e+03   3.2245146e-23
   1.4679871e+03   3.2344694e-23
   1.4713723e+03   3.2444457e-23
   1.4747653e+03   3.2544436e-23
   1.4781661e+03   3.2644632e-23
   1.4815748e+03   3.2745044e-23
   1.4849913e+03   3.2845674e-23
   1.4884157e+03   3.2946521e-23
   1.4918480e+03   3.3047586e-23
   1.4952882e+03   3.3148869e-23
   1.4987364e+03   3.3250371e-23
   1.5021925e+03   3.3352092e-23
   1.5056565e+03   3.3454032e-23
   1.5091286e+03   3.3556192e-23
   1.5126086e+03   3.3658572e-23
   1.5160967e+03   3.3761172e-23
   1.5195929e+03   3.3863994e-23
   1.5230970e+03   3.3967036e-23
   1.5266093e+03   3.4070300e-23
   1.5301297e+03   3.4173786e-23
   1.5336582e+03   3.4277494e-23
   1.5371948e+03   3.4381425e-23
   1.5407396e+03   3.4485580e-23
   1.5442926e+03   3.4589958e-23
   1.5478537e+03   3.4694559e-23
   1.5514231e+03   3.4799386e-23
   1.5550007e+03   3.4904437e-23
   1.5585865e+03   3.5009715e-23
   1.5621806e+03   3.5115221e-23
   1.5657830e+03   3.5220958e-23
   1.5693937e+03   3.5326944e-23
   1.5730128e+03   3.5433338e-23
   1.5766401e+03   3.5548973e-23
   1.5802759e+03   3.5646252e-23
   1.5839200e+03   3.5753006e-23
   1.5875725e+03   3.5860072e-23
   1.5912335e+03   3.5967381e-23
   1.5949029e+03   3.6074924e-23
   1.5985807e+03   3.6182698e-23
   1.6022671e+03   3.6290702e-23
   1.6059619e+03   3.6398937e-23
   1.6096653e+03   3.6507403e-23
   1.6133772e+03   3.6616100e-23
   1.6170976e+03   3.6725029e-23
   1.6208267e+03   3.6834190e-23
   1.6245643e+03   3.6943582e-23
   1.6283106e+03   3.7053208e-23
   1.6320655e+03   3.7163067e-23
   1.6358290e+03   3.7273159e-23
   1.6396013e+03   3.7383485e-23
   1.6433822e+03   3.7494045e-23
   1.6471719e+03   3.7604841e-23
   1.6509702e+03   3.7715871e-23
   1.6547774e+03   3.7827137e-23
   1.6585933e+03   3.7938640e-23
   1.6624181e+03   3.8050378e-23
   1.6662516e+03   3.8162354e-23
   1.6700940e+03   3.8274567e-23
   1.6739452e+03   3.8387018e-23
   1.6778054e+03   3.8499707e-23
   1.6816744e+03   3.8612635e-23
   1.6855524e+03   3.8725802e-23
   1.6894393e+03   3.8839209e-23
   1.6933351e+03   3.8952855e-23
   1.6972400e+03   3.9066742e-23
   1.7011538e+03   3.9180870e-23
   1.7050767e+03   3.9295240e-23
   1.7090086e+03   3.9409851e-23
   1.7129496e+03   3.9524705e-23
   1.7168997e+03   3.9639801e-23
   1.7208588e+03   3.9755140e-23
   1.7248272e+03   3.9870724e-23
   1.7288046e+03   3.9986551e-23
   1.7327913e+03   4.0102623e-23
   1.7367871e+03   4.0218940e-23
   1.7407921e+03   4.0335502e-23
   1.7448064e+03   4.0452311e-23
   1.7488300e+03   4.0569366e-23
   1.7528628e+03   4.0686667e-23
   1.7569049e+03   4.0804217e-23
   1.7609563e+03   4.0922014e-23
   1.7650171e+03   4.1040059e-23
   1.7690872e+03   4.1158354e-23
   1.7731668e+03   4.1276897e-23
   1.7772557e+03   4.1395691e-23
   1.7813541e+03   4.1514735e-23
   1.7854619e+03   4.1634029e-23
   1.7895792e+03   4.1753575e-23
   1.7937060e+03   4.1873373e-23
   1.7978423e+03   4.1993423e-23
   1.8019881e+03   4.2113725e-23
   1.8061435e+03   4.2234281e-23
   1.8103085e+03   4.2355091e-23
   1.8144831e+03   4.2476154e-23
   1.8186673e+03   4.2597473e-23
   1.8228611e+03   4.2719047e-23
   1.8270647e+03   4.2840876e-23
   1.8312779e+03   4.2962962e-23
   1.8355008e+03   4.3085304e-23
   1.8397335e+03   4.3207904e-23
   1.8439759e+03   4.3330762e-23
   1.8482282e+03   4.3453878e-23
   1.8524902e+03   4.3577252e-23
   1.8567621e+03   4.3700887e-23
   1.8610438e+03   4.3824781e-23
   1.8653353e+03   4.3948935e-23
   1.8696368e+03   4.4073350e-23
   1.8739482e+03   4.4198027e-23
   1.8782696e+03   4.4322967e-23
   1.8826009e+03   4.4448169e-23
   1.8869422e+03   4.4573637e-23
   1.8912935e+03   4.4699378e-23
   1.8956548e+03   4.4825492e-23
   1.9000262e+03   4.4952036e-23
   1.9044077e+03   4.5078155e-23
   1.9087992e+03   4.5204922e-23
   1.9132009e+03   4.5331970e-23
   1.9176128e+03   4.5459287e-23
   1.9220348e+03   4.5586874e-23
   1.9264671e+03   4.5714728e-23
   1.9309095e+03   4.5842851e-23
   1.9353622e+03   4.5971243e-23
   1.9398252e+03   4.6099905e-23
   1.9442984e+03   4.6228837e-23
   1.9487820e+03   4.6358039e-23
   1.9532759e+03   4.6487513e-23
   1.9577802e+03   4.6617258e-23
   1.9622948e+03   4.6747276e-23
   1.9668199e+03   4.6877566e-23
   1.9713554e+03   4.7008130e-23
   1.9759013e+03   4.7138968e-23
   1.9804578e+03   4.7270081e-23
   1.9850247e+03   4.7401468e-23
   1.9896022e+03   4.7533132e-23
   1.9941903e+03   4.7665071e-23
   1.9987889e+03   4.7797288e-23
   2.0033981e+03   4.7929782e-23
   2.0080179e+03   4.8062554e-23
   2.0126484e+03   4.8195604e-23
   2.0172896e+03   4.8328934e-23
   2.0219415e+03   4.8462543e-23
   2.0266041e+03   4.8596433e-23
   2.0312775e+03   4.8730604e-23
   2.0359616e+03   4.8865057e-23
   2.0406566e+03   4.8999791e-23
   2.0453623e+03   4.9134808e-23
   2.0500790e+03   4.9270109e-23
   2.0548065e+03   4.9405693e-23
   2.0595449e+03   4.9541563e-23
   2.0642942e+03   4.9677717e-23
   2.0690545e+03   4.9814157e-23
   2.0738257e+03   4.9950883e-23
   2.0786080e+03   5.0087896e-23
   2.0834013e+03   5.0225197e-23
   2.0882056e+03   5.0362786e-23
   2.0930210e+03   5.0500664e-23
   2.0978475e+03   5.0638832e-23
   2.1026852e+03   5.0777289e-23
   2.1075340e+03   5.0916037e-23
   2.1123940e+03   5.1055076e-23
   2.1172652e+03   5.1194408e-23
   2.1221476e+03   5.1334032e-23
   2.1270413e+03   5.1473949e-23
   2.1319463e+03   5.1614160e-23
   2.1368626e+03   5.1754665e-23
   2.1417902e+03   5.1895465e-23
   2.1467292e+03   5.2036561e-23
   2.1516796e+03   5.2177954e-23
   2.1566413e+03   5.2319643e-23
   2.1616146e+03   5.2461630e-23
   2.1665993e+03   5.2603916e-23
   2.1715955e+03   5.2746500e-23
   2.1766032e+03   5.2889384e-23
   2.1816224e+03   5.3032569e-23
   2.1866533e+03   5.3176054e-23
   2.1916957e+03   5.3319841e-23
   2.1967498e+03   5.3463930e-23
   2.2018155e+03   5.3608321e-23
   2.2068929e+03   5.3753017e-23
   2.2119820e+03   5.3898016e-23
   2.2170829e+03   5.4043321e-23
   2.2221955e+03   5.4188931e-23
   2.2273199e+03   5.4334847e-23
   2.2324561e+03   5.4481071e-23
   2.2376042e+03   5.4627602e-23
   2.2427641e+03   5.4774441e-23
   2.2479359e+03   5.4921591e-23
   2.2531197e+03   5.5069062e-23
   2.2583154e+03   5.5217159e-23
   2.2635231e+03   5.5364900e-23
   2.2687428e+03   5.5513285e-23
   2.2739745e+03   5.5661986e-23
   2.2792183e+03   5.5811001e-23
   2.2844742e+03   5.5960331e-23
   2.2897422e+03   5.6109975e-23
   2.2950224e+03   5.6259934e-23
   2.3003147e+03   5.6410208e-23
   2.3056193e+03   5.6560800e-23
   2.3109361e+03   5.6711709e-23
   2.3162651e+03   5.6862935e-23
   2.3216064e+03   5.7014481e-23
   2.3269601e+03   5.7166345e-23
   2.3323261e+03   5.7318530e-23
   2.3377044e+03   5.7471036e-23
   2.3430952e+03   5.7623863e-23
   2.3484984e+03   5.7777012e-23
   2.3539140e+03   5.7930484e-23
   2.3593422e+03   5.8084280e-23
   2.3647828e+03   5.8238400e-23
   2.3702360e+03   5.8392846e-23
   2.3757018e+03   5.8547617e-23
   2.3811802e+03   5.8702715e-23
   2.3866712e+03   5.8858140e-23
   2.3921749e+03   5.9013893e-23
   2.3976913e+03   5.9169976e-23
   2.4032204e+03   5.9326387e-23
   2.4087622e+03   5.9483129e-23
   2.4143168e+03   5.9640202e-23
   2.4198843e+03   5.9797607e-23
   2.4254646e+03   5.9955344e-23
   2.4310577e+03   6.0113414e-23
   2.4366637e+03   6.0271819e-23
   2.4422827e+03   6.0430558e-23
   2.4479146e+03   6.0589633e-23
   2.4535595e+03   6.0749044e-23
   2.4592175e+03   6.0908792e-23
   2.4648884e+03   6.1068878e-23
   2.4705725e+03   6.1229303e-23
   2.4762696e+03   6.1390067e-23
   2.4819799e+03   6.1551171e-23
   2.4877034e+03   6.1712616e-23
   2.4934401e+03   6.1874403e-23
   2.4991900e+03   6.2036532e-23
   2.5049531e+03   6.2199005e-23
   2.5107295e+03   6.2361821e-23
   2.5165193e+03   6.2524982e-23
   2.5223224e+03   6.2688489e-23
   2.5281389e+03   6.2852342e-23
   2.5339688e+03   6.3016543e-23
   2.5398122e+03   6.3181091e-23
   2.5456690e+03   6.3345988e-23
   2.5515393e+03   6.3511235e-23
   2.5574232e+03   6.3676832e-23
   2.5633206e+03   6.3842780e-23
   2.5692317e+03   6.4009080e-23
   2.5751563e+03   6.4175733e-23
   2.5810947e+03   6.4342740e-23
   2.5870467e+03   6.4510101e-23
   2.5930124e+03   6.4677817e-23
   2.5989920e+03   6.4845889e-23
   2.6049852e+03   6.5014318e-23
   2.6109924e+03   6.5183104e-23
   2.6170133e+03   6.5352250e-23
   2.6230482e+03   6.5521754e-23
   2.6290970e+03   6.5691618e-23
   2.6351597e+03   6.5861844e-23
   2.6412364e+03   6.6032431e-23
   2.6473271e+03   6.6203381e-23
   2.6534318e+03   6.6374695e-23
   2.6595507e+03   6.6546378e-23
   2.6656836e+03   6.6718429e-23
   2.6718307e+03   6.6890825e-23
   2.6779920e+03   6.7063600e-23
   2.6841674e+03   6.7236743e-23
   2.6903571e+03   6.7410255e-23
   2.6965611e+03   6.7584136e-23
   2.7027794e+03   6.7758387e-23
   2.7090121e+03   6.7933010e-23
   2.7152591e+03   6.8108004e-23
   2.7215205e+03   6.8283371e-23
   2.7277963e+03   6.8459112e-23
   2.7340866e+03   6.8635228e-23
   2.7403915e+03   6.8811719e-23
   2.7467108e+03   6.8988586e-23
   2.7530448e+03   6.9165830e-23
   2.7593933e+03   6.9343452e-23
   2.7657565e+03   6.9521454e-23
   2.7721343e+03   6.9699835e-23
   2.7785269e+03   6.9878596e-23
   2.7849342e+03   7.0057739e-23
   2.7913563e+03   7.0237265e-23
   2.7977932e+03   7.0417174e-23
   2.8042449e+03   7.0597467e-23
   2.8107115e+03   7.0778145e-23
   2.8171930e+03   7.0959210e-23
   2.8236895e+03   7.1140661e-23
   2.8302010e+03   7.1322500e-23
   2.8367274e+03   7.1504728e-23
   2.8432689e+03   7.1687345e-23
   2.8498255e+03   7.1870353e-23
   2.8563972e+03   7.2053752e-23
   2.8629841e+03   7.2237544e-23
   2.8695862e+03   7.2421729e-23
   2.8762035e+03   7.2606308e-23
   2.8828360e+03   7.2791282e-23
   2.8894839e+03   7.2976652e-23
   2.8961470e+03   7.3162419e-23
   2.9028256e+03   7.3348584e-23
   2.9095195e+03   7.3535148e-23
   2.9162289e+03   7.3722112e-23
   2.9229537e+03   7.3909476e-23
   2.9296941e+03   7.4097242e-23
   2.9364500e+03   7.4285410e-23
   2.9432215e+03   7.4473982e-23
   2.9500085e+03   7.4662958e-23
   2.9568113e+03   7.4852340e-23
   2.9636297e+03   7.5042128e-23
   2.9704639e+03   7.5232323e-23
   2.9773138e+03   7.5422927e-23
   2.9841795e+03   7.5613939e-23
   2.9910610e+03   7.5805362e-23
   2.9979584e+03   7.5997196e-23
   3.0048718e+03   7.6189442e-23
   3.0118010e+03   7.6382102e-23
   3.0187463e+03   7.6575175e-23
   3.0257075e+03   7.6768663e-23
   3.0326848e+03   7.6962567e-23
   3.0396782e+03   7.7156888e-23
   3.0466877e+03   7.7351627e-23
   3.0537134e+03   7.7546785e-23
   3.0607553e+03   7.7742362e-23
   3.0678134e+03   7.7938361e-23
   3.0748878e+03   7.8134782e-23
   3.0819785e+03   7.8331625e-23
   3.0890856e+03   7.8528892e-23
   3.0962091e+03   7.8726627e-23
   3.1033489e+03   7.8924703e-23
   3.1105053e+03   7.9123247e-23
   3.1176781e+03   7.9322219e-23
   3.1248675e+03   7.9521620e-23
   3.1320735e+03   7.9721451e-23
   3.1392961e+03   7.9921714e-23
   3.1465353e+03   8.0122408e-23
   3.1537913e+03   8.0323534e-23
   3.1610639e+03   8.0525095e-23
   3.1683534e+03   8.0727091e-23
   3.1756596e+03   8.0929523e-23
   3.1829827e+03   8.1132391e-23
   3.1903227e+03   8.1335698e-23
   3.1976796e+03   8.1539444e-23
   3.2050535e+03   8.1743630e-23
   3.2124443e+03   8.1948257e-23
   3.2198523e+03   8.2153326e-23
   3.2272773e+03   8.2358838e-23
   3.2347194e+03   8.2564795e-23
   3.2421787e+03   8.2771197e-23
   3.2496552e+03   8.2978046e-23
   3.2571489e+03   8.3185341e-23
   3.2646599e+03   8.3393086e-23
   3.2721882e+03   8.3601279e-23
   3.2797339e+03   8.3809924e-23
   3.2872970e+03   8.4019020e-23
   3.2948776e+03   8.4228568e-23
   3.3024756e+03   8.4438571e-23
   3.3100911e+03   8.4649028e-23
   3.3177242e+03   8.4859941e-23
   3.3253749e+03   8.5071312e-23
   3.3330432e+03   8.5283140e-23
   3.3407293e+03   8.5495428e-23
   3.3484330e+03   8.5708176e-23
   3.3561545e+03   8.5921385e-23
   3.3638938e+03   8.6135056e-23
   3.3716510e+03   8.6349191e-23
   3.3794261e+03   8.6563791e-23
   3.3872190e+03   8.6778857e-23
   3.3950300e+03   8.6994389e-23
   3.4028590e+03   8.7210389e-23
   3.4107060e+03   8.7426858e-23
   3.4185711e+03   8.7643798e-23
   3.4264543e+03   8.7861208e-23
   3.4343558e+03   8.8079091e-23
   3.4422754e+03   8.8297448e-23
   3.4502133e+03   8.8516279e-23
   3.4581695e+03   8.8735586e-23
   3.4661441e+03   8.8955370e-23
   3.4741371e+03   8.9175631e-23
   3.4821485e+03   8.9396372e-23
   3.4901783e+03   8.9617593e-23
   3.4982267e+03   8.9839296e-23
   3.5062936e+03   9.0061481e-23
   3.5143792e+03   9.0284149e-23
   3.5224834e+03   9.0507303e-23
   3.5306062e+03   9.0730942e-23
   3.5387478e+03   9.0955074e-23
   3.5469082e+03   9.1179684e-23
   3.5550874e+03   9.1404787e-23
   3.5632855e+03   9.1630382e-23
   3.5715024e+03   9.1856469e-23
   3.5797383e+03   9.2083048e-23
   3.5879932e+03   9.2310122e-23
   3.5962672e+03   9.2537690e-23
   3.6045602e+03   9.2765755e-23
   3.6128724e+03   9.2994318e-23
   3.6212037e+03   9.3223380e-23
   3.6295542e+03   9.3452941e-23
   3.6379240e+03   9.3683004e-23
   3.6463130e+03   9.3913569e-23
   3.6547215e+03   9.4144637e-23
   3.6631493e+03   9.4376210e-23
   3.6715965e+03   9.4608289e-23
   3.6800633e+03   9.4840875e-23
   3.6885495e+03   9.5073970e-23
   3.6970553e+03   9.5307574e-23
   3.7055808e+03   9.5541688e-23
   3.7141259e+03   9.5776315e-23
   3.7226907e+03   9.6011454e-23
   3.7312752e+03   9.6247108e-23
   3.7398796e+03   9.6483278e-23
   3.7485038e+03   9.6719964e-23
   3.7571479e+03   9.6957169e-23
   3.7658119e+03   9.7194893e-23
   3.7744959e+03   9.7433137e-23
   3.7831999e+03   9.7671903e-23
   3.7919240e+03   9.7911191e-23
   3.8006682e+03   9.8151004e-23
   3.8094325e+03   9.8391343e-23
   3.8182171e+03   9.8632208e-23
   3.8270220e+03   9.8873601e-23
   3.8358471e+03   9.9115523e-23
   3.8446926e+03   9.9357976e-23
   3.8535585e+03   9.9600960e-23
   3.8624448e+03   9.9844477e-23
   3.8713516e+03   1.0008853e-22
   3.8802790e+03   1.0033312e-22
   3.8892270e+03   1.0057824e-22
   3.8981955e+03   1.0082390e-22
   3.9071848e+03   1.0107010e-22
   3.9161948e+03   1.0131684e-22
   3.9252256e+03   1.0156413e-22
   3.9342772e+03   1.0181195e-22
   3.9433497e+03   1.0206032e-22
   3.9524431e+03   1.0230924e-22
   3.9615574e+03   1.0255871e-22
   3.9706928e+03   1.0280872e-22
   3.9798493e+03   1.0305941e-22
   3.9890268e+03   1.0331039e-22
   3.9982255e+03   1.0356206e-22
   4.0074455e+03   1.0381427e-22
   4.0166867e+03   1.0406705e-22
   4.0259492e+03   1.0432038e-22
   4.0352331e+03   1.0457426e-22
   4.0445383e+03   1.0482871e-22
   4.0538651e+03   1.0508371e-22
   4.0632133e+03   1.0533928e-22
   4.0725831e+03   1.0559541e-22
   4.0819745e+03   1.0585211e-22
   4.0913876e+03   1.0610937e-22
   4.1008224e+03   1.0636719e-22
   4.1102789e+03   1.0662559e-22
   4.1197572e+03   1.0688455e-22
   4.1292574e+03   1.0714408e-22
   4.1387795e+03   1.0740419e-22
   4.1483236e+03   1.0766487e-22
   4.1578896e+03   1.0792613e-22
   4.1674778e+03   1.0818796e-22
   4.1770880e+03   1.0845037e-22
   4.1867204e+03   1.0871336e-22
   4.1963750e+03   1.0897692e-22
   4.2060519e+03   1.0924107e-22
   4.2157511e+03   1.0950581e-22
   4.2254726e+03   1.0977113e-22
   4.2352166e+03   1.1003703e-22
   4.2449830e+03   1.1030352e-22
   4.2547720e+03   1.1057060e-22
   4.2645835e+03   1.1083827e-22
   4.2744177e+03   1.1110653e-22
   4.2842745e+03   1.1137538e-22
   4.2941541e+03   1.1164483e-22
   4.3040565e+03   1.1191488e-22
   4.3139816e+03   1.1218552e-22
   4.3239297e+03   1.1245676e-22
   4.3339007e+03   1.1272860e-22
   4.3438947e+03   1.1300104e-22
   4.3539118e+03   1.1327408e-22
   4.3639519e+03   1.1354773e-22
   4.3740153e+03   1.1382198e-22
   4.3841018e+03   1.1409684e-22
   4.3942115e+03   1.1437231e-22
   4.4043446e+03   1.1464839e-22
   4.4145011e+03   1.1492508e-22
   4.4246810e+03   1.1520238e-22
   4.4348843e+03   1.1548030e-22
   4.4451112e+03   1.1575883e-22
   4.4553616e+03   1.1603798e-22
   4.4656357e+03   1.1631775e-22
   4.4759335e+03   1.1659814e-22
   4.4862551e+03   1.1687915e-22
   4.4966004e+03   1.1716079e-22
   4.5069696e+03   1.1744304e-22
   4.5173627e+03   1.1772593e-22
   4.5277798e+03   1.1800944e-22
   4.5382209e+03   1.1829358e-22
   4.5486860e+03   1.1857835e-22
   4.5591753e+03   1.1886375e-22
   4.5696888e+03   1.1914979e-22
   4.5802266e+03   1.1943646e-22
   4.5907886e+03   1.1972377e-22
   4.6013750e+03   1.2001172e-22
   4.6119858e+03   1.2030030e-22
   4.6226211e+03   1.2058953e-22
   4.6332809e+03   1.2087940e-22
   4.6439653e+03   1.2116991e-22
   4.6546743e+03   1.2146107e-22
   4.6654080e+03   1.2175287e-22
   4.6761665e+03   1.2204533e-22
   4.6869497e+03   1.2233843e-22
   4.6977579e+03   1.2263219e-22
   4.7085910e+03   1.2292660e-22
   4.7194490e+03   1.2322166e-22
   4.7303321e+03   1.2351738e-22
   4.7412403e+03   1.2381376e-22
   4.7521736e+03   1.2411080e-22
   4.7631321e+03   1.2440849e-22
   4.7741160e+03   1.2470686e-22
   4.7851251e+03   1.2500589e-22
   4.7961597e+03   1.2530557e-22
   4.8072196e+03   1.2560593e-22
   4.8183051e+03   1.2590696e-22
   4.8294162e+03   1.2620865e-22
   4.8405528e+03   1.2651102e-22
   4.8517152e+03   1.2681406e-22
   4.8629033e+03   1.2711778e-22
   4.8741172e+03   1.2742218e-22
   4.8853569e+03   1.2772725e-22
   4.8966226e+03   1.2803300e-22
   4.9079142e+03   1.2833944e-22
   4.9192319e+03   1.2864656e-22
   4.9305757e+03   1.2895436e-22
   4.9419457e+03   1.2926285e-22
   4.9533418e+03   1.2957202e-22
   4.9647643e+03   1.2988189e-22
   4.9762131e+03   1.3019245e-22
   4.9876882e+03   1.3050370e-22
   4.9991899e+03   1.3081565e-22
   5.0107181e+03   1.3112829e-22
   5.0222728e+03   1.3144163e-22
   5.0338542e+03   1.3175567e-22
   5.0454623e+03   1.3207041e-22
   5.0570972e+03   1.3238585e-22
   5.0687589e+03   1.3270200e-22
   5.0804475e+03   1.3301885e-22
   5.0921630e+03   1.3333641e-22
   5.1039056e+03   1.3365468e-22
   5.1156753e+03   1.3397367e-22
   5.1274720e+03   1.3429336e-22
   5.1392960e+03   1.3461377e-22
   5.1511473e+03   1.3493490e-22
   5.1630259e+03   1.3525674e-22
   5.1749319e+03   1.3557930e-22
   5.1868653e+03   1.3590259e-22
   5.1988262e+03   1.3622660e-22
   5.2108148e+03   1.3655133e-22
   5.2228309e+03   1.3687679e-22
   5.2348748e+03   1.3720297e-22
   5.2469465e+03   1.3752989e-22
   5.2590460e+03   1.3785754e-22
   5.2711734e+03   1.3818592e-22
   5.2833288e+03   1.3851503e-22
   5.2955122e+03   1.3884489e-22
   5.3077236e+03   1.3917548e-22
   5.3199633e+03   1.3950681e-22
   5.3322312e+03   1.3983888e-22
   5.3445273e+03   1.4017170e-22
   5.3568519e+03   1.4050527e-22
   5.3692048e+03   1.4083958e-22
   5.3815862e+03   1.4117463e-22
   5.3939962e+03   1.4151044e-22
   5.4064348e+03   1.4184701e-22
   5.4189021e+03   1.4218432e-22
   5.4313981e+03   1.4252240e-22
   5.4439230e+03   1.4286123e-22
   5.4564767e+03   1.4320082e-22
   5.4690594e+03   1.4354117e-22
   5.4816711e+03   1.4388228e-22
   5.4943118e+03   1.4422416e-22
   5.5069818e+03   1.4456681e-22
   5.5196809e+03   1.4491023e-22
   5.5324093e+03   1.4525441e-22
   5.5451671e+03   1.4559937e-22
   5.5579543e+03   1.4594510e-22
   5.5707710e+03   1.4629161e-22
   5.5836172e+03   1.4663890e-22
   5.5964931e+03   1.4698696e-22
   5.6093986e+03   1.4733581e-22
   5.6223340e+03   1.4768544e-22
   5.6352991e+03   1.4803586e-22
   5.6482942e+03   1.4838706e-22
   5.6613192e+03   1.4873905e-22
   5.6743742e+03   1.4909183e-22
   5.6874594e+03   1.4944540e-22
   5.7005747e+03   1.4979977e-22
   5.7137202e+03   1.5015494e-22
   5.7268961e+03   1.5051090e-22
   5.7401024e+03   1.5086766e-22
   5.7533391e+03   1.5122523e-22
   5.7666064e+03   1.5158360e-22
   5.7799042e+03   1.5194277e-22
   5.7932327e+03   1.5230275e-22
   5.8065919e+03   1.5266354e-22
   5.8199820e+03   1.5302515e-22
   5.8334029e+03   1.5338756e-22
   5.8468548e+03   1.5375079e-22
   5.8603377e+03   1.5411484e-22
   5.8738517e+03   1.5447971e-22
   5.8873968e+03   1.5484540e-22
   5.9009732e+03   1.5521191e-22
   5.9145809e+03   1.5557924e-22
   5.9282199e+03   1.5594741e-22
   5.9418905e+03   1.5631640e-22
   5.9555925e+03   1.5668622e-22
   5.9693262e+03   1.5705687e-22
   5.9830915e+03   1.5742836e-22
   5.9968885e+03   1.5780069e-22
   6.0107174e+03   1.5817385e-22
   6.0245781e+03   1.5854786e-22
   6.0384709e+03   1.5892271e-22
   6.0523956e+03   1.5929840e-22
   6.0663525e+03   1.5967494e-22
   6.0803416e+03   1.6005232e-22
   6.0943629e+03   1.6043056e-22
   6.1084165e+03   1.6080965e-22
   6.1225026e+03   1.6118959e-22
   6.1366211e+03   1.6157039e-22
   6.1507722e+03   1.6195205e-22
   6.1649559e+03   1.6233457e-22
   6.1791724e+03   1.6271795e-22
   6.1934216e+03   1.6310219e-22
   6.2077037e+03   1.6348731e-22
   6.2220187e+03   1.6387329e-22
   6.2363667e+03   1.6426014e-22
   6.2507478e+03   1.6464786e-22
   6.2651621e+03   1.6503662e-22
   6.2796096e+03   1.6542594e-22
   6.2940904e+03   1.6581629e-22
   6.3086046e+03   1.6620753e-22
   6.3231523e+03   1.6659964e-22
   6.3377336e+03   1.6699265e-22
   6.3523484e+03   1.6738654e-22
   6.3669970e+03   1.6778132e-22
   6.3816793e+03   1.6817699e-22
   6.3963955e+03   1.6857355e-22
   6.4111457e+03   1.6897101e-22
   6.4259298e+03   1.6936936e-22
   6.4407481e+03   1.6976862e-22
   6.4556005e+03   1.7016878e-22
   6.4704871e+03   1.7056984e-22
   6.4854081e+03   1.7097181e-22
   6.5003635e+03   1.7137468e-22
   6.5153534e+03   1.7177847e-22
   6.5303779e+03   1.7218317e-22
   6.5454370e+03   1.7258878e-22
   6.5605308e+03   1.7299531e-22
   6.5756594e+03   1.7340276e-22
   6.5908230e+03   1.7381113e-22
   6.6060215e+03   1.7422042e-22
   6.6212550e+03   1.7463064e-22
   6.6365237e+03   1.7504179e-22
   6.6518275e+03   1.7545386e-22
   6.6671667e+03   1.7586687e-22
   6.6825412e+03   1.7628081e-22
   6.6979512e+03   1.7669569e-22
   6.7133968e+03   1.7711150e-22
   6.7288779e+03   1.7752826e-22
   6.7443947e+03   1.7794596e-22
   6.7599474e+03   1.7836460e-22
   6.7755359e+03   1.7878419e-22
   6.7911603e+03   1.7920473e-22
   6.8068208e+03   1.7962622e-22
   6.8225173e+03   1.8004867e-22
   6.8382501e+03   1.8047207e-22
   6.8540192e+03   1.8089643e-22
   6.8698246e+03   1.8132175e-22
   6.8856665e+03   1.8174804e-22
   6.9015449e+03   1.8217529e-22
   6.9174599e+03   1.8260350e-22
   6.9334116e+03   1.8303269e-22
   6.9494001e+03   1.8346285e-22
   6.9654255e+03   1.8389398e-22
   6.9814878e+03   1.8432609e-22
   6.9975872e+03   1.8475918e-22
   7.0137236e+03   1.8519324e-22
   7.0298973e+03   1.8562830e-22
   7.0461083e+03   1.8606433e-22
   7.0623567e+03   1.8650136e-22
   7.0786426e+03   1.8693937e-22
   7.0949660e+03   1.8737838e-22
   7.1113270e+03   1.8781839e-22
   7.1277258e+03   1.8825939e-22
   7.1441624e+03   1.8870139e-22
   7.1606369e+03   1.8914439e-22
   7.1771494e+03   1.8958840e-22
   7.1936999e+03   1.9003341e-22
   7.2102886e+03   1.9047943e-22
   7.2269156e+03   1.9092646e-22
   7.2435809e+03   1.9137451e-22
   7.2602847e+03   1.9182357e-22
   7.2770270e+03   1.9227365e-22
   7.2938079e+03   1.9272476e-22
   7.3106274e+03   1.9317688e-22
   7.3274858e+03   1.9363003e-22
   7.3443830e+03   1.9408421e-22
   7.3613192e+03   1.9453942e-22
   7.3782945e+03   1.9499566e-22
   7.3953089e+03   1.9545294e-22
   7.4123625e+03   1.9591126e-22
   7.4294555e+03   1.9637061e-22
   7.4465879e+03   1.9683101e-22
   7.4637598e+03   1.9729245e-22
   7.4809713e+03   1.9775494e-22
   7.4982224e+03   1.9821848e-22
   7.5155134e+03   1.9868308e-22
   7.5328442e+03   1.9914872e-22
   7.5502150e+03   1.9961543e-22
   7.5676259e+03   2.0008319e-22
   7.5850769e+03   2.0055202e-22
   7.6025681e+03   2.0102191e-22
   7.6200997e+03   2.0149287e-22
   7.6376717e+03   2.0196490e-22
   7.6552842e+03   2.0243800e-22
   7.6729374e+03   2.0291217e-22
   7.6906312e+03   2.0338742e-22
   7.7083659e+03   2.0386375e-22
   7.7261414e+03   2.0434117e-22
   7.7439580e+03   2.0481967e-22
   7.7618156e+03   2.0529925e-22
   7.7797144e+03   2.0577993e-22
   7.7976545e+03   2.0626169e-22
   7.8156359e+03   2.0674456e-22
   7.8336589e+03   2.0722852e-22
   7.8517233e+03   2.0771358e-22
   7.8698295e+03   2.0819974e-22
   7.8879774e+03   2.0868701e-22
   7.9061671e+03   2.0917538e-22
   7.9243988e+03   2.0966487e-22
   7.9426725e+03   2.1015547e-22
   7.9609884e+03   2.1064718e-22
   7.9793465e+03   2.1114002e-22
   7.9977469e+03   2.1163397e-22
   8.0161898e+03   2.1212905e-22
   8.0346752e+03   2.1262525e-22
   8.0532032e+03   2.1312263e-22
   8.0717739e+03   2.1362104e-22
   8.0903875e+03   2.1412064e-22
   8.1090440e+03   2.1462137e-22
   8.1277435e+03   2.1512325e-22
   8.1464861e+03   2.1562626e-22
   8.1652720e+03   2.1613042e-22
   8.1841012e+03   2.1663573e-22
   8.2029738e+03   2.1714218e-22
   8.2218899e+03   2.1764979e-22
   8.2408496e+03   2.1815855e-22
   8.2598531e+03   2.1866847e-22
   8.2789004e+03   2.1917956e-22
   8.2979916e+03   2.1969180e-22
   8.3171268e+03   2.2020521e-22
   8.3363062e+03   2.2071979e-22
   8.3555298e+03   2.2123555e-22
   8.3747977e+03   2.2175247e-22
   8.3941100e+03   2.2227058e-22
   8.4134669e+03   2.2278986e-22
   8.4328684e+03   2.2331032e-22
   8.4523147e+03   2.2383197e-22
   8.4718058e+03   2.2435481e-22
   8.4913419e+03   2.2487884e-22
   8.5109230e+03   2.2540407e-22
   8.5305492e+03   2.2593048e-22
   8.5502207e+03   2.2645810e-22
   8.5699376e+03   2.2698692e-22
   8.5896999e+03   2.2751695e-22
   8.6095078e+03   2.2804818e-22
   8.6293614e+03   2.2858062e-22
   8.6492608e+03   2.2911428e-22
   8.6692061e+03   2.2964915e-22
   8.6891973e+03   2.3018524e-22
   8.7092347e+03   2.3072256e-22
   8.7293182e+03   2.3126109e-22
   8.7494481e+03   2.3180086e-22
   8.7696244e+03   2.3234185e-22
   8.7898472e+03   2.3288408e-22
   8.8101167e+03   2.3342754e-22
   8.8304329e+03   2.3397225e-22
   8.8507959e+03   2.3451819e-22
   8.8712059e+03   2.3506538e-22
   8.8916630e+03   2.3561382e-22
   8.9121672e+03   2.3616350e-22
   8.9327188e+03   2.3671444e-22
   8.9533177e+03   2.3726664e-22
   8.9739641e+03   2.3782010e-22
   8.9946581e+03   2.3837481e-22
   9.0153999e+03   2.3893080e-22
   9.0361895e+03   2.3948805e-22
   9.0570270e+03   2.4004657e-22
   9.0779126e+03   2.4060637e-22
   9.0988463e+03   2.4116744e-22
   9.1198283e+03   2.4172979e-22
   9.1408587e+03   2.4229343e-22
   9.1619376e+03   2.4285835e-22
   9.1830651e+03   2.4342456e-22
   9.2042413e+03   2.4399206e-22
   9.2254664e+03   2.4456086e-22
   9.2467404e+03   2.4513095e-22
   9.2680634e+03   2.4570235e-22
   9.2894356e+03   2.4627505e-22
   9.3108571e+03   2.4684905e-22
   9.3323280e+03   2.4742437e-22
   9.3538485e+03   2.4800100e-22
   9.3754185e+03   2.4857895e-22
   9.3970383e+03   2.4915821e-22
   9.4187079e+03   2.4973880e-22
   9.4404276e+03   2.5032071e-22
   9.4621973e+03   2.5090395e-22
   9.4840172e+03   2.5148852e-22
   9.5058874e+03   2.5207443e-22
   9.5278080e+03   2.5266168e-22
   9.5497792e+03   2.5325026e-22
   9.5718011e+03   2.5384019e-22
   9.5938737e+03   2.5443147e-22
   9.6159973e+03   2.5502410e-22
   9.6381718e+03   2.5561807e-22
   9.6603975e+03   2.5621341e-22
   9.6826745e+03   2.5681011e-22
   9.7050028e+03   2.5740817e-22
   9.7273826e+03   2.5800759e-22
   9.7498140e+03   2.5860839e-22
   9.7722972e+03   2.5921055e-22
   9.7948322e+03   2.5981409e-22
   9.8174191e+03   2.6041902e-22
   9.8400582e+03   2.6102532e-22
   9.8627494e+03   2.6163301e-22
   9.8854930e+03   2.6224208e-22
   9.9082890e+03   2.6285255e-22
   9.9311376e+03   2.6346441e-22
   9.9540389e+03   2.6407767e-22
   9.9769930e+03   2.6469234e-22
   1.0000000e+04   2.6530840e-22
