 0.10000000E+01  0.16768861E-12
 0.10030759E+01  0.10474547E-12
 0.10061612E+01  0.75701821E-13
 0.10092560E+01  0.58987221E-13
 0.10123603E+01  0.48129335E-13
 0.10154742E+01  0.40511428E-13
 0.10185976E+01  0.34873514E-13
 0.10217307E+01  0.30533928E-13
 0.10248734E+01  0.27091682E-13
 0.10280258E+01  0.24295483E-13
 0.10311878E+01  0.21979842E-13
 0.10343596E+01  0.20031335E-13
 0.10375412E+01  0.18369617E-13
 0.10407325E+01  0.16936187E-13
 0.10439336E+01  0.15687431E-13
 0.10471446E+01  0.14590178E-13
 0.10503655E+01  0.13618743E-13
 0.10535963E+01  0.12752933E-13
 0.10568370E+01  0.11976653E-13
 0.10600877E+01  0.11276916E-13
 0.10633483E+01  0.10643126E-13
 0.10666191E+01  0.10066554E-13
 0.10698998E+01  0.95399460E-14
 0.10731907E+01  0.90572190E-14
 0.10764917E+01  0.86132381E-14
 0.10798028E+01  0.82036372E-14
 0.10831241E+01  0.78246805E-14
 0.10864557E+01  0.74731530E-14
 0.10897974E+01  0.71462725E-14
 0.10931495E+01  0.68416195E-14
 0.10965119E+01  0.65570796E-14
 0.10998846E+01  0.62907974E-14
 0.11032677E+01  0.60411375E-14
 0.11066612E+01  0.58066533E-14
 0.11100651E+01  0.55860603E-14
 0.11134795E+01  0.53782142E-14
 0.11169044E+01  0.51820919E-14
 0.11203398E+01  0.49967766E-14
 0.11237859E+01  0.48214435E-14
 0.11272425E+01  0.46553494E-14
 0.11307097E+01  0.44978221E-14
 0.11341876E+01  0.43482526E-14
 0.11376762E+01  0.42060879E-14
 0.11411755E+01  0.40708244E-14
 0.11446856E+01  0.39420027E-14
 0.11482065E+01  0.38192028E-14
 0.11517382E+01  0.37020401E-14
 0.11552808E+01  0.35901616E-14
 0.11588343E+01  0.34832428E-14
 0.11623987E+01  0.33809850E-14
 0.11659741E+01  0.32831126E-14
 0.11695605E+01  0.31893708E-14
 0.11731579E+01  0.30995242E-14
 0.11767663E+01  0.30133545E-14
 0.11803859E+01  0.29306591E-14
 0.11840166E+01  0.28512499E-14
 0.11876585E+01  0.27749518E-14
 0.11913115E+01  0.27016018E-14
 0.11949758E+01  0.26310478E-14
 0.11986514E+01  0.25631477E-14
 0.12023383E+01  0.24977689E-14
 0.12060365E+01  0.24347872E-14
 0.12097461E+01  0.23740862E-14
 0.12134671E+01  0.23155568E-14
 0.12171996E+01  0.22590967E-14
 0.12209435E+01  0.22046096E-14
 0.12246989E+01  0.21520050E-14
 0.12284659E+01  0.21011979E-14
 0.12322445E+01  0.20521080E-14
 0.12360347E+01  0.20046597E-14
 0.12398366E+01  0.19587816E-14
 0.12436502E+01  0.19144064E-14
 0.12474755E+01  0.18714704E-14
 0.12513125E+01  0.18299133E-14
 0.12551614E+01  0.17896781E-14
 0.12590221E+01  0.17507110E-14
 0.12628946E+01  0.17129607E-14
 0.12667791E+01  0.16763786E-14
 0.12706756E+01  0.16409189E-14
 0.12745840E+01  0.16065377E-14
 0.12785044E+01  0.15731935E-14
 0.12824369E+01  0.15408469E-14
 0.12863815E+01  0.15094602E-14
 0.12903382E+01  0.14789977E-14
 0.12943071E+01  0.14494255E-14
 0.12982882E+01  0.14207110E-14
 0.13022816E+01  0.13928233E-14
 0.13062872E+01  0.13657330E-14
 0.13103052E+01  0.13394118E-14
 0.13143355E+01  0.13138331E-14
 0.13183782E+01  0.12889710E-14
 0.13224333E+01  0.12648012E-14
 0.13265010E+01  0.12413002E-14
 0.13305811E+01  0.12184455E-14
 0.13346738E+01  0.11962158E-14
 0.13387790E+01  0.11745905E-14
 0.13428969E+01  0.11535500E-14
 0.13470275E+01  0.11330755E-14
 0.13511708E+01  0.11131490E-14
 0.13553268E+01  0.10937533E-14
 0.13594956E+01  0.10748717E-14
 0.13636772E+01  0.10564885E-14
 0.13678716E+01  0.10385883E-14
 0.13720790E+01  0.10211566E-14
 0.13762993E+01  0.10041793E-14
 0.13805326E+01  0.98764310E-15
 0.13847790E+01  0.97153493E-15
 0.13890384E+01  0.95584244E-15
 0.13933108E+01  0.94055369E-15
 0.13975965E+01  0.92565723E-15
 0.14018953E+01  0.91114205E-15
 0.14062073E+01  0.89699757E-15
 0.14105326E+01  0.88321362E-15
 0.14148712E+01  0.86978044E-15
 0.14192231E+01  0.85668861E-15
 0.14235885E+01  0.84392910E-15
 0.14279672E+01  0.83149323E-15
 0.14323594E+01  0.81937263E-15
 0.14367652E+01  0.80755927E-15
 0.14411845E+01  0.79604544E-15
 0.14456173E+01  0.78482370E-15
 0.14500639E+01  0.77388691E-15
 0.14545241E+01  0.76322822E-15
 0.14589980E+01  0.75284102E-15
 0.14634856E+01  0.74271899E-15
 0.14679871E+01  0.73285604E-15
 0.14725024E+01  0.72324633E-15
 0.14770316E+01  0.71388425E-15
 0.14815748E+01  0.70476443E-15
 0.14861319E+01  0.69588169E-15
 0.14907030E+01  0.68723111E-15
 0.14952882E+01  0.67880796E-15
 0.14998875E+01  0.67060770E-15
 0.15045009E+01  0.66262601E-15
 0.15091286E+01  0.65485877E-15
 0.15137704E+01  0.64730203E-15
 0.15184266E+01  0.63995204E-15
 0.15230970E+01  0.63280525E-15
 0.15277819E+01  0.62585828E-15
 0.15324811E+01  0.61910791E-15
 0.15371948E+01  0.61255115E-15
 0.15419230E+01  0.60618514E-15
 0.15466657E+01  0.60000721E-15
 0.15514231E+01  0.59401489E-15
 0.15561950E+01  0.58820585E-15
 0.15609817E+01  0.58257795E-15
 0.15657830E+01  0.57712925E-15
 0.15705991E+01  0.57185795E-15
 0.15754301E+01  0.56676246E-15
 0.15802759E+01  0.56184136E-15
 0.15851366E+01  0.55709341E-15
 0.15900122E+01  0.55251758E-15
 0.15949029E+01  0.54811303E-15
 0.15998086E+01  0.54387909E-15
 0.16047294E+01  0.53981534E-15
 0.16096653E+01  0.53592154E-15
 0.16146164E+01  0.53219769E-15
 0.16195827E+01  0.52864401E-15
 0.16245643E+01  0.52526096E-15
 0.16295613E+01  0.52204926E-15
 0.16345736E+01  0.51900988E-15
 0.16396013E+01  0.51614408E-15
 0.16446445E+01  0.51345341E-15
 0.16497031E+01  0.51093974E-15
 0.16547774E+01  0.50860525E-15
 0.16598673E+01  0.50645249E-15
 0.16649728E+01  0.50448441E-15
 0.16700940E+01  0.50270433E-15
 0.16752310E+01  0.50111603E-15
 0.16803837E+01  0.49972377E-15
 0.16855524E+01  0.49853230E-15
 0.16907369E+01  0.49754696E-15
 0.16959373E+01  0.49677368E-15
 0.17011538E+01  0.49621906E-15
 0.17063863E+01  0.49589041E-15
 0.17116349E+01  0.49579587E-15
 0.17168997E+01  0.49594445E-15
 0.17221806E+01  0.49634611E-15
 0.17274778E+01  0.49701193E-15
 0.17327913E+01  0.49795417E-15
 0.17381211E+01  0.49918640E-15
 0.17434673E+01  0.50072372E-15
 0.17488300E+01  0.50258290E-15
 0.17542091E+01  0.50478257E-15
 0.17596048E+01  0.50734352E-15
 0.17650171E+01  0.51028892E-15
 0.17704460E+01  0.51364468E-15
 0.17758917E+01  0.51743986E-15
 0.17813541E+01  0.52170708E-15
 0.17868333E+01  0.52648306E-15
 0.17923293E+01  0.53180929E-15
 0.17978423E+01  0.53773278E-15
 0.18033722E+01  0.54430693E-15
 0.18089191E+01  0.55159271E-15
 0.18144831E+01  0.55965990E-15
 0.18200642E+01  0.56858883E-15
 0.18256624E+01  0.57847230E-15
 0.18312779E+01  0.58941812E-15
 0.18369106E+01  0.60155221E-15
 0.18425607E+01  0.61502254E-15
 0.18482282E+01  0.63000410E-15
 0.18539131E+01  0.64670535E-15
 0.18596154E+01  0.66537654E-15
 0.18653353E+01  0.68632067E-15
 0.18710728E+01  0.70990817E-15
 0.18768280E+01  0.73659658E-15
 0.18826009E+01  0.76695780E-15
 0.18883915E+01  0.80171604E-15
 0.18941999E+01  0.84180209E-15
 0.19000262E+01  0.88843252E-15
 0.19058704E+01  0.94322837E-15
 0.19117326E+01  0.10083984E-14
 0.19176128E+01  0.10870315E-14
 0.19235111E+01  0.11835843E-14
 0.19294276E+01  0.13047310E-14
 0.19353622E+01  0.14609391E-14
 0.19413151E+01  0.16696101E-14
 0.19472863E+01  0.19619607E-14
 0.19532759E+01  0.24001254E-14
 0.19592839E+01  0.31280319E-14
 0.19653104E+01  0.45720029E-14
 0.19713554E+01  0.88001624E-14
 0.19774190E+01  0.23177531E-12
 0.19835012E+01  0.91448897E-14
 0.19896022E+01  0.43960752E-14
 0.19957219E+01  0.28556895E-14
 0.20018605E+01  0.20938993E-14
 0.20080179E+01  0.16398903E-14
 0.20141943E+01  0.13387608E-14
 0.20203897E+01  0.11246165E-14
 0.20266041E+01  0.96467030E-15
 0.20328377E+01  0.84077043E-15
 0.20390904E+01  0.74205407E-15
 0.20453623E+01  0.66162262E-15
 0.20516536E+01  0.59488458E-15
 0.20579642E+01  0.53866557E-15
 0.20642942E+01  0.49070077E-15
 0.20706437E+01  0.44933101E-15
 0.20770127E+01  0.41331296E-15
 0.20834013E+01  0.38169663E-15
 0.20898095E+01  0.35374365E-15
 0.20962375E+01  0.32887149E-15
 0.21026852E+01  0.30661440E-15
 0.21091528E+01  0.28659560E-15
 0.21156402E+01  0.26850696E-15
 0.21221476E+01  0.25209411E-15
 0.21286750E+01  0.23714517E-15
 0.21352226E+01  0.22348228E-15
 0.21417902E+01  0.21095501E-15
 0.21483780E+01  0.19943530E-15
 0.21549861E+01  0.18881345E-15
 0.21616146E+01  0.17899494E-15
 0.21682634E+01  0.16989791E-15
 0.21749327E+01  0.16145112E-15
 0.21816224E+01  0.15359226E-15
 0.21883328E+01  0.14626663E-15
 0.21950638E+01  0.13942598E-15
 0.22018155E+01  0.13302765E-15
 0.22085880E+01  0.12703372E-15
 0.22153813E+01  0.12141042E-15
 0.22221955E+01  0.11612757E-15
 0.22290306E+01  0.11115813E-15
 0.22358868E+01  0.10647779E-15
 0.22427641E+01  0.10206466E-15
 0.22496625E+01  0.97898993E-16
 0.22565822E+01  0.93962938E-16
 0.22635231E+01  0.90240346E-16
 0.22704854E+01  0.86716608E-16
 0.22774691E+01  0.83378534E-16
 0.22844742E+01  0.80214273E-16
 0.22915009E+01  0.77213292E-16
 0.22985493E+01  0.74366459E-16
 0.23056193E+01  0.71666294E-16
 0.23127110E+01  0.69107592E-16
 0.23198246E+01  0.66688896E-16
 0.23269601E+01  0.64416167E-16
 0.23341175E+01  0.62313098E-16
 0.23412969E+01  0.60455867E-16
 0.23484984E+01  0.59129075E-16
 0.23557220E+01  0.59994958E-16
 0.23629679E+01  0.10131670E-15
 0.23702360E+01  0.67475371E-16
 0.23775265E+01  0.53245513E-16
 0.23848395E+01  0.49935010E-16
 0.23921749E+01  0.47850132E-16
 0.23995329E+01  0.46125247E-16
 0.24069135E+01  0.44570700E-16
 0.24143168E+01  0.43124071E-16
 0.24217429E+01  0.41758796E-16
 0.24291919E+01  0.40461189E-16
 0.24366637E+01  0.39223031E-16
 0.24441586E+01  0.38038747E-16
 0.24516764E+01  0.36904177E-16
 0.24592175E+01  0.35815996E-16
 0.24667817E+01  0.34771408E-16
 0.24743691E+01  0.33767981E-16
 0.24819799E+01  0.32803548E-16
 0.24896142E+01  0.31876144E-16
 0.24972719E+01  0.30983969E-16
 0.25049531E+01  0.30125358E-16
 0.25126580E+01  0.29298764E-16
 0.25203866E+01  0.28502739E-16
 0.25281389E+01  0.27735929E-16
 0.25359151E+01  0.26997058E-16
 0.25437152E+01  0.26284926E-16
 0.25515393E+01  0.25598399E-16
 0.25593875E+01  0.24936409E-16
 0.25672598E+01  0.24297942E-16
 0.25751563E+01  0.23682039E-16
 0.25830772E+01  0.23087792E-16
 0.25910223E+01  0.22514339E-16
 0.25989920E+01  0.21960862E-16
 0.26069861E+01  0.21426584E-16
 0.26150048E+01  0.20910768E-16
 0.26230482E+01  0.20412711E-16
 0.26311163E+01  0.19931748E-16
 0.26392092E+01  0.19467243E-16
 0.26473271E+01  0.19018593E-16
 0.26554699E+01  0.18585223E-16
 0.26636377E+01  0.18166587E-16
 0.26718307E+01  0.17762164E-16
 0.26800489E+01  0.17371458E-16
 0.26882923E+01  0.16993998E-16
 0.26965611E+01  0.16629333E-16
 0.27048554E+01  0.16277036E-16
 0.27131751E+01  0.15936700E-16
 0.27215205E+01  0.15607937E-16
 0.27298915E+01  0.15290379E-16
 0.27382882E+01  0.14983673E-16
 0.27467108E+01  0.14687489E-16
 0.27551593E+01  0.14401507E-16
 0.27636338E+01  0.14125429E-16
 0.27721343E+01  0.13858968E-16
 0.27806610E+01  0.13601856E-16
 0.27892139E+01  0.13353836E-16
 0.27977932E+01  0.13114668E-16
 0.28063988E+01  0.12884124E-16
 0.28150309E+01  0.12661991E-16
 0.28236895E+01  0.12448068E-16
 0.28323748E+01  0.12242169E-16
 0.28410868E+01  0.12044119E-16
 0.28498255E+01  0.11853757E-16
 0.28585912E+01  0.11670934E-16
 0.28673838E+01  0.11495516E-16
 0.28762035E+01  0.11327381E-16
 0.28850503E+01  0.11166418E-16
 0.28939243E+01  0.11012533E-16
 0.29028256E+01  0.10865644E-16
 0.29117543E+01  0.10725683E-16
 0.29207104E+01  0.10592597E-16
 0.29296941E+01  0.10466350E-16
 0.29387054E+01  0.10346919E-16
 0.29477444E+01  0.10234301E-16
 0.29568113E+01  0.10128510E-16
 0.29659060E+01  0.10029580E-16
 0.29750287E+01  0.99375660E-17
 0.29841795E+01  0.98525447E-17
 0.29933584E+01  0.97746191E-17
 0.30025656E+01  0.97039191E-17
 0.30118010E+01  0.96406049E-17
 0.30210649E+01  0.95848705E-17
 0.30303573E+01  0.95369473E-17
 0.30396782E+01  0.94971093E-17
 0.30490278E+01  0.94656783E-17
 0.30584062E+01  0.94430307E-17
 0.30678134E+01  0.94296054E-17
 0.30772496E+01  0.94259133E-17
 0.30867148E+01  0.94325483E-17
 0.30962091E+01  0.94502020E-17
 0.31057326E+01  0.94796796E-17
 0.31152853E+01  0.95219208E-17
 0.31248675E+01  0.95780254E-17
 0.31344792E+01  0.96492846E-17
 0.31441204E+01  0.97372205E-17
 0.31537913E+01  0.98436361E-17
 0.31634919E+01  0.99706789E-17
 0.31732223E+01  0.10120923E-16
 0.31829827E+01  0.10297474E-16
 0.31927731E+01  0.10504113E-16
 0.32025936E+01  0.10745482E-16
 0.32124443E+01  0.11027338E-16
 0.32223254E+01  0.11356905E-16
 0.32322368E+01  0.11743369E-16
 0.32421787E+01  0.12198576E-16
 0.32521512E+01  0.12738077E-16
 0.32621543E+01  0.13382674E-16
 0.32721882E+01  0.14160846E-16
 0.32822530E+01  0.15112626E-16
 0.32923488E+01  0.16296121E-16
 0.33024756E+01  0.17798979E-16
 0.33126335E+01  0.19759886E-16
 0.33228227E+01  0.22412014E-16
 0.33330432E+01  0.26179966E-16
 0.33432952E+01  0.31926912E-16
 0.33535787E+01  0.41717837E-16
 0.33638938E+01  0.62027757E-16
 0.33742407E+01  0.12899907E-15
 0.33846194E+01  0.85973389E-15
 0.33950300E+01  0.93907682E-16
 0.34054726E+01  0.48236822E-16
 0.34159474E+01  0.31809421E-16
 0.34264543E+01  0.23366917E-16
 0.34369936E+01  0.18236408E-16
 0.34475653E+01  0.14795716E-16
 0.34581695E+01  0.12333121E-16
 0.34688064E+01  0.10487216E-16
 0.34794759E+01  0.90549973E-17
 0.34901783E+01  0.79136544E-17
 0.35009136E+01  0.69845347E-17
 0.35116819E+01  0.62149372E-17
 0.35224834E+01  0.55682277E-17
 0.35333180E+01  0.50181524E-17
 0.35441860E+01  0.45454069E-17
 0.35550874E+01  0.41354821E-17
 0.35660224E+01  0.37772649E-17
 0.35769909E+01  0.34621019E-17
 0.35879932E+01  0.31831579E-17
 0.35990294E+01  0.29349651E-17
 0.36100995E+01  0.27131018E-17
 0.36212037E+01  0.25139586E-17
 0.36323420E+01  0.23345669E-17
 0.36435145E+01  0.21724717E-17
 0.36547215E+01  0.20256379E-17
 0.36659629E+01  0.18923833E-17
 0.36772389E+01  0.17713341E-17
 0.36885495E+01  0.16614047E-17
 0.36998950E+01  0.15618068E-17
 0.37112753E+01  0.14721066E-17
 0.37226907E+01  0.13923722E-17
 0.37341412E+01  0.13235191E-17
 0.37456268E+01  0.12681418E-17
 0.37571479E+01  0.12327185E-17
 0.37687043E+01  0.12343688E-17
 0.37802963E+01  0.13267106E-17
 0.37919240E+01  0.17449171E-17
 0.38035874E+01  0.53762627E-17
 0.38152867E+01  0.31105817E-17
 0.38270220E+01  0.13923891E-17
 0.38387933E+01  0.10260293E-17
 0.38506009E+01  0.86966959E-18
 0.38624448E+01  0.77798112E-18
 0.38743251E+01  0.71339571E-18
 0.38862420E+01  0.66268680E-18
 0.38981955E+01  0.62020802E-18
 0.39101858E+01  0.58319133E-18
 0.39222130E+01  0.55012575E-18
 0.39342772E+01  0.52011070E-18
 0.39463785E+01  0.49256819E-18
 0.39585170E+01  0.46710303E-18
 0.39706928E+01  0.44343006E-18
 0.39829061E+01  0.42133382E-18
 0.39951569E+01  0.40064521E-18
 0.40074455E+01  0.38122717E-18
 0.40197718E+01  0.36296570E-18
 0.40321361E+01  0.34576396E-18
 0.40445383E+01  0.32953823E-18
 0.40569788E+01  0.31421516E-18
 0.40694575E+01  0.29972971E-18
 0.40819745E+01  0.28602371E-18
 0.40945301E+01  0.27304472E-18
 0.41071243E+01  0.26074520E-18
 0.41197572E+01  0.24908179E-18
 0.41324290E+01  0.23801480E-18
 0.41451398E+01  0.22750776E-18
 0.41578896E+01  0.21752704E-18
 0.41706787E+01  0.20804156E-18
 0.41835071E+01  0.19902253E-18
 0.41963750E+01  0.19044321E-18
 0.42092825E+01  0.18227874E-18
 0.42222296E+01  0.17450594E-18
 0.42352166E+01  0.16710322E-18
 0.42482435E+01  0.16005036E-18
 0.42613105E+01  0.15332850E-18
 0.42744177E+01  0.14691993E-18
 0.42875652E+01  0.14080808E-18
 0.43007531E+01  0.13497740E-18
 0.43139816E+01  0.12941328E-18
 0.43272508E+01  0.12410198E-18
 0.43405608E+01  0.11903060E-18
 0.43539118E+01  0.11418698E-18
 0.43673038E+01  0.10955966E-18
 0.43807370E+01  0.10513787E-18
 0.43942115E+01  0.10091141E-18
 0.44077275E+01  0.96870690E-19
 0.44212851E+01  0.93006634E-19
 0.44348843E+01  0.89310674E-19
 0.44485254E+01  0.85774711E-19
 0.44622084E+01  0.82391086E-19
 0.44759335E+01  0.79152552E-19
 0.44897009E+01  0.76052249E-19
 0.45035105E+01  0.73083680E-19
 0.45173627E+01  0.70240689E-19
 0.45312575E+01  0.67517443E-19
 0.45451950E+01  0.64908410E-19
 0.45591753E+01  0.62408341E-19
 0.45731987E+01  0.60012259E-19
 0.45872652E+01  0.57715435E-19
 0.46013750E+01  0.55513381E-19
 0.46155282E+01  0.53401833E-19
 0.46297249E+01  0.51376738E-19
 0.46439653E+01  0.49434245E-19
 0.46582494E+01  0.47570691E-19
 0.46725776E+01  0.45782592E-19
 0.46869497E+01  0.44066633E-19
 0.47013661E+01  0.42419659E-19
 0.47158269E+01  0.40838667E-19
 0.47303321E+01  0.39320797E-19
 0.47448819E+01  0.37863324E-19
 0.47594765E+01  0.36463653E-19
 0.47741160E+01  0.35119309E-19
 0.47888005E+01  0.33827935E-19
 0.48035301E+01  0.32587280E-19
 0.48183051E+01  0.31395201E-19
 0.48331255E+01  0.30249652E-19
 0.48479915E+01  0.29148680E-19
 0.48629033E+01  0.28090422E-19
 0.48778609E+01  0.27073099E-19
 0.48928645E+01  0.26095012E-19
 0.49079142E+01  0.25154539E-19
 0.49230103E+01  0.24250131E-19
 0.49381528E+01  0.23380307E-19
 0.49533418E+01  0.22543652E-19
 0.49685776E+01  0.21738815E-19
 0.49838602E+01  0.20964502E-19
 0.49991899E+01  0.20219477E-19
 0.50145667E+01  0.19502557E-19
 0.50299908E+01  0.18812613E-19
 0.50454623E+01  0.18148562E-19
 0.50609814E+01  0.17509368E-19
 0.50765483E+01  0.16894042E-19
 0.50921630E+01  0.16301635E-19
 0.51078258E+01  0.15731239E-19
 0.51235368E+01  0.15181984E-19
 0.51392960E+01  0.14653038E-19
 0.51551038E+01  0.14143604E-19
 0.51709601E+01  0.13652917E-19
 0.51868653E+01  0.13180247E-19
 0.52028193E+01  0.12724891E-19
 0.52188225E+01  0.12286177E-19
 0.52348748E+01  0.11863461E-19
 0.52509766E+01  0.11456125E-19
 0.52671278E+01  0.11063578E-19
 0.52833288E+01  0.10685251E-19
 0.52995795E+01  0.10320599E-19
 0.53158803E+01  0.99691008E-20
 0.53322312E+01  0.96302542E-20
 0.53486324E+01  0.93035787E-20
 0.53650840E+01  0.89886127E-20
 0.53815862E+01  0.86849136E-20
 0.53981392E+01  0.83920563E-20
 0.54147431E+01  0.81096329E-20
 0.54313981E+01  0.78372515E-20
 0.54481043E+01  0.75745362E-20
 0.54648619E+01  0.73211259E-20
 0.54816711E+01  0.70766737E-20
 0.54985319E+01  0.68408465E-20
 0.55154446E+01  0.66133243E-20
 0.55324093E+01  0.63937997E-20
 0.55494262E+01  0.61819774E-20
 0.55664955E+01  0.59775736E-20
 0.55836172E+01  0.57803156E-20
 0.56007916E+01  0.55899412E-20
 0.56180189E+01  0.54061984E-20
 0.56352991E+01  0.52288451E-20
 0.56526325E+01  0.50576484E-20
 0.56700192E+01  0.48923844E-20
 0.56874594E+01  0.47328380E-20
 0.57049532E+01  0.45788019E-20
 0.57225008E+01  0.44300772E-20
 0.57401024E+01  0.42864723E-20
 0.57577581E+01  0.41478030E-20
 0.57754682E+01  0.40138921E-20
 0.57932327E+01  0.38845691E-20
 0.58110519E+01  0.37596698E-20
 0.58289258E+01  0.36390365E-20
 0.58468548E+01  0.35225172E-20
 0.58648389E+01  0.34099656E-20
 0.58828783E+01  0.33012411E-20
 0.59009732E+01  0.31962081E-20
 0.59191237E+01  0.30947363E-20
 0.59373301E+01  0.29967000E-20
 0.59555925E+01  0.29019783E-20
 0.59739111E+01  0.28104549E-20
 0.59922860E+01  0.27220177E-20
 0.60107174E+01  0.26365586E-20
 0.60292055E+01  0.25539736E-20
 0.60477505E+01  0.24741628E-20
 0.60663525E+01  0.23970294E-20
 0.60850117E+01  0.23224807E-20
 0.61037284E+01  0.22504270E-20
 0.61225026E+01  0.21807821E-20
 0.61413345E+01  0.21134629E-20
 0.61602244E+01  0.20483892E-20
 0.61791724E+01  0.19854839E-20
 0.61981786E+01  0.19246725E-20
 0.62172433E+01  0.18658835E-20
 0.62363667E+01  0.18090475E-20
 0.62555489E+01  0.17540982E-20
 0.62747901E+01  0.17009711E-20
 0.62940904E+01  0.16496044E-20
 0.63134501E+01  0.15999384E-20
 0.63328694E+01  0.15519155E-20
 0.63523484E+01  0.15054803E-20
 0.63718874E+01  0.14605792E-20
 0.63914864E+01  0.14171607E-20
 0.64111457E+01  0.13751749E-20
 0.64308655E+01  0.13345738E-20
 0.64506459E+01  0.12953112E-20
 0.64704871E+01  0.12573423E-20
 0.64903894E+01  0.12206241E-20
 0.65103530E+01  0.11851150E-20
 0.65303779E+01  0.11507750E-20
 0.65504644E+01  0.11175653E-20
 0.65706127E+01  0.10854486E-20
 0.65908230E+01  0.10543889E-20
 0.66110954E+01  0.10243513E-20
 0.66314302E+01  0.99530251E-21
 0.66518275E+01  0.96720997E-21
 0.66722876E+01  0.94004249E-21
 0.66928106E+01  0.91376990E-21
 0.67133968E+01  0.88836310E-21
 0.67340462E+01  0.86379398E-21
 0.67547592E+01  0.84003542E-21
 0.67755359E+01  0.81706122E-21
 0.67963764E+01  0.79484609E-21
 0.68172811E+01  0.77336563E-21
 0.68382501E+01  0.75259625E-21
 0.68592836E+01  0.73251520E-21
 0.68803818E+01  0.71310048E-21
 0.69015449E+01  0.69433086E-21
 0.69227730E+01  0.67618584E-21
 0.69440665E+01  0.65864560E-21
 0.69654255E+01  0.64169103E-21
 0.69868501E+01  0.62530363E-21
 0.70083407E+01  0.60946554E-21
 0.70298973E+01  0.59415953E-21
 0.70515203E+01  0.57936893E-21
 0.70732098E+01  0.56507763E-21
 0.70949660E+01  0.55127007E-21
 0.71167891E+01  0.53793123E-21
 0.71386793E+01  0.52504657E-21
 0.71606369E+01  0.51260205E-21
 0.71826620E+01  0.50058410E-21
 0.72047548E+01  0.48897961E-21
 0.72269156E+01  0.47777591E-21
 0.72491446E+01  0.46696075E-21
 0.72714419E+01  0.45652229E-21
 0.72938079E+01  0.44644910E-21
 0.73162426E+01  0.43673010E-21
 0.73387463E+01  0.42735463E-21
 0.73613192E+01  0.41831235E-21
 0.73839616E+01  0.40959328E-21
 0.74066736E+01  0.40118780E-21
 0.74294555E+01  0.39308658E-21
 0.74523074E+01  0.38528064E-21
 0.74752297E+01  0.37776129E-21
 0.74982224E+01  0.37052014E-21
 0.75212859E+01  0.36354911E-21
 0.75444203E+01  0.35684039E-21
 0.75676259E+01  0.35038644E-21
 0.75909028E+01  0.34418001E-21
 0.76142514E+01  0.33821412E-21
 0.76376717E+01  0.33248202E-21
 0.76611641E+01  0.32697724E-21
 0.76847288E+01  0.32169356E-21
 0.77083659E+01  0.31662499E-21
 0.77320757E+01  0.31176579E-21
 0.77558585E+01  0.30711048E-21
 0.77797144E+01  0.30265379E-21
 0.78036437E+01  0.29839071E-21
 0.78276466E+01  0.29431644E-21
 0.78517233E+01  0.29042644E-21
 0.78758741E+01  0.28671638E-21
 0.79000992E+01  0.28318218E-21
 0.79243988E+01  0.27982000E-21
 0.79487731E+01  0.27662622E-21
 0.79732224E+01  0.27359748E-21
 0.79977469E+01  0.27073064E-21
 0.80223468E+01  0.26802283E-21
 0.80470224E+01  0.26547143E-21
 0.80717739E+01  0.26307406E-21
 0.80966016E+01  0.26082862E-21
 0.81215056E+01  0.25873329E-21
 0.81464861E+01  0.25678650E-21
 0.81715436E+01  0.25498702E-21
 0.81966781E+01  0.25333388E-21
 0.82218899E+01  0.25182647E-21
 0.82471793E+01  0.25046448E-21
 0.82725464E+01  0.24924797E-21
 0.82979916E+01  0.24817738E-21
 0.83235150E+01  0.24725353E-21
 0.83491170E+01  0.24647767E-21
 0.83747977E+01  0.24585150E-21
 0.84005574E+01  0.24537722E-21
 0.84263963E+01  0.24505754E-21
 0.84523147E+01  0.24489573E-21
 0.84783128E+01  0.24489571E-21
 0.85043909E+01  0.24506205E-21
 0.85305492E+01  0.24540008E-21
 0.85567880E+01  0.24591592E-21
 0.85831074E+01  0.24661662E-21
 0.86095078E+01  0.24751023E-21
 0.86359895E+01  0.24860593E-21
 0.86625525E+01  0.24991412E-21
 0.86891973E+01  0.25144666E-21
 0.87159241E+01  0.25321697E-21
 0.87427330E+01  0.25524031E-21
 0.87696244E+01  0.25753400E-21
 0.87965985E+01  0.26011771E-21
 0.88236556E+01  0.26301386E-21
 0.88507959E+01  0.26624802E-21
 0.88780197E+01  0.26984942E-21
 0.89053272E+01  0.27385161E-21
 0.89327188E+01  0.27829315E-21
 0.89601945E+01  0.28321860E-21
 0.89877548E+01  0.28867963E-21
 0.90153999E+01  0.29473642E-21
 0.90431300E+01  0.30145947E-21
 0.90709454E+01  0.30893180E-21
 0.90988463E+01  0.31725180E-21
 0.91268331E+01  0.32653692E-21
 0.91549059E+01  0.33692842E-21
 0.91830651E+01  0.34859764E-21
 0.92113109E+01  0.36175441E-21
 0.92396436E+01  0.37665842E-21
 0.92680634E+01  0.39363487E-21
 0.92965707E+01  0.41309642E-21
 0.93251656E+01  0.43557464E-21
 0.93538485E+01  0.46176608E-21
 0.93826196E+01  0.49260151E-21
 0.94114792E+01  0.52935335E-21
 0.94404276E+01  0.57380810E-21
 0.94694650E+01  0.62855502E-21
 0.94985917E+01  0.69749391E-21
 0.95278080E+01  0.78678430E-21
 0.95571142E+01  0.90675914E-21
 0.95865105E+01  0.10761801E-20
 0.96159973E+01  0.13330333E-20
 0.96455747E+01  0.17676312E-20
 0.96752431E+01  0.26600408E-20
 0.97050028E+01  0.55298658E-20
 0.97348540E+01  0.51273679E-19
 0.97647970E+01  0.44442426E-20
 0.97948322E+01  0.22956645E-20
 0.98249597E+01  0.15356482E-20
 0.98551799E+01  0.11472237E-20
 0.98854930E+01  0.91163627E-21
 0.99158994E+01  0.75366556E-21
 0.99463993E+01  0.64049150E-21
 0.99769930E+01  0.55550901E-21
 0.10007681E+02  0.48941495E-21
 0.10038463E+02  0.43659252E-21
 0.10069340E+02  0.39344930E-21
 0.10100312E+02  0.35758056E-21
 0.10131379E+02  0.32731607E-21
 0.10162542E+02  0.30145954E-21
 0.10193800E+02  0.27913165E-21
 0.10225155E+02  0.25967159E-21
 0.10256606E+02  0.24257317E-21
 0.10288154E+02  0.22744211E-21
 0.10319799E+02  0.21396670E-21
 0.10351541E+02  0.20189731E-21
 0.10383381E+02  0.19103165E-21
 0.10415319E+02  0.18120405E-21
 0.10447355E+02  0.17227758E-21
 0.10479489E+02  0.16413805E-21
 0.10511723E+02  0.15668949E-21
 0.10544055E+02  0.14985068E-21
 0.10576487E+02  0.14355241E-21
 0.10609019E+02  0.13773534E-21
 0.10641651E+02  0.13234834E-21
 0.10674383E+02  0.12734709E-21
 0.10707216E+02  0.12269301E-21
 0.10740150E+02  0.11835236E-21
 0.10773185E+02  0.11429550E-21
 0.10806322E+02  0.11049632E-21
 0.10839560E+02  0.10693171E-21
 0.10872901E+02  0.10358113E-21
 0.10906345E+02  0.10042632E-21
 0.10939891E+02  0.97450960E-22
 0.10973541E+02  0.94640421E-22
 0.11007294E+02  0.91981572E-22
 0.11041151E+02  0.89462589E-22
 0.11075112E+02  0.87072801E-22
 0.11109177E+02  0.84802557E-22
 0.11143347E+02  0.82643107E-22
 0.11177623E+02  0.80586507E-22
 0.11212004E+02  0.78625526E-22
 0.11246490E+02  0.76753574E-22
 0.11281083E+02  0.74964633E-22
 0.11315782E+02  0.73253199E-22
 0.11350587E+02  0.71614228E-22
 0.11385500E+02  0.70043096E-22
 0.11420520E+02  0.68535550E-22
 0.11455648E+02  0.67087679E-22
 0.11490884E+02  0.65695881E-22
 0.11526229E+02  0.64356832E-22
 0.11561682E+02  0.63067461E-22
 0.11597244E+02  0.61824929E-22
 0.11632915E+02  0.60626606E-22
 0.11668696E+02  0.59470057E-22
 0.11704588E+02  0.58353021E-22
 0.11740589E+02  0.57273395E-22
 0.11776702E+02  0.56229228E-22
 0.11812925E+02  0.55218701E-22
 0.11849260E+02  0.54240119E-22
 0.11885707E+02  0.53291902E-22
 0.11922265E+02  0.52372572E-22
 0.11958937E+02  0.51480752E-22
 0.11995721E+02  0.50615151E-22
 0.12032618E+02  0.49774560E-22
 0.12069628E+02  0.48957846E-22
 0.12106753E+02  0.48163947E-22
 0.12143991E+02  0.47391866E-22
 0.12181345E+02  0.46640665E-22
 0.12218813E+02  0.45909461E-22
 0.12256396E+02  0.45197425E-22
 0.12294095E+02  0.44503774E-22
 0.12331910E+02  0.43827770E-22
 0.12369841E+02  0.43168716E-22
 0.12407889E+02  0.42525955E-22
 0.12446054E+02  0.41898865E-22
 0.12484336E+02  0.41286857E-22
 0.12522736E+02  0.40689372E-22
 0.12561254E+02  0.40105884E-22
 0.12599891E+02  0.39535890E-22
 0.12638646E+02  0.38978914E-22
 0.12677521E+02  0.38434506E-22
 0.12716515E+02  0.37902234E-22
 0.12755630E+02  0.37381690E-22
 0.12794864E+02  0.36872484E-22
 0.12834219E+02  0.36374246E-22
 0.12873696E+02  0.35886620E-22
 0.12913293E+02  0.35409271E-22
 0.12953013E+02  0.34941874E-22
 0.12992854E+02  0.34484123E-22
 0.13032818E+02  0.34035722E-22
 0.13072906E+02  0.33596389E-22
 0.13113116E+02  0.33165854E-22
 0.13153450E+02  0.32743859E-22
 0.13193908E+02  0.32330155E-22
 0.13234491E+02  0.31924505E-22
 0.13275198E+02  0.31526680E-22
 0.13316031E+02  0.31136461E-22
 0.13356989E+02  0.30753637E-22
 0.13398073E+02  0.30378006E-22
 0.13439284E+02  0.30009372E-22
 0.13480621E+02  0.29647548E-22
 0.13522086E+02  0.29292354E-22
 0.13563678E+02  0.28943615E-22
 0.13605398E+02  0.28601164E-22
 0.13647246E+02  0.28264838E-22
 0.13689223E+02  0.27934482E-22
 0.13731329E+02  0.27609946E-22
 0.13773565E+02  0.27291083E-22
 0.13815930E+02  0.26977752E-22
 0.13858426E+02  0.26669820E-22
 0.13901052E+02  0.26367153E-22
 0.13943810E+02  0.26069626E-22
 0.13986699E+02  0.25777114E-22
 0.14029720E+02  0.25489501E-22
 0.14072874E+02  0.25206669E-22
 0.14116160E+02  0.24928509E-22
 0.14159579E+02  0.24654911E-22
 0.14203132E+02  0.24385772E-22
 0.14246819E+02  0.24120990E-22
 0.14290640E+02  0.23860467E-22
 0.14334596E+02  0.23604107E-22
 0.14378687E+02  0.23351818E-22
 0.14422914E+02  0.23103510E-22
 0.14467277E+02  0.22859095E-22
 0.14511776E+02  0.22618490E-22
 0.14556412E+02  0.22381613E-22
 0.14601186E+02  0.22148382E-22
 0.14646097E+02  0.21918722E-22
 0.14691146E+02  0.21692556E-22
 0.14736334E+02  0.21469811E-22
 0.14781661E+02  0.21250416E-22
 0.14827127E+02  0.21034302E-22
 0.14872734E+02  0.20821401E-22
 0.14918480E+02  0.20611649E-22
 0.14964367E+02  0.20404980E-22
 0.15010395E+02  0.20201334E-22
 0.15056565E+02  0.20000649E-22
 0.15102877E+02  0.19802868E-22
 0.15149331E+02  0.19607932E-22
 0.15195929E+02  0.19415786E-22
 0.15242669E+02  0.19226376E-22
 0.15289553E+02  0.19039649E-22
 0.15336582E+02  0.18855553E-22
 0.15383755E+02  0.18674038E-22
 0.15431073E+02  0.18495056E-22
 0.15478537E+02  0.18318557E-22
 0.15526147E+02  0.18144497E-22
 0.15573903E+02  0.17972828E-22
 0.15621806E+02  0.17803509E-22
 0.15669857E+02  0.17636494E-22
 0.15718055E+02  0.17471742E-22
 0.15766401E+02  0.17309212E-22
 0.15814897E+02  0.17148863E-22
 0.15863541E+02  0.16990658E-22
 0.15912335E+02  0.16834556E-22
 0.15961279E+02  0.16680522E-22
 0.16010374E+02  0.16528519E-22
 0.16059619E+02  0.16378510E-22
 0.16109016E+02  0.16230462E-22
 0.16158565E+02  0.16084341E-22
 0.16208267E+02  0.15940113E-22
 0.16258121E+02  0.15797745E-22
 0.16308129E+02  0.15657207E-22
 0.16358290E+02  0.15518467E-22
 0.16408606E+02  0.15381496E-22
 0.16459077E+02  0.15246262E-22
 0.16509702E+02  0.15112739E-22
 0.16560484E+02  0.14980897E-22
 0.16611422E+02  0.14850708E-22
 0.16662516E+02  0.14722146E-22
 0.16713768E+02  0.14595184E-22
 0.16765177E+02  0.14469797E-22
 0.16816744E+02  0.14345958E-22
 0.16868470E+02  0.14223644E-22
 0.16920355E+02  0.14102830E-22
 0.16972400E+02  0.13983491E-22
 0.17024604E+02  0.13865606E-22
 0.17076970E+02  0.13749151E-22
 0.17129496E+02  0.13634104E-22
 0.17182184E+02  0.13520443E-22
 0.17235034E+02  0.13408146E-22
 0.17288046E+02  0.13297193E-22
 0.17341222E+02  0.13187564E-22
 0.17394561E+02  0.13079237E-22
 0.17448064E+02  0.12972194E-22
 0.17501732E+02  0.12866415E-22
 0.17555565E+02  0.12761881E-22
 0.17609563E+02  0.12658574E-22
 0.17663728E+02  0.12556475E-22
 0.17718059E+02  0.12455566E-22
 0.17772557E+02  0.12355831E-22
 0.17827223E+02  0.12257251E-22
 0.17882057E+02  0.12159811E-22
 0.17937060E+02  0.12063493E-22
 0.17992231E+02  0.11968282E-22
 0.18047573E+02  0.11874161E-22
 0.18103085E+02  0.11781114E-22
 0.18158767E+02  0.11689128E-22
 0.18214621E+02  0.11598186E-22
 0.18270647E+02  0.11508274E-22
 0.18326845E+02  0.11419377E-22
 0.18383215E+02  0.11331481E-22
 0.18439759E+02  0.11244573E-22
 0.18496478E+02  0.11158638E-22
 0.18553370E+02  0.11073663E-22
 0.18610438E+02  0.10989635E-22
 0.18667681E+02  0.10906540E-22
 0.18725100E+02  0.10824367E-22
 0.18782696E+02  0.10743102E-22
 0.18840468E+02  0.10662734E-22
 0.18898419E+02  0.10583249E-22
 0.18956548E+02  0.10504637E-22
 0.19014856E+02  0.10426886E-22
 0.19073343E+02  0.10349983E-22
 0.19132009E+02  0.10273918E-22
 0.19190857E+02  0.10198680E-22
 0.19249885E+02  0.10124258E-22
 0.19309095E+02  0.10050641E-22
 0.19368487E+02  0.99778181E-23
 0.19428062E+02  0.99057795E-23
 0.19487820E+02  0.98345148E-23
 0.19547762E+02  0.97640140E-23
 0.19607888E+02  0.96942672E-23
 0.19668199E+02  0.96252646E-23
 0.19728695E+02  0.95569968E-23
 0.19789378E+02  0.94894542E-23
 0.19850247E+02  0.94226278E-23
 0.19911304E+02  0.93565083E-23
 0.19972548E+02  0.92910868E-23
 0.20033981E+02  0.92263545E-23
 0.20095603E+02  0.91623026E-23
 0.20157414E+02  0.90989228E-23
 0.20219415E+02  0.90362065E-23
 0.20281607E+02  0.89741454E-23
 0.20343991E+02  0.89127314E-23
 0.20406566E+02  0.88519565E-23
 0.20469333E+02  0.87918128E-23
 0.20532294E+02  0.87322925E-23
 0.20595449E+02  0.86733879E-23
 0.20658797E+02  0.86150915E-23
 0.20722341E+02  0.85573958E-23
 0.20786080E+02  0.85002936E-23
 0.20850015E+02  0.84437775E-23
 0.20914147E+02  0.83878405E-23
 0.20978475E+02  0.83324756E-23
 0.21043002E+02  0.82776758E-23
 0.21107728E+02  0.82234345E-23
 0.21172652E+02  0.81697449E-23
 0.21237776E+02  0.81166003E-23
 0.21303100E+02  0.80639943E-23
 0.21368626E+02  0.80119205E-23
 0.21434353E+02  0.79603725E-23
 0.21500282E+02  0.79093442E-23
 0.21566413E+02  0.78588293E-23
 0.21632749E+02  0.78088219E-23
 0.21699288E+02  0.77593159E-23
 0.21766032E+02  0.77103055E-23
 0.21832981E+02  0.76617849E-23
 0.21900136E+02  0.76137484E-23
 0.21967498E+02  0.75661903E-23
 0.22035067E+02  0.75191051E-23
 0.22102844E+02  0.74724873E-23
 0.22170829E+02  0.74263315E-23
 0.22239023E+02  0.73806324E-23
 0.22307427E+02  0.73353846E-23
 0.22376042E+02  0.72905831E-23
 0.22444867E+02  0.72462227E-23
 0.22513904E+02  0.72022984E-23
 0.22583154E+02  0.71588052E-23
 0.22652617E+02  0.71157381E-23
 0.22722293E+02  0.70730924E-23
 0.22792183E+02  0.70308632E-23
 0.22862289E+02  0.69890459E-23
 0.22932610E+02  0.69476359E-23
 0.23003147E+02  0.69066284E-23
 0.23073902E+02  0.68660190E-23
 0.23144874E+02  0.68258033E-23
 0.23216064E+02  0.67859768E-23
 0.23287474E+02  0.67465351E-23
 0.23359102E+02  0.67074740E-23
 0.23430952E+02  0.66687893E-23
 0.23503022E+02  0.66304767E-23
 0.23575314E+02  0.65925322E-23
 0.23647828E+02  0.65549516E-23
 0.23720566E+02  0.65177310E-23
 0.23793527E+02  0.64808663E-23
 0.23866712E+02  0.64443537E-23
 0.23940123E+02  0.64081893E-23
 0.24013759E+02  0.63723692E-23
 0.24087622E+02  0.63368898E-23
 0.24161712E+02  0.63017472E-23
 0.24236030E+02  0.62669379E-23
 0.24310577E+02  0.62324581E-23
 0.24385353E+02  0.61983043E-23
 0.24460359E+02  0.61644730E-23
 0.24535595E+02  0.61309606E-23
 0.24611063E+02  0.60977638E-23
 0.24686763E+02  0.60648790E-23
 0.24762696E+02  0.60323030E-23
 0.24838863E+02  0.60000325E-23
 0.24915264E+02  0.59680641E-23
 0.24991900E+02  0.59363945E-23
 0.25068771E+02  0.59050207E-23
 0.25145879E+02  0.58739394E-23
 0.25223224E+02  0.58431476E-23
 0.25300807E+02  0.58126420E-23
 0.25378629E+02  0.57824198E-23
 0.25456690E+02  0.57524778E-23
 0.25534991E+02  0.57228131E-23
 0.25613533E+02  0.56934228E-23
 0.25692317E+02  0.56643039E-23
 0.25771343E+02  0.56354537E-23
 0.25850612E+02  0.56068691E-23
 0.25930124E+02  0.55785476E-23
 0.26009882E+02  0.55504862E-23
 0.26089885E+02  0.55226823E-23
 0.26170133E+02  0.54951331E-23
 0.26250629E+02  0.54678360E-23
 0.26331372E+02  0.54407883E-23
 0.26412364E+02  0.54139875E-23
 0.26493604E+02  0.53874309E-23
 0.26575095E+02  0.53611161E-23
 0.26656836E+02  0.53350404E-23
 0.26738829E+02  0.53092014E-23
 0.26821074E+02  0.52835967E-23
 0.26903571E+02  0.52582238E-23
 0.26986323E+02  0.52330803E-23
 0.27069329E+02  0.52081639E-23
 0.27152591E+02  0.51834722E-23
 0.27236108E+02  0.51590028E-23
 0.27319882E+02  0.51347535E-23
 0.27403915E+02  0.51107220E-23
 0.27488205E+02  0.50869061E-23
 0.27572755E+02  0.50633035E-23
 0.27657565E+02  0.50399121E-23
 0.27742636E+02  0.50167296E-23
 0.27827968E+02  0.49937541E-23
 0.27913563E+02  0.49709832E-23
 0.27999421E+02  0.49484150E-23
 0.28085543E+02  0.49260474E-23
 0.28171930E+02  0.49038782E-23
 0.28258583E+02  0.48819056E-23
 0.28345503E+02  0.48601275E-23
 0.28432689E+02  0.48385419E-23
 0.28520144E+02  0.48171468E-23
 0.28607868E+02  0.47959403E-23
 0.28695862E+02  0.47749206E-23
 0.28784126E+02  0.47540856E-23
 0.28872662E+02  0.47334336E-23
 0.28961470E+02  0.47129627E-23
 0.29050552E+02  0.46926710E-23
 0.29139907E+02  0.46725567E-23
 0.29229537E+02  0.46526181E-23
 0.29319443E+02  0.46328534E-23
 0.29409626E+02  0.46132607E-23
 0.29500085E+02  0.45938385E-23
 0.29590824E+02  0.45745849E-23
 0.29681841E+02  0.45554983E-23
 0.29773138E+02  0.45365770E-23
 0.29864716E+02  0.45178193E-23
 0.29956575E+02  0.44992235E-23
 0.30048718E+02  0.44807882E-23
 0.30141143E+02  0.44625116E-23
 0.30233853E+02  0.44443921E-23
 0.30326848E+02  0.44264282E-23
 0.30420129E+02  0.44086184E-23
 0.30513697E+02  0.43909610E-23
 0.30607553E+02  0.43734546E-23
 0.30701697E+02  0.43560976E-23
 0.30796131E+02  0.43388886E-23
 0.30890856E+02  0.43218261E-23
 0.30985872E+02  0.43049086E-23
 0.31081180E+02  0.42881347E-23
 0.31176781E+02  0.42715029E-23
 0.31272677E+02  0.42550118E-23
 0.31368867E+02  0.42386601E-23
 0.31465353E+02  0.42224463E-23
 0.31562136E+02  0.42063691E-23
 0.31659217E+02  0.41904271E-23
 0.31756596E+02  0.41746189E-23
 0.31854275E+02  0.41589433E-23
 0.31952254E+02  0.41433989E-23
 0.32050535E+02  0.41279845E-23
 0.32149118E+02  0.41126987E-23
 0.32248004E+02  0.40975402E-23
 0.32347194E+02  0.40825078E-23
 0.32446689E+02  0.40676003E-23
 0.32546491E+02  0.40528164E-23
 0.32646599E+02  0.40381548E-23
 0.32747015E+02  0.40236145E-23
 0.32847741E+02  0.40091941E-23
 0.32948776E+02  0.39948926E-23
 0.33050121E+02  0.39807086E-23
 0.33151779E+02  0.39666411E-23
 0.33253749E+02  0.39526889E-23
 0.33356033E+02  0.39388509E-23
 0.33458631E+02  0.39251259E-23
 0.33561545E+02  0.39115129E-23
 0.33664776E+02  0.38980107E-23
 0.33768324E+02  0.38846182E-23
 0.33872190E+02  0.38713344E-23
 0.33976376E+02  0.38581582E-23
 0.34080883E+02  0.38450884E-23
 0.34185711E+02  0.38321242E-23
 0.34290861E+02  0.38192644E-23
 0.34396335E+02  0.38065080E-23
 0.34502133E+02  0.37938540E-23
 0.34608257E+02  0.37813014E-23
 0.34714707E+02  0.37688492E-23
 0.34821485E+02  0.37564964E-23
 0.34928590E+02  0.37442420E-23
 0.35036026E+02  0.37320851E-23
 0.35143792E+02  0.37200247E-23
 0.35251889E+02  0.37080598E-23
 0.35360319E+02  0.36961896E-23
 0.35469082E+02  0.36844130E-23
 0.35578180E+02  0.36727293E-23
 0.35687613E+02  0.36611374E-23
 0.35797383E+02  0.36496365E-23
 0.35907491E+02  0.36382256E-23
 0.36017937E+02  0.36269039E-23
 0.36128724E+02  0.36156706E-23
 0.36239850E+02  0.36045247E-23
 0.36351319E+02  0.35934654E-23
 0.36463130E+02  0.35824918E-23
 0.36575286E+02  0.35716032E-23
 0.36687786E+02  0.35607987E-23
 0.36800633E+02  0.35500774E-23
 0.36913826E+02  0.35394385E-23
 0.37027368E+02  0.35288813E-23
 0.37141259E+02  0.35184050E-23
 0.37255500E+02  0.35080087E-23
 0.37370093E+02  0.34976916E-23
 0.37485038E+02  0.34874531E-23
 0.37600336E+02  0.34772923E-23
 0.37715990E+02  0.34672085E-23
 0.37831999E+02  0.34572009E-23
 0.37948365E+02  0.34472687E-23
 0.38065088E+02  0.34374114E-23
 0.38182171E+02  0.34276280E-23
 0.38299614E+02  0.34179179E-23
 0.38417418E+02  0.34082805E-23
 0.38535585E+02  0.33987148E-23
 0.38654115E+02  0.33892204E-23
 0.38773009E+02  0.33797965E-23
 0.38892270E+02  0.33704423E-23
 0.39011897E+02  0.33611573E-23
 0.39131892E+02  0.33519407E-23
 0.39252256E+02  0.33427919E-23
 0.39372990E+02  0.33337102E-23
 0.39494096E+02  0.33246950E-23
 0.39615574E+02  0.33157456E-23
 0.39737426E+02  0.33068614E-23
 0.39859653E+02  0.32980418E-23
 0.39982255E+02  0.32892860E-23
 0.40105235E+02  0.32805936E-23
 0.40228593E+02  0.32719639E-23
 0.40352331E+02  0.32633963E-23
 0.40476449E+02  0.32548901E-23
 0.40600948E+02  0.32464448E-23
 0.40725831E+02  0.32380599E-23
 0.40851098E+02  0.32297346E-23
 0.40976750E+02  0.32214685E-23
 0.41102789E+02  0.32132610E-23
 0.41229215E+02  0.32051114E-23
 0.41356030E+02  0.31970193E-23
 0.41483236E+02  0.31889841E-23
 0.41610832E+02  0.31810052E-23
 0.41738821E+02  0.31730821E-23
 0.41867204E+02  0.31652143E-23
 0.41995982E+02  0.31574012E-23
 0.42125155E+02  0.31496422E-23
 0.42254726E+02  0.31419370E-23
 0.42384696E+02  0.31342849E-23
 0.42515065E+02  0.31266854E-23
 0.42645835E+02  0.31191381E-23
 0.42777008E+02  0.31116424E-23
 0.42908584E+02  0.31041978E-23
 0.43040565E+02  0.30968039E-23
 0.43172951E+02  0.30894601E-23
 0.43305745E+02  0.30821660E-23
 0.43438947E+02  0.30749211E-23
 0.43572559E+02  0.30677249E-23
 0.43706582E+02  0.30605770E-23
 0.43841018E+02  0.30534769E-23
 0.43975866E+02  0.30464241E-23
 0.44111130E+02  0.30394182E-23
 0.44246810E+02  0.30324588E-23
 0.44382906E+02  0.30255453E-23
 0.44519422E+02  0.30186774E-23
 0.44656357E+02  0.30118546E-23
 0.44793714E+02  0.30050765E-23
 0.44931493E+02  0.29983427E-23
 0.45069696E+02  0.29916526E-23
 0.45208324E+02  0.29850060E-23
 0.45347378E+02  0.29784024E-23
 0.45486860E+02  0.29718415E-23
 0.45626772E+02  0.29653226E-23
 0.45767113E+02  0.29588456E-23
 0.45907886E+02  0.29524100E-23
 0.46049092E+02  0.29460154E-23
 0.46190733E+02  0.29396613E-23
 0.46332809E+02  0.29333475E-23
 0.46475322E+02  0.29270736E-23
 0.46618273E+02  0.29208391E-23
 0.46761665E+02  0.29146437E-23
 0.46905497E+02  0.29084870E-23
 0.47049772E+02  0.29023686E-23
 0.47194490E+02  0.28962883E-23
 0.47339654E+02  0.28902456E-23
 0.47485264E+02  0.28842401E-23
 0.47631321E+02  0.28782716E-23
 0.47777829E+02  0.28723397E-23
 0.47924786E+02  0.28664440E-23
 0.48072196E+02  0.28605842E-23
 0.48220060E+02  0.28547599E-23
 0.48368378E+02  0.28489708E-23
 0.48517152E+02  0.28432167E-23
 0.48666384E+02  0.28374971E-23
 0.48816075E+02  0.28318117E-23
 0.48966226E+02  0.28261603E-23
 0.49116839E+02  0.28205424E-23
 0.49267916E+02  0.28149579E-23
 0.49419457E+02  0.28094063E-23
 0.49571464E+02  0.28038874E-23
 0.49723939E+02  0.27984008E-23
 0.49876882E+02  0.27929463E-23
 0.50030297E+02  0.27875236E-23
 0.50184183E+02  0.27821323E-23
 0.50338542E+02  0.27767722E-23
 0.50493376E+02  0.27714430E-23
 0.50648687E+02  0.27661443E-23
 0.50804475E+02  0.27608760E-23
 0.50960742E+02  0.27556377E-23
 0.51117490E+02  0.27504292E-23
 0.51274720E+02  0.27452501E-23
 0.51432434E+02  0.27401003E-23
 0.51590633E+02  0.27349794E-23
 0.51749319E+02  0.27298871E-23
 0.51908492E+02  0.27248233E-23
 0.52068155E+02  0.27197876E-23
 0.52228309E+02  0.27147798E-23
 0.52388956E+02  0.27097997E-23
 0.52550097E+02  0.27048469E-23
 0.52711734E+02  0.26999212E-23
 0.52873868E+02  0.26950224E-23
 0.53036500E+02  0.26901502E-23
 0.53199633E+02  0.26853045E-23
 0.53363268E+02  0.26804849E-23
 0.53527405E+02  0.26756911E-23
 0.53692048E+02  0.26709231E-23
 0.53857197E+02  0.26661805E-23
 0.54022854E+02  0.26614631E-23
 0.54189021E+02  0.26567708E-23
 0.54355699E+02  0.26521031E-23
 0.54522889E+02  0.26474600E-23
 0.54690594E+02  0.26428412E-23
 0.54858814E+02  0.26382465E-23
 0.55027552E+02  0.26336757E-23
 0.55196809E+02  0.26291285E-23
 0.55366587E+02  0.26246048E-23
 0.55536886E+02  0.26201043E-23
 0.55707710E+02  0.26156269E-23
 0.55879059E+02  0.26111723E-23
 0.56050935E+02  0.26067403E-23
 0.56223340E+02  0.26023307E-23
 0.56396275E+02  0.25979433E-23
 0.56569742E+02  0.25935780E-23
 0.56743742E+02  0.25892345E-23
 0.56918278E+02  0.25849126E-23
 0.57093350E+02  0.25806121E-23
 0.57268961E+02  0.25763329E-23
 0.57445113E+02  0.25720748E-23
 0.57621806E+02  0.25678376E-23
 0.57799042E+02  0.25636210E-23
 0.57976824E+02  0.25594250E-23
 0.58155152E+02  0.25552493E-23
 0.58334029E+02  0.25510937E-23
 0.58513456E+02  0.25469582E-23
 0.58693435E+02  0.25428424E-23
 0.58873968E+02  0.25387463E-23
 0.59055056E+02  0.25346696E-23
 0.59236701E+02  0.25306123E-23
 0.59418905E+02  0.25265740E-23
 0.59601669E+02  0.25225547E-23
 0.59784995E+02  0.25185543E-23
 0.59968885E+02  0.25145724E-23
 0.60153341E+02  0.25106090E-23
 0.60338364E+02  0.25066640E-23
 0.60523956E+02  0.25027371E-23
 0.60710119E+02  0.24988282E-23
 0.60896855E+02  0.24949372E-23
 0.61084165E+02  0.24910638E-23
 0.61272051E+02  0.24872080E-23
 0.61460516E+02  0.24833696E-23
 0.61649559E+02  0.24795485E-23
 0.61839185E+02  0.24757445E-23
 0.62029393E+02  0.24719574E-23
 0.62220187E+02  0.24681872E-23
 0.62411567E+02  0.24644336E-23
 0.62603536E+02  0.24606966E-23
 0.62796096E+02  0.24569760E-23
 0.62989248E+02  0.24532716E-23
 0.63182994E+02  0.24495834E-23
 0.63377336E+02  0.24459111E-23
 0.63572275E+02  0.24422548E-23
 0.63767815E+02  0.24386141E-23
 0.63963955E+02  0.24349891E-23
 0.64160699E+02  0.24313795E-23
 0.64358049E+02  0.24277853E-23
 0.64556005E+02  0.24242063E-23
 0.64754570E+02  0.24206424E-23
 0.64953746E+02  0.24170935E-23
 0.65153534E+02  0.24135594E-23
 0.65353937E+02  0.24100401E-23
 0.65554957E+02  0.24065354E-23
 0.65756594E+02  0.24030451E-23
 0.65958852E+02  0.23995693E-23
 0.66161732E+02  0.23961077E-23
 0.66365237E+02  0.23926603E-23
 0.66569367E+02  0.23892269E-23
 0.66774125E+02  0.23858074E-23
 0.66979512E+02  0.23824017E-23
 0.67185532E+02  0.23790098E-23
 0.67392185E+02  0.23756314E-23
 0.67599474E+02  0.23722665E-23
 0.67807400E+02  0.23689151E-23
 0.68015966E+02  0.23655768E-23
 0.68225173E+02  0.23622518E-23
 0.68435024E+02  0.23589398E-23
 0.68645521E+02  0.23556408E-23
 0.68856665E+02  0.23523547E-23
 0.69068458E+02  0.23490814E-23
 0.69280903E+02  0.23458207E-23
 0.69494001E+02  0.23425726E-23
 0.69707755E+02  0.23393370E-23
 0.69922166E+02  0.23361137E-23
 0.70137236E+02  0.23329028E-23
 0.70352969E+02  0.23297040E-23
 0.70569364E+02  0.23265174E-23
 0.70786426E+02  0.23233427E-23
 0.71004155E+02  0.23201800E-23
 0.71222553E+02  0.23170291E-23
 0.71441624E+02  0.23138900E-23
 0.71661368E+02  0.23107625E-23
 0.71881788E+02  0.23076466E-23
 0.72102886E+02  0.23045422E-23
 0.72324665E+02  0.23014492E-23
 0.72547125E+02  0.22983675E-23
 0.72770270E+02  0.22952970E-23
 0.72994101E+02  0.22922377E-23
 0.73218620E+02  0.22891895E-23
 0.73443830E+02  0.22861523E-23
 0.73669733E+02  0.22831259E-23
 0.73896331E+02  0.22801104E-23
 0.74123625E+02  0.22771057E-23
 0.74351619E+02  0.22741116E-23
 0.74580314E+02  0.22711282E-23
 0.74809713E+02  0.22681552E-23
 0.75039817E+02  0.22651927E-23
 0.75270628E+02  0.22622407E-23
 0.75502150E+02  0.22592989E-23
 0.75734384E+02  0.22563673E-23
 0.75967332E+02  0.22534459E-23
 0.76200997E+02  0.22505346E-23
 0.76435380E+02  0.22476334E-23
 0.76670485E+02  0.22447420E-23
 0.76906312E+02  0.22418606E-23
 0.77142865E+02  0.22389890E-23
 0.77380146E+02  0.22361271E-23
 0.77618156E+02  0.22332750E-23
 0.77856898E+02  0.22304324E-23
 0.78096375E+02  0.22275994E-23
 0.78336589E+02  0.22247759E-23
 0.78577541E+02  0.22219618E-23
 0.78819234E+02  0.22191571E-23
 0.79061671E+02  0.22163617E-23
 0.79304853E+02  0.22135756E-23
 0.79548784E+02  0.22107986E-23
 0.79793465E+02  0.22080307E-23
 0.80038898E+02  0.22052719E-23
 0.80285086E+02  0.22025221E-23
 0.80532032E+02  0.21997813E-23
 0.80779737E+02  0.21970493E-23
 0.81028204E+02  0.21943262E-23
 0.81277435E+02  0.21916118E-23
 0.81527433E+02  0.21889062E-23
 0.81778200E+02  0.21862092E-23
 0.82029738E+02  0.21835208E-23
 0.82282050E+02  0.21808410E-23
 0.82535138E+02  0.21781697E-23
 0.82789004E+02  0.21755068E-23
 0.83043651E+02  0.21728524E-23
 0.83299082E+02  0.21702062E-23
 0.83555298E+02  0.21675684E-23
 0.83812302E+02  0.21649388E-23
 0.84070097E+02  0.21623174E-23
 0.84328684E+02  0.21597042E-23
 0.84588067E+02  0.21570990E-23
 0.84848248E+02  0.21545019E-23
 0.85109230E+02  0.21519127E-23
 0.85371013E+02  0.21493316E-23
 0.85633603E+02  0.21467583E-23
 0.85896999E+02  0.21441929E-23
 0.86161206E+02  0.21416353E-23
 0.86426226E+02  0.21390854E-23
 0.86692061E+02  0.21365433E-23
 0.86958713E+02  0.21340089E-23
 0.87226186E+02  0.21314820E-23
 0.87494481E+02  0.21289628E-23
 0.87763602E+02  0.21264511E-23
 0.88033550E+02  0.21239469E-23
 0.88304329E+02  0.21214502E-23
 0.88575940E+02  0.21189608E-23
 0.88848387E+02  0.21164789E-23
 0.89121672E+02  0.21140042E-23
 0.89395798E+02  0.21115369E-23
 0.89670767E+02  0.21090768E-23
 0.89946581E+02  0.21066240E-23
 0.90223244E+02  0.21041783E-23
 0.90500758E+02  0.21017397E-23
 0.90779126E+02  0.20993082E-23
 0.91058349E+02  0.20968838E-23
 0.91338432E+02  0.20944664E-23
 0.91619376E+02  0.20920560E-23
 0.91901184E+02  0.20896526E-23
 0.92183859E+02  0.20872560E-23
 0.92467404E+02  0.20848663E-23
 0.92751820E+02  0.20824834E-23
 0.93037112E+02  0.20801074E-23
 0.93323280E+02  0.20777381E-23
 0.93610330E+02  0.20753755E-23
 0.93898262E+02  0.20730196E-23
 0.94187079E+02  0.20706704E-23
 0.94476786E+02  0.20683278E-23
 0.94767383E+02  0.20659918E-23
 0.95058874E+02  0.20636624E-23
 0.95351261E+02  0.20613395E-23
 0.95644548E+02  0.20590231E-23
 0.95938737E+02  0.20567131E-23
 0.96233831E+02  0.20544096E-23
 0.96529833E+02  0.20521125E-23
 0.96826745E+02  0.20498217E-23
 0.97124570E+02  0.20475373E-23
 0.97423312E+02  0.20452592E-23
 0.97722972E+02  0.20429874E-23
 0.98023554E+02  0.20407218E-23
 0.98325060E+02  0.20384624E-23
 0.98627494E+02  0.20362092E-23
 0.98930858E+02  0.20339622E-23
 0.99235156E+02  0.20317213E-23
 0.99540389E+02  0.20294865E-23
 0.99846561E+02  0.20272578E-23
 0.10015367E+03  0.20250351E-23
 0.10046173E+03  0.20228184E-23
 0.10077074E+03  0.20206078E-23
 0.10108070E+03  0.20184031E-23
 0.10139161E+03  0.20162043E-23
 0.10170347E+03  0.20140114E-23
 0.10201630E+03  0.20118244E-23
 0.10233008E+03  0.20096433E-23
 0.10264484E+03  0.20074680E-23
 0.10296056E+03  0.20052985E-23
 0.10327725E+03  0.20031348E-23
 0.10359492E+03  0.20009769E-23
 0.10391356E+03  0.19988246E-23
 0.10423318E+03  0.19966781E-23
 0.10455379E+03  0.19945373E-23
 0.10487538E+03  0.19924021E-23
 0.10519796E+03  0.19902725E-23
 0.10552154E+03  0.19881486E-23
 0.10584611E+03  0.19860303E-23
 0.10617168E+03  0.19839175E-23
 0.10649824E+03  0.19818102E-23
 0.10682582E+03  0.19797085E-23
 0.10715440E+03  0.19776123E-23
 0.10748399E+03  0.19755215E-23
 0.10781460E+03  0.19734362E-23
 0.10814622E+03  0.19713563E-23
 0.10847886E+03  0.19692818E-23
 0.10881253E+03  0.19672127E-23
 0.10914722E+03  0.19651490E-23
 0.10948294E+03  0.19630906E-23
 0.10981969E+03  0.19610376E-23
 0.11015748E+03  0.19589898E-23
 0.11049631E+03  0.19569473E-23
 0.11083618E+03  0.19549101E-23
 0.11117710E+03  0.19528781E-23
 0.11151906E+03  0.19508514E-23
 0.11186208E+03  0.19488298E-23
 0.11220615E+03  0.19468135E-23
 0.11255128E+03  0.19448023E-23
 0.11289747E+03  0.19427962E-23
 0.11324473E+03  0.19407952E-23
 0.11359306E+03  0.19387994E-23
 0.11394245E+03  0.19368087E-23
 0.11429292E+03  0.19348230E-23
 0.11464447E+03  0.19328424E-23
 0.11499710E+03  0.19308668E-23
 0.11535082E+03  0.19288962E-23
 0.11570562E+03  0.19269306E-23
 0.11606151E+03  0.19249700E-23
 0.11641850E+03  0.19230144E-23
 0.11677659E+03  0.19210637E-23
 0.11713578E+03  0.19191179E-23
 0.11749607E+03  0.19171770E-23
 0.11785747E+03  0.19152411E-23
 0.11821998E+03  0.19133100E-23
 0.11858361E+03  0.19113838E-23
 0.11894836E+03  0.19094624E-23
 0.11931423E+03  0.19075458E-23
 0.11968122E+03  0.19056341E-23
 0.12004934E+03  0.19037271E-23
 0.12041860E+03  0.19018250E-23
 0.12078899E+03  0.18999276E-23
 0.12116052E+03  0.18980349E-23
 0.12153319E+03  0.18961470E-23
 0.12190701E+03  0.18942638E-23
 0.12228198E+03  0.18923853E-23
 0.12265810E+03  0.18905115E-23
 0.12303538E+03  0.18886424E-23
 0.12341382E+03  0.18867779E-23
 0.12379342E+03  0.18849181E-23
 0.12417419E+03  0.18830629E-23
 0.12455613E+03  0.18812123E-23
 0.12493925E+03  0.18793663E-23
 0.12532355E+03  0.18775249E-23
 0.12570902E+03  0.18756881E-23
 0.12609569E+03  0.18738558E-23
 0.12648354E+03  0.18720281E-23
 0.12687259E+03  0.18702050E-23
 0.12726283E+03  0.18683863E-23
 0.12765427E+03  0.18665722E-23
 0.12804692E+03  0.18647625E-23
 0.12844077E+03  0.18629573E-23
 0.12883584E+03  0.18611566E-23
 0.12923212E+03  0.18593604E-23
 0.12962962E+03  0.18575686E-23
 0.13002834E+03  0.18557812E-23
 0.13042829E+03  0.18539983E-23
 0.13082947E+03  0.18522197E-23
 0.13123188E+03  0.18504455E-23
 0.13163553E+03  0.18486758E-23
 0.13204042E+03  0.18469104E-23
 0.13244656E+03  0.18451493E-23
 0.13285395E+03  0.18433926E-23
 0.13326259E+03  0.18416402E-23
 0.13367248E+03  0.18398922E-23
 0.13408364E+03  0.18381484E-23
 0.13449606E+03  0.18364090E-23
 0.13490975E+03  0.18346738E-23
 0.13532472E+03  0.18329430E-23
 0.13574096E+03  0.18312164E-23
 0.13615848E+03  0.18294940E-23
 0.13657728E+03  0.18277759E-23
 0.13699737E+03  0.18260620E-23
 0.13741876E+03  0.18243523E-23
 0.13784144E+03  0.18226469E-23
 0.13826542E+03  0.18209457E-23
 0.13869070E+03  0.18192486E-23
 0.13911730E+03  0.18175557E-23
 0.13954520E+03  0.18158670E-23
 0.13997442E+03  0.18141825E-23
 0.14040496E+03  0.18125021E-23
 0.14083683E+03  0.18108258E-23
 0.14127002E+03  0.18091537E-23
 0.14170455E+03  0.18074857E-23
 0.14214041E+03  0.18058218E-23
 0.14257762E+03  0.18041620E-23
 0.14301617E+03  0.18025063E-23
 0.14345606E+03  0.18008547E-23
 0.14389731E+03  0.17992071E-23
 0.14433992E+03  0.17975637E-23
 0.14478389E+03  0.17959242E-23
 0.14522922E+03  0.17942888E-23
 0.14567593E+03  0.17926575E-23
 0.14612401E+03  0.17910302E-23
 0.14657346E+03  0.17894069E-23
 0.14702430E+03  0.17877876E-23
 0.14747653E+03  0.17861723E-23
 0.14793015E+03  0.17845610E-23
 0.14838516E+03  0.17829537E-23
 0.14884157E+03  0.17813503E-23
 0.14929939E+03  0.17797509E-23
 0.14975861E+03  0.17781555E-23
 0.15021925E+03  0.17765640E-23
 0.15068130E+03  0.17749765E-23
 0.15114477E+03  0.17733929E-23
 0.15160967E+03  0.17718133E-23
 0.15207600E+03  0.17702375E-23
 0.15254377E+03  0.17686657E-23
 0.15301297E+03  0.17670977E-23
 0.15348362E+03  0.17655337E-23
 0.15395571E+03  0.17639735E-23
 0.15442926E+03  0.17624172E-23
 0.15490426E+03  0.17608648E-23
 0.15538072E+03  0.17593163E-23
 0.15585865E+03  0.17577716E-23
 0.15633805E+03  0.17562307E-23
 0.15681892E+03  0.17546937E-23
 0.15730128E+03  0.17531606E-23
 0.15778511E+03  0.17516312E-23
 0.15827044E+03  0.17501057E-23
 0.15875725E+03  0.17485840E-23
 0.15924557E+03  0.17470661E-23
 0.15973539E+03  0.17455520E-23
 0.16022671E+03  0.17440417E-23
 0.16071954E+03  0.17425352E-23
 0.16121389E+03  0.17410324E-23
 0.16170976E+03  0.17395334E-23
 0.16220716E+03  0.17380382E-23
 0.16270609E+03  0.17365468E-23
 0.16320655E+03  0.17350591E-23
 0.16370855E+03  0.17335751E-23
 0.16421209E+03  0.17320949E-23
 0.16471719E+03  0.17306185E-23
 0.16522383E+03  0.17291457E-23
 0.16573204E+03  0.17276767E-23
 0.16624181E+03  0.17262114E-23
 0.16675314E+03  0.17247498E-23
 0.16726605E+03  0.17232919E-23
 0.16778054E+03  0.17218376E-23
 0.16829661E+03  0.17203871E-23
 0.16881426E+03  0.17189403E-23
 0.16933351E+03  0.17174972E-23
 0.16985436E+03  0.17160577E-23
 0.17037681E+03  0.17146219E-23
 0.17090086E+03  0.17131897E-23
 0.17142653E+03  0.17117612E-23
 0.17195381E+03  0.17103364E-23
 0.17248272E+03  0.17089152E-23
 0.17301325E+03  0.17074977E-23
 0.17354541E+03  0.17060838E-23
 0.17407921E+03  0.17046735E-23
 0.17461466E+03  0.17032668E-23
 0.17515175E+03  0.17018638E-23
 0.17569049E+03  0.17004644E-23
 0.17623089E+03  0.16990685E-23
 0.17677295E+03  0.16976763E-23
 0.17731668E+03  0.16962877E-23
 0.17786208E+03  0.16949027E-23
 0.17840916E+03  0.16935213E-23
 0.17895792E+03  0.16921435E-23
 0.17950837E+03  0.16907692E-23
 0.18006051E+03  0.16893985E-23
 0.18061435E+03  0.16880314E-23
 0.18116989E+03  0.16866679E-23
 0.18172715E+03  0.16853079E-23
 0.18228611E+03  0.16839515E-23
 0.18284680E+03  0.16825986E-23
 0.18340921E+03  0.16812493E-23
 0.18397335E+03  0.16799035E-23
 0.18453923E+03  0.16785612E-23
 0.18510684E+03  0.16772225E-23
 0.18567621E+03  0.16758874E-23
 0.18624732E+03  0.16745557E-23
 0.18682019E+03  0.16732276E-23
 0.18739482E+03  0.16719030E-23
 0.18797122E+03  0.16705819E-23
 0.18854939E+03  0.16692644E-23
 0.18912935E+03  0.16679503E-23
 0.18971108E+03  0.16666397E-23
 0.19029460E+03  0.16653327E-23
 0.19087992E+03  0.16640291E-23
 0.19146704E+03  0.16627290E-23
 0.19205597E+03  0.16614325E-23
 0.19264671E+03  0.16601394E-23
 0.19323926E+03  0.16588498E-23
 0.19383364E+03  0.16575636E-23
 0.19442984E+03  0.16562810E-23
 0.19502788E+03  0.16550018E-23
 0.19562776E+03  0.16537260E-23
 0.19622948E+03  0.16524538E-23
 0.19683305E+03  0.16511850E-23
 0.19743849E+03  0.16499197E-23
 0.19804578E+03  0.16486578E-23
 0.19865494E+03  0.16473993E-23
 0.19926597E+03  0.16461444E-23
 0.19987889E+03  0.16448928E-23
 0.20049369E+03  0.16436447E-23
 0.20111038E+03  0.16424001E-23
 0.20172896E+03  0.16411589E-23
 0.20234945E+03  0.16399211E-23
 0.20297185E+03  0.16386867E-23
 0.20359616E+03  0.16374558E-23
 0.20422240E+03  0.16362283E-23
 0.20485056E+03  0.16350043E-23
 0.20548065E+03  0.16337836E-23
 0.20611268E+03  0.16325664E-23
 0.20674665E+03  0.16313526E-23
 0.20738257E+03  0.16301422E-23
 0.20802045E+03  0.16289352E-23
 0.20866029E+03  0.16277316E-23
 0.20930210E+03  0.16265314E-23
 0.20994589E+03  0.16253346E-23
 0.21059165E+03  0.16241413E-23
 0.21123940E+03  0.16229513E-23
 0.21188914E+03  0.16217647E-23
 0.21254088E+03  0.16205815E-23
 0.21319463E+03  0.16194017E-23
 0.21385039E+03  0.16182253E-23
 0.21450816E+03  0.16170523E-23
 0.21516796E+03  0.16158827E-23
 0.21582978E+03  0.16147164E-23
 0.21649364E+03  0.16135536E-23
 0.21715955E+03  0.16123941E-23
 0.21782750E+03  0.16112380E-23
 0.21849750E+03  0.16100853E-23
 0.21916957E+03  0.16089359E-23
 0.21984371E+03  0.16077900E-23
 0.22051991E+03  0.16066474E-23
 0.22119820E+03  0.16055081E-23
 0.22187858E+03  0.16043723E-23
 0.22256104E+03  0.16032398E-23
 0.22324561E+03  0.16021107E-23
 0.22393228E+03  0.16009849E-23
 0.22462107E+03  0.15998625E-23
 0.22531197E+03  0.15987435E-23
 0.22600500E+03  0.15976278E-23
 0.22670016E+03  0.15965155E-23
 0.22739745E+03  0.15954065E-23
 0.22809689E+03  0.15943010E-23
 0.22879849E+03  0.15931987E-23
 0.22950224E+03  0.15920998E-23
 0.23020816E+03  0.15910043E-23
 0.23091624E+03  0.15899121E-23
 0.23162651E+03  0.15888233E-23
 0.23233896E+03  0.15877378E-23
 0.23305360E+03  0.15866557E-23
 0.23377044E+03  0.15855770E-23
 0.23448949E+03  0.15845015E-23
 0.23521074E+03  0.15834295E-23
 0.23593422E+03  0.15823608E-23
 0.23665992E+03  0.15812954E-23
 0.23738785E+03  0.15802334E-23
 0.23811802E+03  0.15791747E-23
 0.23885044E+03  0.15781194E-23
 0.23958511E+03  0.15770674E-23
 0.24032204E+03  0.15760187E-23
 0.24106123E+03  0.15749734E-23
 0.24180270E+03  0.15739315E-23
 0.24254646E+03  0.15728929E-23
 0.24329249E+03  0.15718576E-23
 0.24404083E+03  0.15708257E-23
 0.24479146E+03  0.15697972E-23
 0.24554441E+03  0.15687719E-23
 0.24629967E+03  0.15677501E-23
 0.24705725E+03  0.15667315E-23
 0.24781716E+03  0.15657163E-23
 0.24857941E+03  0.15647045E-23
 0.24934401E+03  0.15636960E-23
 0.25011095E+03  0.15626908E-23
 0.25088026E+03  0.15616890E-23
 0.25165193E+03  0.15606906E-23
 0.25242598E+03  0.15596955E-23
 0.25320240E+03  0.15587037E-23
 0.25398122E+03  0.15577153E-23
 0.25476243E+03  0.15567302E-23
 0.25554604E+03  0.15557485E-23
 0.25633206E+03  0.15547701E-23
 0.25712050E+03  0.15537951E-23
 0.25791137E+03  0.15528234E-23
 0.25870467E+03  0.15518551E-23
 0.25950041E+03  0.15508901E-23
 0.26029859E+03  0.15499285E-23
 0.26109924E+03  0.15489702E-23
 0.26190234E+03  0.15480153E-23
 0.26270792E+03  0.15470638E-23
 0.26351597E+03  0.15461156E-23
 0.26432650E+03  0.15451707E-23
 0.26513954E+03  0.15442292E-23
 0.26595507E+03  0.15432911E-23
 0.26677311E+03  0.15423564E-23
 0.26759366E+03  0.15414250E-23
 0.26841674E+03  0.15404969E-23
 0.26924236E+03  0.15395723E-23
 0.27007051E+03  0.15386510E-23
 0.27090121E+03  0.15377330E-23
 0.27173446E+03  0.15368185E-23
 0.27257028E+03  0.15359073E-23
 0.27340866E+03  0.15349994E-23
 0.27424963E+03  0.15340950E-23
 0.27509318E+03  0.15331939E-23
 0.27593933E+03  0.15322963E-23
 0.27678808E+03  0.15314019E-23
 0.27763944E+03  0.15305110E-23
 0.27849342E+03  0.15296235E-23
 0.27935003E+03  0.15287393E-23
 0.28020927E+03  0.15278585E-23
 0.28107115E+03  0.15269812E-23
 0.28193569E+03  0.15261072E-23
 0.28280288E+03  0.15252366E-23
 0.28367274E+03  0.15243694E-23
 0.28454528E+03  0.15235056E-23
 0.28542050E+03  0.15226452E-23
 0.28629841E+03  0.15217882E-23
 0.28717903E+03  0.15209346E-23
 0.28806235E+03  0.15200844E-23
 0.28894839E+03  0.15192377E-23
 0.28983715E+03  0.15183943E-23
 0.29072865E+03  0.15175544E-23
 0.29162289E+03  0.15167179E-23
 0.29251988E+03  0.15158848E-23
 0.29341963E+03  0.15150551E-23
 0.29432215E+03  0.15142288E-23
 0.29522744E+03  0.15134060E-23
 0.29613552E+03  0.15125866E-23
 0.29704639E+03  0.15117707E-23
 0.29796006E+03  0.15109582E-23
 0.29887654E+03  0.15101491E-23
 0.29979584E+03  0.15093435E-23
 0.30071797E+03  0.15085413E-23
 0.30164294E+03  0.15077426E-23
 0.30257075E+03  0.15069474E-23
 0.30350142E+03  0.15061555E-23
 0.30443494E+03  0.15053672E-23
 0.30537134E+03  0.15045823E-23
 0.30631062E+03  0.15038009E-23
 0.30725279E+03  0.15030230E-23
 0.30819785E+03  0.15022485E-23
 0.30914583E+03  0.15014776E-23
 0.31009672E+03  0.15007101E-23
 0.31105053E+03  0.14999461E-23
 0.31200728E+03  0.14991855E-23
 0.31296697E+03  0.14984285E-23
 0.31392961E+03  0.14976750E-23
 0.31489521E+03  0.14969250E-23
 0.31586378E+03  0.14961785E-23
 0.31683534E+03  0.14954355E-23
 0.31780988E+03  0.14946960E-23
 0.31878741E+03  0.14939601E-23
 0.31976796E+03  0.14932276E-23
 0.32075152E+03  0.14924987E-23
 0.32173811E+03  0.14917734E-23
 0.32272773E+03  0.14910515E-23
 0.32372039E+03  0.14903333E-23
 0.32471611E+03  0.14896185E-23
 0.32571489E+03  0.14889073E-23
 0.32671674E+03  0.14881997E-23
 0.32772168E+03  0.14874956E-23
 0.32872970E+03  0.14867952E-23
 0.32974083E+03  0.14860982E-23
 0.33075506E+03  0.14854049E-23
 0.33177242E+03  0.14847151E-23
 0.33279290E+03  0.14840289E-23
 0.33381653E+03  0.14833464E-23
 0.33484330E+03  0.14826674E-23
 0.33587323E+03  0.14819920E-23
 0.33690633E+03  0.14813202E-23
 0.33794261E+03  0.14806520E-23
 0.33898207E+03  0.14799875E-23
 0.34002473E+03  0.14793266E-23
 0.34107060E+03  0.14786693E-23
 0.34211968E+03  0.14780156E-23
 0.34317199E+03  0.14773656E-23
 0.34422754E+03  0.14767193E-23
 0.34528634E+03  0.14760766E-23
 0.34634839E+03  0.14754375E-23
 0.34741371E+03  0.14748022E-23
 0.34848230E+03  0.14741705E-23
 0.34955418E+03  0.14735424E-23
 0.35062936E+03  0.14729181E-23
 0.35170785E+03  0.14722974E-23
 0.35278965E+03  0.14716805E-23
 0.35387478E+03  0.14710672E-23
 0.35496325E+03  0.14704577E-23
 0.35605507E+03  0.14698519E-23
 0.35715024E+03  0.14692498E-23
 0.35824879E+03  0.14686514E-23
 0.35935071E+03  0.14680568E-23
 0.36045602E+03  0.14674659E-23
 0.36156473E+03  0.14668788E-23
 0.36267685E+03  0.14662954E-23
 0.36379240E+03  0.14657158E-23
 0.36491137E+03  0.14651400E-23
 0.36603379E+03  0.14645679E-23
 0.36715965E+03  0.14639997E-23
 0.36828898E+03  0.14634352E-23
 0.36942179E+03  0.14628745E-23
 0.37055808E+03  0.14623177E-23
 0.37169786E+03  0.14617646E-23
 0.37284115E+03  0.14612154E-23
 0.37398796E+03  0.14606700E-23
 0.37513829E+03  0.14601285E-23
 0.37629216E+03  0.14595908E-23
 0.37744959E+03  0.14590570E-23
 0.37861057E+03  0.14585270E-23
 0.37977512E+03  0.14580009E-23
 0.38094325E+03  0.14574787E-23
 0.38211498E+03  0.14569604E-23
 0.38329031E+03  0.14564460E-23
 0.38446926E+03  0.14559355E-23
 0.38565183E+03  0.14554289E-23
 0.38683804E+03  0.14549263E-23
 0.38802790E+03  0.14544275E-23
 0.38922142E+03  0.14539328E-23
 0.39041861E+03  0.14534419E-23
 0.39161948E+03  0.14529551E-23
 0.39282405E+03  0.14524722E-23
 0.39403232E+03  0.14519933E-23
 0.39524431E+03  0.14515184E-23
 0.39646002E+03  0.14510475E-23
 0.39767948E+03  0.14505806E-23
 0.39890268E+03  0.14501177E-23
 0.40012965E+03  0.14496589E-23
 0.40136039E+03  0.14492041E-23
 0.40259492E+03  0.14487533E-23
 0.40383324E+03  0.14483067E-23
 0.40507538E+03  0.14478641E-23
 0.40632133E+03  0.14474256E-23
 0.40757112E+03  0.14469912E-23
 0.40882475E+03  0.14465609E-23
 0.41008224E+03  0.14461347E-23
 0.41134359E+03  0.14457127E-23
 0.41260883E+03  0.14452948E-23
 0.41387795E+03  0.14448810E-23
 0.41515098E+03  0.14444715E-23
 0.41642793E+03  0.14440661E-23
 0.41770880E+03  0.14436650E-23
 0.41899361E+03  0.14432680E-23
 0.42028238E+03  0.14428753E-23
 0.42157511E+03  0.14424869E-23
 0.42287181E+03  0.14421027E-23
 0.42417251E+03  0.14417228E-23
 0.42547720E+03  0.14413471E-23
 0.42678591E+03  0.14409758E-23
 0.42809864E+03  0.14406089E-23
 0.42941541E+03  0.14402462E-23
 0.43073623E+03  0.14398880E-23
 0.43206111E+03  0.14395341E-23
 0.43339007E+03  0.14391847E-23
 0.43472312E+03  0.14388397E-23
 0.43606027E+03  0.14384992E-23
 0.43740153E+03  0.14381632E-23
 0.43874691E+03  0.14378317E-23
 0.44009643E+03  0.14375048E-23
 0.44145011E+03  0.14371824E-23
 0.44280795E+03  0.14368647E-23
 0.44416996E+03  0.14365517E-23
 0.44553616E+03  0.14362434E-23
 0.44690657E+03  0.14359399E-23
 0.44828119E+03  0.14356412E-23
 0.44966004E+03  0.14353474E-23
 0.45104313E+03  0.14350585E-23
 0.45243047E+03  0.14347748E-23
 0.45382209E+03  0.14344961E-23
 0.45521798E+03  0.14342228E-23
 0.45661816E+03  0.14339548E-23
 0.45802266E+03  0.14336924E-23
 0.45943147E+03  0.14334357E-23
 0.46084462E+03  0.14331849E-23
 0.46226211E+03  0.14329404E-23
 0.46368396E+03  0.14327023E-23
 0.46511019E+03  0.14324711E-23
 0.46654080E+03  0.14322473E-23
 0.46797581E+03  0.14320315E-23
 0.46941524E+03  0.14318243E-23
 0.47085910E+03  0.14316269E-23
 0.47230739E+03  0.14314405E-23
 0.47376014E+03  0.14312667E-23
 0.47521736E+03  0.14311079E-23
 0.47667906E+03  0.14309673E-23
 0.47814526E+03  0.14308493E-23
 0.47961597E+03  0.14307607E-23
 0.48109120E+03  0.14307111E-23
 0.48257096E+03  0.14307162E-23
 0.48405528E+03  0.14308009E-23
 0.48554417E+03  0.14310087E-23
 0.48703763E+03  0.14314197E-23
 0.48853569E+03  0.14321959E-23
 0.49003836E+03  0.14337064E-23
 0.49154565E+03  0.14369532E-23
 0.49305757E+03  0.14455189E-23
 0.49457415E+03  0.14810039E-23
 0.49609539E+03  0.22455799E-23
 0.49762131E+03  0.15917870E-23
 0.49915192E+03  0.14569610E-23
 0.50068724E+03  0.14391699E-23
 0.50222728E+03  0.14335813E-23
 0.50377206E+03  0.14310934E-23
 0.50532159E+03  0.14297440E-23
 0.50687589E+03  0.14289099E-23
 0.50843497E+03  0.14283438E-23
 0.50999884E+03  0.14279315E-23
 0.51156753E+03  0.14276148E-23
 0.51314103E+03  0.14273612E-23
 0.51471938E+03  0.14271515E-23
 0.51630259E+03  0.14269741E-23
 0.51789066E+03  0.14268210E-23
 0.51948362E+03  0.14266874E-23
 0.52108148E+03  0.14265694E-23
 0.52268425E+03  0.14264648E-23
 0.52429195E+03  0.14263717E-23
 0.52590460E+03  0.14262887E-23
 0.52752221E+03  0.14262149E-23
 0.52914479E+03  0.14261494E-23
 0.53077236E+03  0.14260918E-23
 0.53240495E+03  0.14260416E-23
 0.53404255E+03  0.14259984E-23
 0.53568519E+03  0.14259620E-23
 0.53733288E+03  0.14259321E-23
 0.53898564E+03  0.14259085E-23
 0.54064348E+03  0.14258912E-23
 0.54230642E+03  0.14258800E-23
 0.54397448E+03  0.14258748E-23
 0.54564767E+03  0.14258755E-23
 0.54732600E+03  0.14258821E-23
 0.54900950E+03  0.14258946E-23
 0.55069818E+03  0.14259128E-23
 0.55239205E+03  0.14259368E-23
 0.55409112E+03  0.14259666E-23
 0.55579543E+03  0.14260021E-23
 0.55750498E+03  0.14260432E-23
 0.55921978E+03  0.14260902E-23
 0.56093986E+03  0.14261428E-23
 0.56266524E+03  0.14262011E-23
 0.56439591E+03  0.14262651E-23
 0.56613192E+03  0.14263348E-23
 0.56787326E+03  0.14264102E-23
 0.56961995E+03  0.14264914E-23
 0.57137202E+03  0.14265782E-23
 0.57312948E+03  0.14266708E-23
 0.57489235E+03  0.14267692E-23
 0.57666064E+03  0.14268733E-23
 0.57843436E+03  0.14269832E-23
 0.58021354E+03  0.14270988E-23
 0.58199820E+03  0.14272203E-23
 0.58378834E+03  0.14273476E-23
 0.58558399E+03  0.14274807E-23
 0.58738517E+03  0.14276196E-23
 0.58919188E+03  0.14277644E-23
 0.59100415E+03  0.14279151E-23
 0.59282199E+03  0.14280716E-23
 0.59464543E+03  0.14282341E-23
 0.59647448E+03  0.14284025E-23
 0.59830915E+03  0.14285769E-23
 0.60014946E+03  0.14287572E-23
 0.60199543E+03  0.14289435E-23
 0.60384709E+03  0.14291358E-23
 0.60570443E+03  0.14293341E-23
 0.60756750E+03  0.14295385E-23
 0.60943629E+03  0.14297489E-23
 0.61131083E+03  0.14299654E-23
 0.61319113E+03  0.14301880E-23
 0.61507722E+03  0.14304167E-23
 0.61696911E+03  0.14306516E-23
 0.61886682E+03  0.14308926E-23
 0.62077037E+03  0.14311398E-23
 0.62267977E+03  0.14313932E-23
 0.62459504E+03  0.14316529E-23
 0.62651621E+03  0.14319188E-23
 0.62844328E+03  0.14321909E-23
 0.63037629E+03  0.14324693E-23
 0.63231523E+03  0.14327541E-23
 0.63426014E+03  0.14330452E-23
 0.63621104E+03  0.14333426E-23
 0.63816793E+03  0.14336464E-23
 0.64013085E+03  0.14339566E-23
 0.64209980E+03  0.14342733E-23
 0.64407481E+03  0.14345963E-23
 0.64605589E+03  0.14349259E-23
 0.64804307E+03  0.14352619E-23
 0.65003635E+03  0.14356044E-23
 0.65203577E+03  0.14359535E-23
 0.65404134E+03  0.14363091E-23
 0.65605308E+03  0.14366714E-23
 0.65807101E+03  0.14370402E-23
 0.66009514E+03  0.14374156E-23
 0.66212550E+03  0.14377977E-23
 0.66416210E+03  0.14381865E-23
 0.66620497E+03  0.14385819E-23
 0.66825412E+03  0.14389841E-23
 0.67030958E+03  0.14393930E-23
 0.67237136E+03  0.14398087E-23
 0.67443947E+03  0.14402312E-23
 0.67651395E+03  0.14406606E-23
 0.67859481E+03  0.14410967E-23
 0.68068208E+03  0.14415397E-23
 0.68277576E+03  0.14419897E-23
 0.68487588E+03  0.14424465E-23
 0.68698246E+03  0.14429103E-23
 0.68909552E+03  0.14433810E-23
 0.69121508E+03  0.14438587E-23
 0.69334116E+03  0.14443435E-23
 0.69547378E+03  0.14448353E-23
 0.69761296E+03  0.14453341E-23
 0.69975872E+03  0.14458401E-23
 0.70191107E+03  0.14463531E-23
 0.70407005E+03  0.14468733E-23
 0.70623567E+03  0.14474007E-23
 0.70840795E+03  0.14479353E-23
 0.71058691E+03  0.14484771E-23
 0.71277258E+03  0.14490261E-23
 0.71496497E+03  0.14495824E-23
 0.71716410E+03  0.14501461E-23
 0.71936999E+03  0.14507170E-23
 0.72158267E+03  0.14512953E-23
 0.72380216E+03  0.14518810E-23
 0.72602847E+03  0.14524740E-23
 0.72826163E+03  0.14530745E-23
 0.73050166E+03  0.14536825E-23
 0.73274858E+03  0.14542979E-23
 0.73500241E+03  0.14549209E-23
 0.73726317E+03  0.14555514E-23
 0.73953089E+03  0.14561895E-23
 0.74180558E+03  0.14568352E-23
 0.74408727E+03  0.14574884E-23
 0.74637598E+03  0.14581494E-23
 0.74867172E+03  0.14588180E-23
 0.75097453E+03  0.14594943E-23
 0.75328442E+03  0.14601784E-23
 0.75560142E+03  0.14608702E-23
 0.75792554E+03  0.14615698E-23
 0.76025681E+03  0.14622772E-23
 0.76259525E+03  0.14629925E-23
 0.76494089E+03  0.14637156E-23
 0.76729374E+03  0.14644466E-23
 0.76965382E+03  0.14651856E-23
 0.77202117E+03  0.14659325E-23
 0.77439580E+03  0.14666874E-23
 0.77677773E+03  0.14674504E-23
 0.77916699E+03  0.14682213E-23
 0.78156359E+03  0.14690004E-23
 0.78396757E+03  0.14697875E-23
 0.78637895E+03  0.14705828E-23
 0.78879774E+03  0.14713862E-23
 0.79122397E+03  0.14721979E-23
 0.79365766E+03  0.14730177E-23
 0.79609884E+03  0.14738458E-23
 0.79854752E+03  0.14746822E-23
 0.80100374E+03  0.14755269E-23
 0.80346752E+03  0.14763799E-23
 0.80593887E+03  0.14772413E-23
 0.80841782E+03  0.14781111E-23
 0.81090440E+03  0.14789893E-23
 0.81339863E+03  0.14798760E-23
 0.81590052E+03  0.14807712E-23
 0.81841012E+03  0.14816749E-23
 0.82092743E+03  0.14825871E-23
 0.82345249E+03  0.14835080E-23
 0.82598531E+03  0.14844374E-23
 0.82852592E+03  0.14853755E-23
 0.83107435E+03  0.14863222E-23
 0.83363062E+03  0.14872777E-23
 0.83619475E+03  0.14882419E-23
 0.83876676E+03  0.14892148E-23
 0.84134669E+03  0.14901966E-23
 0.84393456E+03  0.14911871E-23
 0.84653038E+03  0.14921866E-23
 0.84913419E+03  0.14931949E-23
 0.85174600E+03  0.14942122E-23
 0.85436585E+03  0.14952384E-23
 0.85699376E+03  0.14962736E-23
 0.85962975E+03  0.14973178E-23
 0.86227385E+03  0.14983711E-23
 0.86492608E+03  0.14994334E-23
 0.86758647E+03  0.15005049E-23
 0.87025504E+03  0.15015855E-23
 0.87293182E+03  0.15026753E-23
 0.87561684E+03  0.15037743E-23
 0.87831011E+03  0.15048826E-23
 0.88101167E+03  0.15060001E-23
 0.88372154E+03  0.15071270E-23
 0.88643974E+03  0.15082632E-23
 0.88916630E+03  0.15094087E-23
 0.89190125E+03  0.15105637E-23
 0.89464461E+03  0.15117282E-23
 0.89739641E+03  0.15129021E-23
 0.90015667E+03  0.15140855E-23
 0.90292543E+03  0.15152785E-23
 0.90570270E+03  0.15164811E-23
 0.90848851E+03  0.15176933E-23
 0.91128289E+03  0.15189152E-23
 0.91408587E+03  0.15201467E-23
 0.91689747E+03  0.15213880E-23
 0.91971771E+03  0.15226391E-23
 0.92254664E+03  0.15239000E-23
 0.92538426E+03  0.15251707E-23
 0.92823061E+03  0.15264513E-23
 0.93108571E+03  0.15277419E-23
 0.93394960E+03  0.15290425E-23
 0.93682230E+03  0.15303531E-23
 0.93970383E+03  0.15316738E-23
 0.94259423E+03  0.15330047E-23
 0.94549351E+03  0.15343458E-23
 0.94840172E+03  0.15356972E-23
 0.95131886E+03  0.15370591E-23
 0.95424499E+03  0.15384315E-23
 0.95718011E+03  0.15398147E-23
 0.96012426E+03  0.15412089E-23
 0.96307746E+03  0.15426144E-23
 0.96603975E+03  0.15440319E-23
 0.96901115E+03  0.15454621E-23
 0.97199169E+03  0.15469066E-23
 0.97498140E+03  0.15483683E-23
 0.97798031E+03  0.15498531E-23
 0.98098844E+03  0.15513752E-23
 0.98400582E+03  0.15529758E-23
 0.98703248E+03  0.15548224E-23
 0.99006845E+03  0.15582925E-23
 0.99311376E+03  0.59312614E-23
 0.99616844E+03  0.15610910E-23
 0.99923251E+03  0.15608119E-23
 0.10023060E+04  0.15620115E-23
 0.10053890E+04  0.15634414E-23
 0.10084814E+04  0.15649458E-23
 0.10115833E+04  0.15664860E-23
 0.10146948E+04  0.15680488E-23
 0.10178159E+04  0.15696288E-23
 0.10209465E+04  0.15712234E-23
 0.10240868E+04  0.15728311E-23
 0.10272368E+04  0.15744514E-23
 0.10303964E+04  0.15760836E-23
 0.10335658E+04  0.15777276E-23
 0.10367449E+04  0.15793832E-23
 0.10399337E+04  0.15810504E-23
 0.10431324E+04  0.15827290E-23
 0.10463410E+04  0.15844190E-23
 0.10495594E+04  0.15861204E-23
 0.10527876E+04  0.15878333E-23
 0.10560259E+04  0.15895576E-23
 0.10592741E+04  0.15912934E-23
 0.10625322E+04  0.15930406E-23
 0.10658004E+04  0.15947994E-23
 0.10690787E+04  0.15965697E-23
 0.10723670E+04  0.15983515E-23
 0.10756655E+04  0.16001449E-23
 0.10789741E+04  0.16019499E-23
 0.10822928E+04  0.16037666E-23
 0.10856218E+04  0.16055950E-23
 0.10889610E+04  0.16074351E-23
 0.10923105E+04  0.16092870E-23
 0.10956703E+04  0.16111506E-23
 0.10990404E+04  0.16130261E-23
 0.11024209E+04  0.16149135E-23
 0.11058118E+04  0.16168127E-23
 0.11092131E+04  0.16187239E-23
 0.11126249E+04  0.16206471E-23
 0.11160472E+04  0.16225823E-23
 0.11194800E+04  0.16245296E-23
 0.11229234E+04  0.16264889E-23
 0.11263773E+04  0.16284604E-23
 0.11298419E+04  0.16304440E-23
 0.11333171E+04  0.16324399E-23
 0.11368030E+04  0.16344480E-23
 0.11402997E+04  0.16364683E-23
 0.11438071E+04  0.16385010E-23
 0.11473253E+04  0.16405461E-23
 0.11508543E+04  0.16426035E-23
 0.11543942E+04  0.16446734E-23
 0.11579449E+04  0.16467558E-23
 0.11615066E+04  0.16488507E-23
 0.11650792E+04  0.16509581E-23
 0.11686628E+04  0.16530782E-23
 0.11722575E+04  0.16552108E-23
 0.11758632E+04  0.16573562E-23
 0.11794800E+04  0.16595142E-23
 0.11831079E+04  0.16616851E-23
 0.11867469E+04  0.16638687E-23
 0.11903972E+04  0.16660651E-23
 0.11940587E+04  0.16682744E-23
 0.11977314E+04  0.16704966E-23
 0.12014155E+04  0.16727318E-23
 0.12051109E+04  0.16749799E-23
 0.12088176E+04  0.16772411E-23
 0.12125358E+04  0.16795154E-23
 0.12162654E+04  0.16818028E-23
 0.12200064E+04  0.16841033E-23
 0.12237590E+04  0.16864170E-23
 0.12275231E+04  0.16887440E-23
 0.12312988E+04  0.16910842E-23
 0.12350861E+04  0.16934377E-23
 0.12388850E+04  0.16958046E-23
 0.12426957E+04  0.16981849E-23
 0.12465180E+04  0.17005786E-23
 0.12503521E+04  0.17029858E-23
 0.12541981E+04  0.17054065E-23
 0.12580558E+04  0.17078408E-23
 0.12619254E+04  0.17102887E-23
 0.12658069E+04  0.17127502E-23
 0.12697003E+04  0.17152254E-23
 0.12736058E+04  0.17177143E-23
 0.12775232E+04  0.17202170E-23
 0.12814527E+04  0.17227335E-23
 0.12853942E+04  0.17252639E-23
 0.12893479E+04  0.17278081E-23
 0.12933138E+04  0.17303663E-23
 0.12972918E+04  0.17329384E-23
 0.13012821E+04  0.17355245E-23
 0.13052847E+04  0.17381247E-23
 0.13092995E+04  0.17407390E-23
 0.13133268E+04  0.17433675E-23
 0.13173664E+04  0.17460101E-23
 0.13214184E+04  0.17486670E-23
 0.13254829E+04  0.17513381E-23
 0.13295599E+04  0.17540235E-23
 0.13336494E+04  0.17567233E-23
 0.13377515E+04  0.17594375E-23
 0.13418663E+04  0.17621661E-23
 0.13459937E+04  0.17649091E-23
 0.13501337E+04  0.17676668E-23
 0.13542866E+04  0.17704389E-23
 0.13584522E+04  0.17732257E-23
 0.13626306E+04  0.17760271E-23
 0.13668218E+04  0.17788433E-23
 0.13710260E+04  0.17816741E-23
 0.13752431E+04  0.17845198E-23
 0.13794731E+04  0.17873802E-23
 0.13837162E+04  0.17902556E-23
 0.13879723E+04  0.17931458E-23
 0.13922415E+04  0.17960510E-23
 0.13965238E+04  0.17989712E-23
 0.14008193E+04  0.18019064E-23
 0.14051281E+04  0.18048568E-23
 0.14094500E+04  0.18078223E-23
 0.14137853E+04  0.18108029E-23
 0.14181339E+04  0.18137988E-23
 0.14224959E+04  0.18168100E-23
 0.14268713E+04  0.18198365E-23
 0.14312601E+04  0.18228784E-23
 0.14356625E+04  0.18259357E-23
 0.14400784E+04  0.18290086E-23
 0.14445079E+04  0.18320970E-23
 0.14489510E+04  0.18352012E-23
 0.14534077E+04  0.18383212E-23
 0.14578782E+04  0.18414572E-23
 0.14623624E+04  0.18446096E-23
 0.14668604E+04  0.18477791E-23
 0.14713723E+04  0.18509672E-23
 0.14758980E+04  0.18541784E-23
 0.14804377E+04  0.18574305E-23
 0.14849913E+04  0.18608664E-23
 0.14895589E+04  0.59588614E-23
 0.14941406E+04  0.18673711E-23
 0.14987364E+04  0.18704400E-23
 0.15033463E+04  0.18736951E-23
 0.15079703E+04  0.18769911E-23
 0.15126086E+04  0.18803105E-23
 0.15172612E+04  0.18836488E-23
 0.15219281E+04  0.18870047E-23
 0.15266093E+04  0.18903776E-23
 0.15313050E+04  0.18937672E-23
 0.15360150E+04  0.18971734E-23
 0.15407396E+04  0.19005962E-23
 0.15454787E+04  0.19040355E-23
 0.15502324E+04  0.19074915E-23
 0.15550007E+04  0.19109641E-23
 0.15597836E+04  0.19144533E-23
 0.15645813E+04  0.19179592E-23
 0.15693937E+04  0.19214818E-23
 0.15742210E+04  0.19250212E-23
 0.15790630E+04  0.19285773E-23
 0.15839200E+04  0.19321504E-23
 0.15887919E+04  0.19357403E-23
 0.15936788E+04  0.19393471E-23
 0.15985807E+04  0.19429710E-23
 0.16034978E+04  0.19466118E-23
 0.16084299E+04  0.19502698E-23
 0.16133772E+04  0.19539448E-23
 0.16183397E+04  0.19576371E-23
 0.16233175E+04  0.19613465E-23
 0.16283106E+04  0.19650732E-23
 0.16333190E+04  0.19688172E-23
 0.16383429E+04  0.19725786E-23
 0.16433822E+04  0.19763573E-23
 0.16484370E+04  0.19801535E-23
 0.16535074E+04  0.19839673E-23
 0.16585933E+04  0.19877985E-23
 0.16636949E+04  0.19916474E-23
 0.16688122E+04  0.19955139E-23
 0.16739452E+04  0.19993980E-23
 0.16790941E+04  0.20033000E-23
 0.16842587E+04  0.20072197E-23
 0.16894393E+04  0.20111572E-23
 0.16946357E+04  0.20151126E-23
 0.16998482E+04  0.20190860E-23
 0.17050767E+04  0.20230773E-23
 0.17103213E+04  0.20270867E-23
 0.17155820E+04  0.20311141E-23
 0.17208588E+04  0.20351597E-23
 0.17261520E+04  0.20392234E-23
 0.17314614E+04  0.20433054E-23
 0.17367871E+04  0.20474057E-23
 0.17421292E+04  0.20515242E-23
 0.17474877E+04  0.20556612E-23
 0.17528628E+04  0.20598165E-23
 0.17582543E+04  0.20639904E-23
 0.17636625E+04  0.20681827E-23
 0.17690872E+04  0.20723937E-23
 0.17745287E+04  0.20766232E-23
 0.17799869E+04  0.20808715E-23
 0.17854619E+04  0.20851384E-23
 0.17909537E+04  0.20894242E-23
 0.17964624E+04  0.20937287E-23
 0.18019881E+04  0.20980521E-23
 0.18075308E+04  0.21023945E-23
 0.18130905E+04  0.21067558E-23
 0.18186673E+04  0.21111362E-23
 0.18242612E+04  0.21155356E-23
 0.18298724E+04  0.21199542E-23
 0.18355008E+04  0.21243920E-23
 0.18411466E+04  0.21288489E-23
 0.18468097E+04  0.21333252E-23
 0.18524902E+04  0.21378208E-23
 0.18581882E+04  0.21423358E-23
 0.18639037E+04  0.21468703E-23
 0.18696368E+04  0.21514242E-23
 0.18753876E+04  0.21559977E-23
 0.18811560E+04  0.21605907E-23
 0.18869422E+04  0.21652035E-23
 0.18927461E+04  0.21698359E-23
 0.18985679E+04  0.21744881E-23
 0.19044077E+04  0.21791601E-23
 0.19102653E+04  0.21838520E-23
 0.19161411E+04  0.21885638E-23
 0.19220348E+04  0.21932955E-23
 0.19279467E+04  0.21980474E-23
 0.19338768E+04  0.22028193E-23
 0.19398252E+04  0.22076114E-23
 0.19457918E+04  0.22124238E-23
 0.19517768E+04  0.22172566E-23
 0.19577802E+04  0.22221101E-23
 0.19638020E+04  0.22269846E-23
 0.19698424E+04  0.22318816E-23
 0.19759013E+04  0.22368073E-23
 0.19819789E+04  0.22418425E-23
 0.19880752E+04  0.22471856E-23
 0.19941903E+04  0.22516824E-23
 0.20003241E+04  0.22566579E-23
 0.20064768E+04  0.22616697E-23
 0.20126484E+04  0.22667054E-23
 0.20188391E+04  0.22717629E-23
 0.20250487E+04  0.22768417E-23
 0.20312775E+04  0.22819416E-23
 0.20375254E+04  0.22870627E-23
 0.20437926E+04  0.22922049E-23
 0.20500790E+04  0.22973682E-23
 0.20563847E+04  0.23025527E-23
 0.20627099E+04  0.23077585E-23
 0.20690545E+04  0.23129855E-23
 0.20754186E+04  0.23182339E-23
 0.20818023E+04  0.23235037E-23
 0.20882056E+04  0.23287950E-23
 0.20946286E+04  0.23341077E-23
 0.21010714E+04  0.23394421E-23
 0.21075340E+04  0.23447980E-23
 0.21140165E+04  0.23501756E-23
 0.21205189E+04  0.23555750E-23
 0.21270413E+04  0.23609961E-23
 0.21335838E+04  0.23664391E-23
 0.21401464E+04  0.23719040E-23
 0.21467292E+04  0.23773909E-23
 0.21533322E+04  0.23828997E-23
 0.21599556E+04  0.23884307E-23
 0.21665993E+04  0.23939838E-23
 0.21732634E+04  0.23995591E-23
 0.21799481E+04  0.24051567E-23
 0.21866533E+04  0.24107765E-23
 0.21933791E+04  0.24164188E-23
 0.22001256E+04  0.24220835E-23
 0.22068929E+04  0.24277707E-23
 0.22136810E+04  0.24334804E-23
 0.22204900E+04  0.24392127E-23
 0.22273199E+04  0.24449677E-23
 0.22341708E+04  0.24507455E-23
 0.22410428E+04  0.24565460E-23
 0.22479359E+04  0.24623694E-23
 0.22548503E+04  0.24682157E-23
 0.22617859E+04  0.24740850E-23
 0.22687428E+04  0.24799773E-23
 0.22757211E+04  0.24858927E-23
 0.22827209E+04  0.24918313E-23
 0.22897422E+04  0.24977931E-23
 0.22967852E+04  0.25037781E-23
 0.23038497E+04  0.25097865E-23
 0.23109361E+04  0.25158183E-23
 0.23180442E+04  0.25218736E-23
 0.23251741E+04  0.25279524E-23
 0.23323261E+04  0.25340548E-23
 0.23395000E+04  0.25401809E-23
 0.23466959E+04  0.25463307E-23
 0.23539140E+04  0.25525042E-23
 0.23611543E+04  0.25587016E-23
 0.23684169E+04  0.25649229E-23
 0.23757018E+04  0.25711682E-23
 0.23830091E+04  0.25774375E-23
 0.23903389E+04  0.25837309E-23
 0.23976913E+04  0.25900484E-23
 0.24050662E+04  0.25963902E-23
 0.24124639E+04  0.26027563E-23
 0.24198843E+04  0.26091468E-23
 0.24273275E+04  0.26155617E-23
 0.24347936E+04  0.26220011E-23
 0.24422827E+04  0.26284651E-23
 0.24497948E+04  0.26349539E-23
 0.24573300E+04  0.26414676E-23
 0.24648884E+04  0.26480069E-23
 0.24724701E+04  0.26545754E-23
 0.24800750E+04  0.26612950E-23
 0.24877034E+04  0.26677996E-23
 0.24953552E+04  0.26744097E-23
 0.25030306E+04  0.26810691E-23
 0.25107295E+04  0.26877559E-23
 0.25184522E+04  0.26944684E-23
 0.25261986E+04  0.27012065E-23
 0.25339688E+04  0.27079699E-23
 0.25417630E+04  0.27147589E-23
 0.25495811E+04  0.27215733E-23
 0.25574232E+04  0.27284133E-23
 0.25652895E+04  0.27352789E-23
 0.25731799E+04  0.27421702E-23
 0.25810947E+04  0.27490873E-23
 0.25890338E+04  0.27560302E-23
 0.25969973E+04  0.27629990E-23
 0.26049852E+04  0.27699938E-23
 0.26129978E+04  0.27770146E-23
 0.26210350E+04  0.27840615E-23
 0.26290970E+04  0.27911345E-23
 0.26371837E+04  0.27982338E-23
 0.26452953E+04  0.28053595E-23
 0.26534318E+04  0.28125114E-23
 0.26615934E+04  0.28196899E-23
 0.26697801E+04  0.28268949E-23
 0.26779920E+04  0.28341264E-23
 0.26862291E+04  0.28413847E-23
 0.26944915E+04  0.28486696E-23
 0.27027794E+04  0.28559814E-23
 0.27110928E+04  0.28633201E-23
 0.27194317E+04  0.28706857E-23
 0.27277963E+04  0.28780784E-23
 0.27361866E+04  0.28854981E-23
 0.27446027E+04  0.28929450E-23
 0.27530448E+04  0.29004192E-23
 0.27615127E+04  0.29079206E-23
 0.27700067E+04  0.29154495E-23
 0.27785269E+04  0.29230058E-23
 0.27870732E+04  0.29305897E-23
 0.27956459E+04  0.29382012E-23
 0.28042449E+04  0.29458404E-23
 0.28128704E+04  0.29535073E-23
 0.28215223E+04  0.29612021E-23
 0.28302010E+04  0.29689248E-23
 0.28389062E+04  0.29766755E-23
 0.28476383E+04  0.29844542E-23
 0.28563972E+04  0.29922611E-23
 0.28651831E+04  0.30000962E-23
 0.28739960E+04  0.30079596E-23
 0.28828360E+04  0.30158514E-23
 0.28917032E+04  0.30237716E-23
 0.29005977E+04  0.30317203E-23
 0.29095195E+04  0.30396977E-23
 0.29184688E+04  0.30477037E-23
 0.29274456E+04  0.30557385E-23
 0.29364500E+04  0.30638022E-23
 0.29454821E+04  0.30718949E-23
 0.29545420E+04  0.30800167E-23
 0.29636297E+04  0.30881684E-23
 0.29727454E+04  0.30963573E-23
 0.29818892E+04  0.31046071E-23
 0.29910610E+04  0.31127964E-23
 0.30002611E+04  0.31210621E-23
 0.30094895E+04  0.31293587E-23
 0.30187463E+04  0.31376852E-23
 0.30280315E+04  0.31460414E-23
 0.30373453E+04  0.31544274E-23
 0.30466877E+04  0.31628431E-23
 0.30560589E+04  0.31712888E-23
 0.30654589E+04  0.31797644E-23
 0.30748878E+04  0.31882700E-23
 0.30843457E+04  0.31968058E-23
 0.30938327E+04  0.32053718E-23
 0.31033489E+04  0.32139680E-23
 0.31128944E+04  0.32225946E-23
 0.31224692E+04  0.32312517E-23
 0.31320735E+04  0.32399393E-23
 0.31417073E+04  0.32486575E-23
 0.31513708E+04  0.32574064E-23
 0.31610639E+04  0.32661861E-23
 0.31707869E+04  0.32749967E-23
 0.31805398E+04  0.32838382E-23
 0.31903227E+04  0.32927108E-23
 0.32001357E+04  0.33016145E-23
 0.32099788E+04  0.33105494E-23
 0.32198523E+04  0.33195155E-23
 0.32297561E+04  0.33285131E-23
 0.32396903E+04  0.33375421E-23
 0.32496552E+04  0.33466027E-23
 0.32596506E+04  0.33556950E-23
 0.32696769E+04  0.33648189E-23
 0.32797339E+04  0.33739747E-23
 0.32898219E+04  0.33831624E-23
 0.32999410E+04  0.33923820E-23
 0.33100911E+04  0.34016338E-23
 0.33202725E+04  0.34109177E-23
 0.33304852E+04  0.34202338E-23
 0.33407293E+04  0.34295824E-23
 0.33510049E+04  0.34389633E-23
 0.33613121E+04  0.34483768E-23
 0.33716510E+04  0.34578229E-23
 0.33820217E+04  0.34673017E-23
 0.33924243E+04  0.34768133E-23
 0.34028590E+04  0.34863578E-23
 0.34133257E+04  0.34959353E-23
 0.34238246E+04  0.35055458E-23
 0.34343558E+04  0.35151896E-23
 0.34449194E+04  0.35248666E-23
 0.34555154E+04  0.35345773E-23
 0.34661441E+04  0.35443232E-23
 0.34768055E+04  0.35542224E-23
 0.34874996E+04  0.35639101E-23
 0.34982267E+04  0.35737536E-23
 0.35089867E+04  0.35836318E-23
 0.35197799E+04  0.35935440E-23
 0.35306062E+04  0.36034903E-23
 0.35414659E+04  0.36134707E-23
 0.35523589E+04  0.36234853E-23
 0.35632855E+04  0.36335342E-23
 0.35742456E+04  0.36436175E-23
 0.35852395E+04  0.36537353E-23
 0.35962672E+04  0.36638876E-23
 0.36073288E+04  0.36740746E-23
 0.36184244E+04  0.36842964E-23
 0.36295542E+04  0.36945530E-23
 0.36407182E+04  0.37048446E-23
 0.36519165E+04  0.37151713E-23
 0.36631493E+04  0.37255331E-23
 0.36744166E+04  0.37359302E-23
 0.36857186E+04  0.37463627E-23
 0.36970553E+04  0.37568305E-23
 0.37084270E+04  0.37673340E-23
 0.37198336E+04  0.37778731E-23
 0.37312752E+04  0.37884480E-23
 0.37427521E+04  0.37990587E-23
 0.37542643E+04  0.38097054E-23
 0.37658119E+04  0.38203881E-23
 0.37773950E+04  0.38311070E-23
 0.37890137E+04  0.38418622E-23
 0.38006682E+04  0.38526537E-23
 0.38123585E+04  0.38634817E-23
 0.38240848E+04  0.38743462E-23
 0.38358471E+04  0.38852474E-23
 0.38476456E+04  0.38961854E-23
 0.38594804E+04  0.39071603E-23
 0.38713516E+04  0.39181722E-23
 0.38832594E+04  0.39292211E-23
 0.38952037E+04  0.39403073E-23
 0.39071848E+04  0.39514307E-23
 0.39192028E+04  0.39625916E-23
 0.39312577E+04  0.39737900E-23
 0.39433497E+04  0.39850260E-23
 0.39554788E+04  0.39963001E-23
 0.39676453E+04  0.40076190E-23
 0.39798493E+04  0.40189626E-23
 0.39920907E+04  0.40303483E-23
 0.40043698E+04  0.40417737E-23
 0.40166867E+04  0.40532376E-23
 0.40290414E+04  0.40647398E-23
 0.40414342E+04  0.40762805E-23
 0.40538651E+04  0.40878598E-23
 0.40663342E+04  0.40994779E-23
 0.40788417E+04  0.41111347E-23
 0.40913876E+04  0.41228304E-23
 0.41039721E+04  0.41345652E-23
 0.41165954E+04  0.41463391E-23
 0.41292574E+04  0.41581522E-23
 0.41419584E+04  0.41700047E-23
 0.41546985E+04  0.41818967E-23
 0.41674778E+04  0.41938283E-23
 0.41802963E+04  0.42057996E-23
 0.41931543E+04  0.42178106E-23
 0.42060519E+04  0.42298616E-23
 0.42189891E+04  0.42419527E-23
 0.42319661E+04  0.42540839E-23
 0.42449830E+04  0.42662553E-23
 0.42580400E+04  0.42784672E-23
 0.42711371E+04  0.42907195E-23
 0.42842745E+04  0.43030125E-23
 0.42974524E+04  0.43153462E-23
 0.43106707E+04  0.43277207E-23
 0.43239297E+04  0.43401362E-23
 0.43372295E+04  0.43525928E-23
 0.43505702E+04  0.43650905E-23
 0.43639519E+04  0.43776296E-23
 0.43773748E+04  0.43902102E-23
 0.43908390E+04  0.44028323E-23
 0.44043446E+04  0.44154960E-23
 0.44178918E+04  0.44282016E-23
 0.44314806E+04  0.44409491E-23
 0.44451112E+04  0.44537387E-23
 0.44587837E+04  0.44665711E-23
 0.44724983E+04  0.44794486E-23
 0.44862551E+04  0.44923607E-23
 0.45000541E+04  0.45053193E-23
 0.45138957E+04  0.45183208E-23
 0.45277798E+04  0.45313650E-23
 0.45417066E+04  0.45444521E-23
 0.45556762E+04  0.45575823E-23
 0.45696888E+04  0.45707555E-23
 0.45837446E+04  0.45839721E-23
 0.45978435E+04  0.45972320E-23
 0.46119858E+04  0.46105354E-23
 0.46261716E+04  0.46238825E-23
 0.46404011E+04  0.46372733E-23
 0.46546743E+04  0.46507080E-23
 0.46689914E+04  0.46641868E-23
 0.46833526E+04  0.46777096E-23
 0.46977579E+04  0.46912768E-23
 0.47122075E+04  0.47048883E-23
 0.47267016E+04  0.47185444E-23
 0.47412403E+04  0.47322451E-23
 0.47558236E+04  0.47459906E-23
 0.47704519E+04  0.47597810E-23
 0.47851251E+04  0.47736165E-23
 0.47998435E+04  0.47874971E-23
 0.48146071E+04  0.48014230E-23
 0.48294162E+04  0.48153944E-23
 0.48442708E+04  0.48294113E-23
 0.48591711E+04  0.48434740E-23
 0.48741172E+04  0.48575824E-23
 0.48891093E+04  0.48717369E-23
 0.49041475E+04  0.48859374E-23
 0.49192319E+04  0.49001842E-23
 0.49343628E+04  0.49144774E-23
 0.49495402E+04  0.49288172E-23
 0.49647643E+04  0.49437382E-23
 0.49800352E+04  0.49576365E-23
 0.49953531E+04  0.49721163E-23
 0.50107181E+04  0.49866432E-23
 0.50261303E+04  0.50012174E-23
 0.50415900E+04  0.50158389E-23
 0.50570972E+04  0.50305079E-23
 0.50726521E+04  0.50452244E-23
 0.50882549E+04  0.50599887E-23
 0.51039056E+04  0.50748009E-23
 0.51196045E+04  0.50896611E-23
 0.51353517E+04  0.51045694E-23
 0.51511473E+04  0.51195260E-23
 0.51669915E+04  0.51345311E-23
 0.51828844E+04  0.51495848E-23
 0.51988262E+04  0.51646871E-23
 0.52148171E+04  0.51798383E-23
 0.52308571E+04  0.51950386E-23
 0.52469465E+04  0.52102880E-23
 0.52630854E+04  0.52255866E-23
 0.52792739E+04  0.52409347E-23
 0.52955122E+04  0.52563324E-23
 0.53118004E+04  0.52717798E-23
 0.53281387E+04  0.52872771E-23
 0.53445273E+04  0.53028244E-23
 0.53609663E+04  0.53184219E-23
 0.53774559E+04  0.53340696E-23
 0.53939962E+04  0.53497679E-23
 0.54105874E+04  0.53655167E-23
 0.54272296E+04  0.53813163E-23
 0.54439230E+04  0.53971669E-23
 0.54606677E+04  0.60884201E-23
 0.54774639E+04  0.54290212E-23
 0.54943118E+04  0.54450252E-23
 0.55112116E+04  0.54610808E-23
 0.55281633E+04  0.54771880E-23
 0.55451671E+04  0.54933471E-23
 0.55622233E+04  0.55095581E-23
 0.55793319E+04  0.55258212E-23
 0.55964931E+04  0.55421366E-23
 0.56137071E+04  0.55585045E-23
 0.56309741E+04  0.55749249E-23
 0.56482942E+04  0.55913980E-23
 0.56656675E+04  0.56079240E-23
 0.56830943E+04  0.56245030E-23
 0.57005747E+04  0.56411353E-23
 0.57181088E+04  0.56578208E-23
 0.57356969E+04  0.56745599E-23
 0.57533391E+04  0.56913527E-23
 0.57710356E+04  0.57081993E-23
 0.57887865E+04  0.57250999E-23
 0.58065919E+04  0.57420546E-23
 0.58244522E+04  0.57590636E-23
 0.58423674E+04  0.57761271E-23
 0.58603377E+04  0.57932452E-23
 0.58783632E+04  0.58104180E-23
 0.58964443E+04  0.58276459E-23
 0.59145809E+04  0.58449288E-23
 0.59327733E+04  0.58622671E-23
 0.59510217E+04  0.58796615E-23
 0.59693262E+04  0.58971101E-23
 0.59876870E+04  0.59146150E-23
 0.60061042E+04  0.59321759E-23
 0.60245781E+04  0.59497929E-23
 0.60431089E+04  0.59674662E-23
 0.60616966E+04  0.59851959E-23
 0.60803416E+04  0.60029822E-23
 0.60990438E+04  0.60208253E-23
 0.61178036E+04  0.60387253E-23
 0.61366211E+04  0.60566824E-23
 0.61554965E+04  0.60746967E-23
 0.61744299E+04  0.60927685E-23
 0.61934216E+04  0.61108979E-23
 0.62124717E+04  0.61290851E-23
 0.62315804E+04  0.61473303E-23
 0.62507478E+04  0.61656335E-23
 0.62699742E+04  0.61839951E-23
 0.62892598E+04  0.62024151E-23
 0.63086046E+04  0.62208937E-23
 0.63280090E+04  0.62394312E-23
 0.63474731E+04  0.62580276E-23
 0.63669970E+04  0.62766832E-23
 0.63865810E+04  0.62953982E-23
 0.64062252E+04  0.63141727E-23
 0.64259298E+04  0.63330069E-23
 0.64456951E+04  0.63519012E-23
 0.64655211E+04  0.63708551E-23
 0.64854081E+04  0.63898693E-23
 0.65053563E+04  0.64089440E-23
 0.65253659E+04  0.64280793E-23
 0.65454370E+04  0.64472753E-23
 0.65655698E+04  0.64665323E-23
 0.65857646E+04  0.64858505E-23
 0.66060215E+04  0.65052299E-23
 0.66263406E+04  0.65246708E-23
 0.66467223E+04  0.65441735E-23
 0.66671667E+04  0.65637379E-23
 0.66876740E+04  0.65833644E-23
 0.67082443E+04  0.66030532E-23
 0.67288779E+04  0.66228043E-23
 0.67495750E+04  0.66426181E-23
 0.67703357E+04  0.66624947E-23
 0.67911603E+04  0.66824342E-23
 0.68120489E+04  0.67024368E-23
 0.68330018E+04  0.67225029E-23
 0.68540192E+04  0.67426324E-23
 0.68751012E+04  0.67628257E-23
 0.68962480E+04  0.67830830E-23
 0.69174599E+04  0.68034043E-23
 0.69387370E+04  0.68237900E-23
 0.69600796E+04  0.68442401E-23
 0.69814878E+04  0.68647548E-23
 0.70029619E+04  0.68853345E-23
 0.70245020E+04  0.69059793E-23
 0.70461083E+04  0.69266893E-23
 0.70677812E+04  0.69474648E-23
 0.70895207E+04  0.69683059E-23
 0.71113270E+04  0.69892129E-23
 0.71332004E+04  0.70101860E-23
 0.71551412E+04  0.70312253E-23
 0.71771494E+04  0.70523310E-23
 0.71992252E+04  0.70735034E-23
 0.72213690E+04  0.70947427E-23
 0.72435809E+04  0.71160490E-23
 0.72658612E+04  0.71374225E-23
 0.72882099E+04  0.71588635E-23
 0.73106274E+04  0.71803721E-23
 0.73331139E+04  0.72019486E-23
 0.73556695E+04  0.72235931E-23
 0.73782945E+04  0.72453059E-23
 0.74009891E+04  0.72670872E-23
 0.74237535E+04  0.72889372E-23
 0.74465879E+04  0.73108603E-23
 0.74694925E+04  0.73328439E-23
 0.74924676E+04  0.73549010E-23
 0.75155134E+04  0.73770277E-23
 0.75386300E+04  0.73992241E-23
 0.75618178E+04  0.74214904E-23
 0.75850769E+04  0.74438268E-23
 0.76084075E+04  0.74662335E-23
 0.76318099E+04  0.74887108E-23
 0.76552842E+04  0.75112589E-23
 0.76788308E+04  0.75338779E-23
 0.77024498E+04  0.75565682E-23
 0.77261414E+04  0.75793298E-23
 0.77499060E+04  0.76021630E-23
 0.77737436E+04  0.76250680E-23
 0.77976545E+04  0.76480451E-23
 0.78216390E+04  0.76710945E-23
 0.78456972E+04  0.76942163E-23
 0.78698295E+04  0.77174108E-23
 0.78940359E+04  0.77406782E-23
 0.79183169E+04  0.77640188E-23
 0.79426725E+04  0.77874354E-23
 0.79671030E+04  0.78109202E-23
 0.79916087E+04  0.78344815E-23
 0.80161898E+04  0.78581168E-23
 0.80408464E+04  0.78818263E-23
 0.80655789E+04  0.79056103E-23
 0.80903875E+04  0.79294690E-23
 0.81152724E+04  0.79534026E-23
 0.81402338E+04  0.79774113E-23
 0.81652720E+04  0.80014954E-23
 0.81903872E+04  0.80256551E-23
 0.82155797E+04  0.80498906E-23
 0.82408496E+04  0.80742021E-23
 0.82661973E+04  0.80985899E-23
 0.82916230E+04  0.81230542E-23
 0.83171268E+04  0.81475953E-23
 0.83427091E+04  0.81722133E-23
 0.83683701E+04  0.81969085E-23
 0.83941100E+04  0.82216812E-23
 0.84199291E+04  0.82465315E-23
 0.84458276E+04  0.82714598E-23
 0.84718058E+04  0.82964660E-23
 0.84978639E+04  0.83215507E-23
 0.85240021E+04  0.83467141E-23
 0.85502207E+04  0.83719562E-23
 0.85765200E+04  0.83972774E-23
 0.86029001E+04  0.84226780E-23
 0.86293614E+04  0.84481581E-23
 0.86559041E+04  0.84737180E-23
 0.86825285E+04  0.84993580E-23
 0.87092347E+04  0.85250782E-23
 0.87360231E+04  0.85508790E-23
 0.87628938E+04  0.85767605E-23
 0.87898472E+04  0.86027230E-23
 0.88168836E+04  0.86287668E-23
 0.88440030E+04  0.86548921E-23
 0.88712059E+04  0.86810991E-23
 0.88984925E+04  0.87073881E-23
 0.89258630E+04  0.87337595E-23
 0.89533177E+04  0.87602132E-23
 0.89808568E+04  0.87867496E-23
 0.90084807E+04  0.88133691E-23
 0.90361895E+04  0.88400718E-23
 0.90639835E+04  0.88668581E-23
 0.90918630E+04  0.88937280E-23
 0.91198283E+04  0.89206820E-23
 0.91478796E+04  0.89477202E-23
 0.91760172E+04  0.89748429E-23
 0.92042413E+04  0.90020503E-23
 0.92325522E+04  0.90293428E-23
 0.92609503E+04  0.90567206E-23
 0.92894356E+04  0.90841839E-23
 0.93180086E+04  0.91117330E-23
 0.93466695E+04  0.91393681E-23
 0.93754185E+04  0.91670896E-23
 0.94042560E+04  0.91948976E-23
 0.94331821E+04  0.92227926E-23
 0.94621973E+04  0.92507744E-23
 0.94913016E+04  0.92788437E-23
 0.95204955E+04  0.93070007E-23
 0.95497792E+04  0.93352455E-23
 0.95791530E+04  0.93635785E-23
 0.96086171E+04  0.93919999E-23
 0.96381718E+04  0.94205100E-23
 0.96678175E+04  0.94491091E-23
 0.96975543E+04  0.94777974E-23
 0.97273826E+04  0.95065752E-23
 0.97573027E+04  0.95354428E-23
 0.97873147E+04  0.95644004E-23
 0.98174191E+04  0.95934631E-23
 0.98476161E+04  0.96226215E-23
 0.98779060E+04  0.96518707E-23
 0.99082890E+04  0.96812110E-23
 0.99387655E+04  0.97106426E-23
 0.99693357E+04  0.97401659E-23
 0.10000000E+05  0.97697811E-23
