 0.10000000E+01  0.16768861E-12
 0.10030759E+01  0.10474547E-12
 0.10061612E+01  0.75701821E-13
 0.10092560E+01  0.58987221E-13
 0.10123603E+01  0.48129335E-13
 0.10154742E+01  0.40511428E-13
 0.10185976E+01  0.34873514E-13
 0.10217307E+01  0.30533928E-13
 0.10248734E+01  0.27091682E-13
 0.10280258E+01  0.24295483E-13
 0.10311878E+01  0.21979842E-13
 0.10343596E+01  0.20031335E-13
 0.10375412E+01  0.18369617E-13
 0.10407325E+01  0.16936187E-13
 0.10439336E+01  0.15687431E-13
 0.10471446E+01  0.14590178E-13
 0.10503655E+01  0.13618743E-13
 0.10535963E+01  0.12752933E-13
 0.10568370E+01  0.11976653E-13
 0.10600877E+01  0.11276916E-13
 0.10633483E+01  0.10643126E-13
 0.10666191E+01  0.10066554E-13
 0.10698998E+01  0.95399460E-14
 0.10731907E+01  0.90572190E-14
 0.10764917E+01  0.86132381E-14
 0.10798028E+01  0.82036372E-14
 0.10831241E+01  0.78246805E-14
 0.10864557E+01  0.74731530E-14
 0.10897974E+01  0.71462725E-14
 0.10931495E+01  0.68416195E-14
 0.10965119E+01  0.65570796E-14
 0.10998846E+01  0.62907974E-14
 0.11032677E+01  0.60411375E-14
 0.11066612E+01  0.58066533E-14
 0.11100651E+01  0.55860603E-14
 0.11134795E+01  0.53782142E-14
 0.11169044E+01  0.51820919E-14
 0.11203398E+01  0.49967766E-14
 0.11237859E+01  0.48214435E-14
 0.11272425E+01  0.46553494E-14
 0.11307097E+01  0.44978221E-14
 0.11341876E+01  0.43482526E-14
 0.11376762E+01  0.42060879E-14
 0.11411755E+01  0.40708244E-14
 0.11446856E+01  0.39420027E-14
 0.11482065E+01  0.38192028E-14
 0.11517382E+01  0.37020401E-14
 0.11552808E+01  0.35901616E-14
 0.11588343E+01  0.34832428E-14
 0.11623987E+01  0.33809850E-14
 0.11659741E+01  0.32831126E-14
 0.11695605E+01  0.31893708E-14
 0.11731579E+01  0.30995242E-14
 0.11767663E+01  0.30133545E-14
 0.11803859E+01  0.29306591E-14
 0.11840166E+01  0.28512499E-14
 0.11876585E+01  0.27749518E-14
 0.11913115E+01  0.27016018E-14
 0.11949758E+01  0.26310478E-14
 0.11986514E+01  0.25631477E-14
 0.12023383E+01  0.24977689E-14
 0.12060365E+01  0.24347872E-14
 0.12097461E+01  0.23740862E-14
 0.12134671E+01  0.23155568E-14
 0.12171996E+01  0.22590967E-14
 0.12209435E+01  0.22046096E-14
 0.12246989E+01  0.21520050E-14
 0.12284659E+01  0.21011979E-14
 0.12322445E+01  0.20521080E-14
 0.12360347E+01  0.20046597E-14
 0.12398366E+01  0.19587816E-14
 0.12436502E+01  0.19144064E-14
 0.12474755E+01  0.18714704E-14
 0.12513125E+01  0.18299133E-14
 0.12551614E+01  0.17896781E-14
 0.12590221E+01  0.17507110E-14
 0.12628946E+01  0.17129607E-14
 0.12667791E+01  0.16763786E-14
 0.12706756E+01  0.16409189E-14
 0.12745840E+01  0.16065377E-14
 0.12785044E+01  0.15731935E-14
 0.12824369E+01  0.15408469E-14
 0.12863815E+01  0.15094602E-14
 0.12903382E+01  0.14789977E-14
 0.12943071E+01  0.14494255E-14
 0.12982882E+01  0.14207110E-14
 0.13022816E+01  0.13928233E-14
 0.13062872E+01  0.13657330E-14
 0.13103052E+01  0.13394118E-14
 0.13143355E+01  0.13138331E-14
 0.13183782E+01  0.12889710E-14
 0.13224333E+01  0.12648012E-14
 0.13265010E+01  0.12413002E-14
 0.13305811E+01  0.12184455E-14
 0.13346738E+01  0.11962158E-14
 0.13387790E+01  0.11745905E-14
 0.13428969E+01  0.11535500E-14
 0.13470275E+01  0.11330755E-14
 0.13511708E+01  0.11131490E-14
 0.13553268E+01  0.10937533E-14
 0.13594956E+01  0.10748717E-14
 0.13636772E+01  0.10564885E-14
 0.13678716E+01  0.10385883E-14
 0.13720790E+01  0.10211566E-14
 0.13762993E+01  0.10041793E-14
 0.13805326E+01  0.98764310E-15
 0.13847790E+01  0.97153493E-15
 0.13890384E+01  0.95584244E-15
 0.13933108E+01  0.94055369E-15
 0.13975965E+01  0.92565723E-15
 0.14018953E+01  0.91114205E-15
 0.14062073E+01  0.89699757E-15
 0.14105326E+01  0.88321362E-15
 0.14148712E+01  0.86978044E-15
 0.14192231E+01  0.85668861E-15
 0.14235885E+01  0.84392910E-15
 0.14279672E+01  0.83149323E-15
 0.14323594E+01  0.81937263E-15
 0.14367652E+01  0.80755927E-15
 0.14411845E+01  0.79604544E-15
 0.14456173E+01  0.78482370E-15
 0.14500639E+01  0.77388691E-15
 0.14545241E+01  0.76322822E-15
 0.14589980E+01  0.75284102E-15
 0.14634856E+01  0.74271899E-15
 0.14679871E+01  0.73285604E-15
 0.14725024E+01  0.72324633E-15
 0.14770316E+01  0.71388425E-15
 0.14815748E+01  0.70476443E-15
 0.14861319E+01  0.69588169E-15
 0.14907030E+01  0.68723111E-15
 0.14952882E+01  0.67880796E-15
 0.14998875E+01  0.67060770E-15
 0.15045009E+01  0.66262601E-15
 0.15091286E+01  0.65485877E-15
 0.15137704E+01  0.64730203E-15
 0.15184266E+01  0.63995204E-15
 0.15230970E+01  0.63280525E-15
 0.15277819E+01  0.62585828E-15
 0.15324811E+01  0.61910791E-15
 0.15371948E+01  0.61255115E-15
 0.15419230E+01  0.60618514E-15
 0.15466657E+01  0.60000721E-15
 0.15514231E+01  0.59401489E-15
 0.15561950E+01  0.58820585E-15
 0.15609817E+01  0.58257795E-15
 0.15657830E+01  0.57712925E-15
 0.15705991E+01  0.57185795E-15
 0.15754301E+01  0.56676246E-15
 0.15802759E+01  0.56184136E-15
 0.15851366E+01  0.55709341E-15
 0.15900122E+01  0.55251758E-15
 0.15949029E+01  0.54811303E-15
 0.15998086E+01  0.54387909E-15
 0.16047294E+01  0.53981534E-15
 0.16096653E+01  0.53592154E-15
 0.16146164E+01  0.53219769E-15
 0.16195827E+01  0.52864401E-15
 0.16245643E+01  0.52526096E-15
 0.16295613E+01  0.52204926E-15
 0.16345736E+01  0.51900988E-15
 0.16396013E+01  0.51614408E-15
 0.16446445E+01  0.51345341E-15
 0.16497031E+01  0.51093974E-15
 0.16547774E+01  0.50860525E-15
 0.16598673E+01  0.50645249E-15
 0.16649728E+01  0.50448441E-15
 0.16700940E+01  0.50270433E-15
 0.16752310E+01  0.50111603E-15
 0.16803837E+01  0.49972377E-15
 0.16855524E+01  0.49853230E-15
 0.16907369E+01  0.49754696E-15
 0.16959373E+01  0.49677368E-15
 0.17011538E+01  0.49621906E-15
 0.17063863E+01  0.49589041E-15
 0.17116349E+01  0.49579587E-15
 0.17168997E+01  0.49594445E-15
 0.17221806E+01  0.49634611E-15
 0.17274778E+01  0.49701193E-15
 0.17327913E+01  0.49795417E-15
 0.17381211E+01  0.49918640E-15
 0.17434673E+01  0.50072372E-15
 0.17488300E+01  0.50258290E-15
 0.17542091E+01  0.50478257E-15
 0.17596048E+01  0.50734352E-15
 0.17650171E+01  0.51028892E-15
 0.17704460E+01  0.51364468E-15
 0.17758917E+01  0.51743986E-15
 0.17813541E+01  0.52170708E-15
 0.17868333E+01  0.52648306E-15
 0.17923293E+01  0.53180929E-15
 0.17978423E+01  0.53773278E-15
 0.18033722E+01  0.54430693E-15
 0.18089191E+01  0.55159271E-15
 0.18144831E+01  0.55965990E-15
 0.18200642E+01  0.56858883E-15
 0.18256624E+01  0.57847230E-15
 0.18312779E+01  0.58941812E-15
 0.18369106E+01  0.60155221E-15
 0.18425607E+01  0.61502254E-15
 0.18482282E+01  0.63000410E-15
 0.18539131E+01  0.64670535E-15
 0.18596154E+01  0.66537654E-15
 0.18653353E+01  0.68632067E-15
 0.18710728E+01  0.70990817E-15
 0.18768280E+01  0.73659658E-15
 0.18826009E+01  0.76695780E-15
 0.18883915E+01  0.80171604E-15
 0.18941999E+01  0.84180209E-15
 0.19000262E+01  0.88843252E-15
 0.19058704E+01  0.94322837E-15
 0.19117326E+01  0.10083984E-14
 0.19176128E+01  0.10870315E-14
 0.19235111E+01  0.11835843E-14
 0.19294276E+01  0.13047310E-14
 0.19353622E+01  0.14609391E-14
 0.19413151E+01  0.16696101E-14
 0.19472863E+01  0.19619607E-14
 0.19532759E+01  0.24001254E-14
 0.19592839E+01  0.31280319E-14
 0.19653104E+01  0.45720029E-14
 0.19713554E+01  0.88001624E-14
 0.19774190E+01  0.23177531E-12
 0.19835012E+01  0.91448897E-14
 0.19896022E+01  0.43960752E-14
 0.19957219E+01  0.28556895E-14
 0.20018605E+01  0.20938993E-14
 0.20080179E+01  0.16398903E-14
 0.20141943E+01  0.13387608E-14
 0.20203897E+01  0.11246165E-14
 0.20266041E+01  0.96467030E-15
 0.20328377E+01  0.84077043E-15
 0.20390904E+01  0.74205407E-15
 0.20453623E+01  0.66162262E-15
 0.20516536E+01  0.59488458E-15
 0.20579642E+01  0.53866557E-15
 0.20642942E+01  0.49070077E-15
 0.20706437E+01  0.44933101E-15
 0.20770127E+01  0.41331296E-15
 0.20834013E+01  0.38169663E-15
 0.20898095E+01  0.35374365E-15
 0.20962375E+01  0.32887149E-15
 0.21026852E+01  0.30661440E-15
 0.21091528E+01  0.28659560E-15
 0.21156402E+01  0.26850696E-15
 0.21221476E+01  0.25209411E-15
 0.21286750E+01  0.23714517E-15
 0.21352226E+01  0.22348228E-15
 0.21417902E+01  0.21095501E-15
 0.21483780E+01  0.19943530E-15
 0.21549861E+01  0.18881345E-15
 0.21616146E+01  0.17899494E-15
 0.21682634E+01  0.16989791E-15
 0.21749327E+01  0.16145112E-15
 0.21816224E+01  0.15359226E-15
 0.21883328E+01  0.14626663E-15
 0.21950638E+01  0.13942598E-15
 0.22018155E+01  0.13302765E-15
 0.22085880E+01  0.12703372E-15
 0.22153813E+01  0.12141042E-15
 0.22221955E+01  0.11612757E-15
 0.22290306E+01  0.11115813E-15
 0.22358868E+01  0.10647779E-15
 0.22427641E+01  0.10206466E-15
 0.22496625E+01  0.97898993E-16
 0.22565822E+01  0.93962938E-16
 0.22635231E+01  0.90240346E-16
 0.22704854E+01  0.86716608E-16
 0.22774691E+01  0.83378534E-16
 0.22844742E+01  0.80214273E-16
 0.22915009E+01  0.77213292E-16
 0.22985493E+01  0.74366459E-16
 0.23056193E+01  0.71666294E-16
 0.23127110E+01  0.69107592E-16
 0.23198246E+01  0.66688896E-16
 0.23269601E+01  0.64416167E-16
 0.23341175E+01  0.62313098E-16
 0.23412969E+01  0.60455867E-16
 0.23484984E+01  0.59129075E-16
 0.23557220E+01  0.59994958E-16
 0.23629679E+01  0.10131670E-15
 0.23702360E+01  0.67475371E-16
 0.23775265E+01  0.53245513E-16
 0.23848395E+01  0.49935010E-16
 0.23921749E+01  0.47850132E-16
 0.23995329E+01  0.46125247E-16
 0.24069135E+01  0.44570700E-16
 0.24143168E+01  0.43124071E-16
 0.24217429E+01  0.41758796E-16
 0.24291919E+01  0.40461189E-16
 0.24366637E+01  0.39223031E-16
 0.24441586E+01  0.38038747E-16
 0.24516764E+01  0.36904177E-16
 0.24592175E+01  0.35815996E-16
 0.24667817E+01  0.34771408E-16
 0.24743691E+01  0.33767981E-16
 0.24819799E+01  0.32803548E-16
 0.24896142E+01  0.31876144E-16
 0.24972719E+01  0.30983969E-16
 0.25049531E+01  0.30125358E-16
 0.25126580E+01  0.29298764E-16
 0.25203866E+01  0.28502739E-16
 0.25281389E+01  0.27735929E-16
 0.25359151E+01  0.26997058E-16
 0.25437152E+01  0.26284926E-16
 0.25515393E+01  0.25598399E-16
 0.25593875E+01  0.24936409E-16
 0.25672598E+01  0.24297942E-16
 0.25751563E+01  0.23682039E-16
 0.25830772E+01  0.23087792E-16
 0.25910223E+01  0.22514339E-16
 0.25989920E+01  0.21960862E-16
 0.26069861E+01  0.21426584E-16
 0.26150048E+01  0.20910768E-16
 0.26230482E+01  0.20412711E-16
 0.26311163E+01  0.19931748E-16
 0.26392092E+01  0.19467243E-16
 0.26473271E+01  0.19018593E-16
 0.26554699E+01  0.18585223E-16
 0.26636377E+01  0.18166587E-16
 0.26718307E+01  0.17762164E-16
 0.26800489E+01  0.17371458E-16
 0.26882923E+01  0.16993998E-16
 0.26965611E+01  0.16629333E-16
 0.27048554E+01  0.16277036E-16
 0.27131751E+01  0.15936700E-16
 0.27215205E+01  0.15607937E-16
 0.27298915E+01  0.15290379E-16
 0.27382882E+01  0.14983673E-16
 0.27467108E+01  0.14687489E-16
 0.27551593E+01  0.14401507E-16
 0.27636338E+01  0.14125429E-16
 0.27721343E+01  0.13858968E-16
 0.27806610E+01  0.13601856E-16
 0.27892139E+01  0.13353836E-16
 0.27977932E+01  0.13114668E-16
 0.28063988E+01  0.12884124E-16
 0.28150309E+01  0.12661991E-16
 0.28236895E+01  0.12448068E-16
 0.28323748E+01  0.12242169E-16
 0.28410868E+01  0.12044119E-16
 0.28498255E+01  0.11853757E-16
 0.28585912E+01  0.11670934E-16
 0.28673838E+01  0.11495516E-16
 0.28762035E+01  0.11327381E-16
 0.28850503E+01  0.11166418E-16
 0.28939243E+01  0.11012533E-16
 0.29028256E+01  0.10865644E-16
 0.29117543E+01  0.10725683E-16
 0.29207104E+01  0.10592597E-16
 0.29296941E+01  0.10466350E-16
 0.29387054E+01  0.10346919E-16
 0.29477444E+01  0.10234301E-16
 0.29568113E+01  0.10128510E-16
 0.29659060E+01  0.10029580E-16
 0.29750287E+01  0.99375660E-17
 0.29841795E+01  0.98525447E-17
 0.29933584E+01  0.97746191E-17
 0.30025656E+01  0.97039191E-17
 0.30118010E+01  0.96406049E-17
 0.30210649E+01  0.95848705E-17
 0.30303573E+01  0.95369473E-17
 0.30396782E+01  0.94971093E-17
 0.30490278E+01  0.94656783E-17
 0.30584062E+01  0.94430307E-17
 0.30678134E+01  0.94296054E-17
 0.30772496E+01  0.94259133E-17
 0.30867148E+01  0.94325483E-17
 0.30962091E+01  0.94502020E-17
 0.31057326E+01  0.94796796E-17
 0.31152853E+01  0.95219208E-17
 0.31248675E+01  0.95780254E-17
 0.31344792E+01  0.96492846E-17
 0.31441204E+01  0.97372205E-17
 0.31537913E+01  0.98436361E-17
 0.31634919E+01  0.99706789E-17
 0.31732223E+01  0.10120923E-16
 0.31829827E+01  0.10297474E-16
 0.31927731E+01  0.10504113E-16
 0.32025936E+01  0.10745482E-16
 0.32124443E+01  0.11027338E-16
 0.32223254E+01  0.11356905E-16
 0.32322368E+01  0.11743369E-16
 0.32421787E+01  0.12198576E-16
 0.32521512E+01  0.12738077E-16
 0.32621543E+01  0.13382674E-16
 0.32721882E+01  0.14160846E-16
 0.32822530E+01  0.15112626E-16
 0.32923488E+01  0.16296121E-16
 0.33024756E+01  0.17798979E-16
 0.33126335E+01  0.19759886E-16
 0.33228227E+01  0.22412014E-16
 0.33330432E+01  0.26179966E-16
 0.33432952E+01  0.31926912E-16
 0.33535787E+01  0.41717837E-16
 0.33638938E+01  0.62027757E-16
 0.33742407E+01  0.12899907E-15
 0.33846194E+01  0.85973389E-15
 0.33950300E+01  0.93907682E-16
 0.34054726E+01  0.48236822E-16
 0.34159474E+01  0.31809421E-16
 0.34264543E+01  0.23366917E-16
 0.34369936E+01  0.18236408E-16
 0.34475653E+01  0.14795716E-16
 0.34581695E+01  0.12333121E-16
 0.34688064E+01  0.10487216E-16
 0.34794759E+01  0.90549973E-17
 0.34901783E+01  0.79136544E-17
 0.35009136E+01  0.69845347E-17
 0.35116819E+01  0.62149372E-17
 0.35224834E+01  0.55682277E-17
 0.35333180E+01  0.50181524E-17
 0.35441860E+01  0.45454069E-17
 0.35550874E+01  0.41354821E-17
 0.35660224E+01  0.37772649E-17
 0.35769909E+01  0.34621020E-17
 0.35879932E+01  0.31831579E-17
 0.35990294E+01  0.29349651E-17
 0.36100995E+01  0.27131018E-17
 0.36212037E+01  0.25139586E-17
 0.36323420E+01  0.23345669E-17
 0.36435145E+01  0.21724717E-17
 0.36547215E+01  0.20256379E-17
 0.36659629E+01  0.18923833E-17
 0.36772389E+01  0.17713342E-17
 0.36885495E+01  0.16614048E-17
 0.36998950E+01  0.15618069E-17
 0.37112753E+01  0.14721066E-17
 0.37226907E+01  0.13923723E-17
 0.37341412E+01  0.13235191E-17
 0.37456268E+01  0.12681418E-17
 0.37571479E+01  0.12327185E-17
 0.37687043E+01  0.12343688E-17
 0.37802963E+01  0.13267106E-17
 0.37919240E+01  0.17449171E-17
 0.38035874E+01  0.53762627E-17
 0.38152867E+01  0.31105817E-17
 0.38270220E+01  0.13923891E-17
 0.38387933E+01  0.10260293E-17
 0.38506009E+01  0.86966963E-18
 0.38624448E+01  0.77798116E-18
 0.38743251E+01  0.71339575E-18
 0.38862420E+01  0.66268684E-18
 0.38981955E+01  0.62020806E-18
 0.39101858E+01  0.58319138E-18
 0.39222130E+01  0.55012581E-18
 0.39342772E+01  0.52011076E-18
 0.39463785E+01  0.49256825E-18
 0.39585170E+01  0.46710309E-18
 0.39706928E+01  0.44343012E-18
 0.39829061E+01  0.42133389E-18
 0.39951569E+01  0.40064528E-18
 0.40074455E+01  0.38122724E-18
 0.40197718E+01  0.36296577E-18
 0.40321361E+01  0.34576403E-18
 0.40445383E+01  0.32953831E-18
 0.40569788E+01  0.31421524E-18
 0.40694575E+01  0.29972979E-18
 0.40819745E+01  0.28602379E-18
 0.40945301E+01  0.27304481E-18
 0.41071243E+01  0.26074529E-18
 0.41197572E+01  0.24908189E-18
 0.41324290E+01  0.23801490E-18
 0.41451398E+01  0.22750787E-18
 0.41578896E+01  0.21752715E-18
 0.41706787E+01  0.20804167E-18
 0.41835071E+01  0.19902265E-18
 0.41963750E+01  0.19044333E-18
 0.42092825E+01  0.18227886E-18
 0.42222296E+01  0.17450607E-18
 0.42352166E+01  0.16710335E-18
 0.42482435E+01  0.16005050E-18
 0.42613105E+01  0.15332864E-18
 0.42744177E+01  0.14692007E-18
 0.42875652E+01  0.14080823E-18
 0.43007531E+01  0.13497755E-18
 0.43139816E+01  0.12941343E-18
 0.43272508E+01  0.12410214E-18
 0.43405608E+01  0.11903076E-18
 0.43539118E+01  0.11418715E-18
 0.43673038E+01  0.10955984E-18
 0.43807370E+01  0.10513805E-18
 0.43942115E+01  0.10091160E-18
 0.44077275E+01  0.96870883E-19
 0.44212851E+01  0.93006832E-19
 0.44348843E+01  0.89310877E-19
 0.44485254E+01  0.85774921E-19
 0.44622084E+01  0.82391302E-19
 0.44759335E+01  0.79152774E-19
 0.44897009E+01  0.76052477E-19
 0.45035105E+01  0.73083914E-19
 0.45173627E+01  0.70240930E-19
 0.45312575E+01  0.67517690E-19
 0.45451950E+01  0.64908664E-19
 0.45591753E+01  0.62408603E-19
 0.45731987E+01  0.60012527E-19
 0.45872652E+01  0.57715711E-19
 0.46013750E+01  0.55513665E-19
 0.46155282E+01  0.53402124E-19
 0.46297249E+01  0.51377037E-19
 0.46439653E+01  0.49434552E-19
 0.46582494E+01  0.47571006E-19
 0.46725776E+01  0.45782915E-19
 0.46869497E+01  0.44066965E-19
 0.47013661E+01  0.42420000E-19
 0.47158269E+01  0.40839017E-19
 0.47303321E+01  0.39321156E-19
 0.47448819E+01  0.37863692E-19
 0.47594765E+01  0.36464030E-19
 0.47741160E+01  0.35119696E-19
 0.47888005E+01  0.33828331E-19
 0.48035301E+01  0.32587687E-19
 0.48183051E+01  0.31395619E-19
 0.48331255E+01  0.30250080E-19
 0.48479915E+01  0.29149119E-19
 0.48629033E+01  0.28090872E-19
 0.48778609E+01  0.27073560E-19
 0.48928645E+01  0.26095484E-19
 0.49079142E+01  0.25155023E-19
 0.49230103E+01  0.24250627E-19
 0.49381528E+01  0.23380816E-19
 0.49533418E+01  0.22544174E-19
 0.49685776E+01  0.21739349E-19
 0.49838602E+01  0.20965049E-19
 0.49991899E+01  0.20220037E-19
 0.50145667E+01  0.19503131E-19
 0.50299908E+01  0.18813201E-19
 0.50454623E+01  0.18149164E-19
 0.50609814E+01  0.17509985E-19
 0.50765483E+01  0.16894673E-19
 0.50921630E+01  0.16302281E-19
 0.51078258E+01  0.15731900E-19
 0.51235368E+01  0.15182661E-19
 0.51392960E+01  0.14653731E-19
 0.51551038E+01  0.14144313E-19
 0.51709601E+01  0.13653643E-19
 0.51868653E+01  0.13180990E-19
 0.52028193E+01  0.12725651E-19
 0.52188225E+01  0.12286955E-19
 0.52348748E+01  0.11864257E-19
 0.52509766E+01  0.11456940E-19
 0.52671278E+01  0.11064411E-19
 0.52833288E+01  0.10686103E-19
 0.52995795E+01  0.10321471E-19
 0.53158803E+01  0.99699925E-20
 0.53322312E+01  0.96311661E-20
 0.53486324E+01  0.93045112E-20
 0.53650840E+01  0.89895664E-20
 0.53815862E+01  0.86858888E-20
 0.53981392E+01  0.83930533E-20
 0.54147431E+01  0.81106522E-20
 0.54313981E+01  0.78382935E-20
 0.54481043E+01  0.75756014E-20
 0.54648619E+01  0.73222147E-20
 0.54816711E+01  0.70777865E-20
 0.54985319E+01  0.68419838E-20
 0.55154446E+01  0.66144866E-20
 0.55324093E+01  0.63949875E-20
 0.55494262E+01  0.61831912E-20
 0.55664955E+01  0.59788138E-20
 0.55836172E+01  0.57815826E-20
 0.56007916E+01  0.55912355E-20
 0.56180189E+01  0.54075207E-20
 0.56352991E+01  0.52301958E-20
 0.56526325E+01  0.50590280E-20
 0.56700192E+01  0.48937935E-20
 0.56874594E+01  0.47342770E-20
 0.57049532E+01  0.45802715E-20
 0.57225008E+01  0.44315779E-20
 0.57401024E+01  0.42880046E-20
 0.57577581E+01  0.41493675E-20
 0.57754682E+01  0.40154894E-20
 0.57932327E+01  0.38861997E-20
 0.58110519E+01  0.37613344E-20
 0.58289258E+01  0.36407355E-20
 0.58468548E+01  0.35242513E-20
 0.58648389E+01  0.34117355E-20
 0.58828783E+01  0.33030473E-20
 0.59009732E+01  0.31980513E-20
 0.59191237E+01  0.30966170E-20
 0.59373301E+01  0.29986189E-20
 0.59555925E+01  0.29039361E-20
 0.59739111E+01  0.28124521E-20
 0.59922860E+01  0.27240550E-20
 0.60107174E+01  0.26386367E-20
 0.60292055E+01  0.25560932E-20
 0.60477505E+01  0.24763244E-20
 0.60663525E+01  0.23992338E-20
 0.60850117E+01  0.23247285E-20
 0.61037284E+01  0.22527189E-20
 0.61225026E+01  0.21831188E-20
 0.61413345E+01  0.21158450E-20
 0.61602244E+01  0.20508175E-20
 0.61791724E+01  0.19879591E-20
 0.61981786E+01  0.19271953E-20
 0.62172433E+01  0.18684544E-20
 0.62363667E+01  0.18116674E-20
 0.62555489E+01  0.17567677E-20
 0.62747901E+01  0.17036909E-20
 0.62940904E+01  0.16523752E-20
 0.63134501E+01  0.16027609E-20
 0.63328694E+01  0.15547904E-20
 0.63523484E+01  0.15084083E-20
 0.63718874E+01  0.14635610E-20
 0.63914864E+01  0.14201969E-20
 0.64111457E+01  0.13782662E-20
 0.64308655E+01  0.13377208E-20
 0.64506459E+01  0.12985146E-20
 0.64704871E+01  0.12606028E-20
 0.64903894E+01  0.12239424E-20
 0.65103530E+01  0.11884917E-20
 0.65303779E+01  0.11542106E-20
 0.65504644E+01  0.11210604E-20
 0.65706127E+01  0.10890039E-20
 0.65908230E+01  0.10580049E-20
 0.66110954E+01  0.10280286E-20
 0.66314302E+01  0.99904160E-21
 0.66518275E+01  0.97101139E-21
 0.66722876E+01  0.94390671E-21
 0.66928106E+01  0.91769739E-21
 0.67133968E+01  0.89235430E-21
 0.67340462E+01  0.86784930E-21
 0.67547592E+01  0.84415523E-21
 0.67755359E+01  0.82124587E-21
 0.67963764E+01  0.79909589E-21
 0.68172811E+01  0.77768086E-21
 0.68382501E+01  0.75697715E-21
 0.68592836E+01  0.73696195E-21
 0.68803818E+01  0.71761325E-21
 0.69015449E+01  0.69890975E-21
 0.69227730E+01  0.68083091E-21
 0.69440665E+01  0.66335687E-21
 0.69654255E+01  0.64646845E-21
 0.69868501E+01  0.63014710E-21
 0.70083407E+01  0.61437492E-21
 0.70298973E+01  0.59913460E-21
 0.70515203E+01  0.58440942E-21
 0.70732098E+01  0.57018319E-21
 0.70949660E+01  0.55644032E-21
 0.71167891E+01  0.54316568E-21
 0.71386793E+01  0.53034468E-21
 0.71606369E+01  0.51796321E-21
 0.71826620E+01  0.50600763E-21
 0.72047548E+01  0.49446475E-21
 0.72269156E+01  0.48332182E-21
 0.72491446E+01  0.47256651E-21
 0.72714419E+01  0.46218690E-21
 0.72938079E+01  0.45217147E-21
 0.73162426E+01  0.44250909E-21
 0.73387463E+01  0.43318898E-21
 0.73613192E+01  0.42420074E-21
 0.73839616E+01  0.41553430E-21
 0.74066736E+01  0.40717995E-21
 0.74294555E+01  0.39912828E-21
 0.74523074E+01  0.39137022E-21
 0.74752297E+01  0.38389700E-21
 0.74982224E+01  0.37670015E-21
 0.75212859E+01  0.36977151E-21
 0.75444203E+01  0.36310318E-21
 0.75676259E+01  0.35668755E-21
 0.75909028E+01  0.35051729E-21
 0.76142514E+01  0.34458534E-21
 0.76376717E+01  0.33888489E-21
 0.76611641E+01  0.33340938E-21
 0.76847288E+01  0.32815253E-21
 0.77083659E+01  0.32310829E-21
 0.77320757E+01  0.31827085E-21
 0.77558585E+01  0.31363468E-21
 0.77797144E+01  0.30919444E-21
 0.78036437E+01  0.30494507E-21
 0.78276466E+01  0.30088173E-21
 0.78517233E+01  0.29699982E-21
 0.78758741E+01  0.29329498E-21
 0.79000992E+01  0.28976309E-21
 0.79243988E+01  0.28640027E-21
 0.79487731E+01  0.28320286E-21
 0.79732224E+01  0.28016749E-21
 0.79977469E+01  0.27729099E-21
 0.80223468E+01  0.27457047E-21
 0.80470224E+01  0.27200327E-21
 0.80717739E+01  0.26958702E-21
 0.80966016E+01  0.26731961E-21
 0.81215056E+01  0.26519919E-21
 0.81464861E+01  0.26322421E-21
 0.81715436E+01  0.26139342E-21
 0.81966781E+01  0.25970586E-21
 0.82218899E+01  0.25816090E-21
 0.82471793E+01  0.25675826E-21
 0.82725464E+01  0.25549800E-21
 0.82979916E+01  0.25438055E-21
 0.83235150E+01  0.25340676E-21
 0.83491170E+01  0.25257788E-21
 0.83747977E+01  0.25189564E-21
 0.84005574E+01  0.25136222E-21
 0.84263963E+01  0.25098036E-21
 0.84523147E+01  0.25075335E-21
 0.84783128E+01  0.25068512E-21
 0.85043909E+01  0.25078025E-21
 0.85305492E+01  0.25104409E-21
 0.85567880E+01  0.25148278E-21
 0.85831074E+01  0.25210338E-21
 0.86095078E+01  0.25291396E-21
 0.86359895E+01  0.25392370E-21
 0.86625525E+01  0.25514304E-21
 0.86891973E+01  0.25658384E-21
 0.87159241E+01  0.25825955E-21
 0.87427330E+01  0.26018544E-21
 0.87696244E+01  0.26237883E-21
 0.87965985E+01  0.26485942E-21
 0.88236556E+01  0.26764966E-21
 0.88507959E+01  0.27077512E-21
 0.88780197E+01  0.27426507E-21
 0.89053272E+01  0.27815305E-21
 0.89327188E+01  0.28247766E-21
 0.89601945E+01  0.28728347E-21
 0.89877548E+01  0.29262219E-21
 0.90153999E+01  0.29855401E-21
 0.90431300E+01  0.30514947E-21
 0.90709454E+01  0.31249161E-21
 0.90988463E+01  0.32067886E-21
 0.91268331E+01  0.32982871E-21
 0.91549059E+01  0.34008244E-21
 0.91830651E+01  0.35161146E-21
 0.92113109E+01  0.36462563E-21
 0.92396436E+01  0.37938471E-21
 0.92680634E+01  0.39621394E-21
 0.92965707E+01  0.41552605E-21
 0.93251656E+01  0.43785268E-21
 0.93538485E+01  0.46389045E-21
 0.93826196E+01  0.49457022E-21
 0.94114792E+01  0.53116449E-21
 0.94404276E+01  0.57545985E-21
 0.94694650E+01  0.63004567E-21
 0.94985917E+01  0.69882185E-21
 0.95278080E+01  0.78794804E-21
 0.95571142E+01  0.90775731E-21
 0.95865105E+01  0.10770115E-20
 0.96159973E+01  0.13336967E-20
 0.96455747E+01  0.17681258E-20
 0.96752431E+01  0.26603656E-20
 0.97050028E+01  0.55300202E-20
 0.97348540E+01  0.51273696E-19
 0.97647970E+01  0.44444303E-20
 0.97948322E+01  0.22960237E-20
 0.98249597E+01  0.15361787E-20
 0.98551799E+01  0.11479256E-20
 0.98854930E+01  0.91250909E-21
 0.99158994E+01  0.75470882E-21
 0.99463993E+01  0.64170452E-21
 0.99769930E+01  0.55689093E-21
 0.10007681E+02  0.49096475E-21
 0.10038463E+02  0.43830899E-21
 0.10069340E+02  0.39533107E-21
 0.10100312E+02  0.35962609E-21
 0.10131379E+02  0.32952368E-21
 0.10162542E+02  0.30382737E-21
 0.10193800E+02  0.28165772E-21
 0.10225155E+02  0.26235377E-21
 0.10256606E+02  0.24540921E-21
 0.10288154E+02  0.23042963E-21
 0.10319799E+02  0.21710321E-21
 0.10351541E+02  0.20518021E-21
 0.10383381E+02  0.19445825E-21
 0.10415319E+02  0.18477159E-21
 0.10447355E+02  0.17598322E-21
 0.10479489E+02  0.16797887E-21
 0.10511723E+02  0.16066253E-21
 0.10544055E+02  0.15395293E-21
 0.10576487E+02  0.14778082E-21
 0.10609019E+02  0.14208684E-21
 0.10641651E+02  0.13681984E-21
 0.10674383E+02  0.13193549E-21
 0.10707216E+02  0.12739520E-21
 0.10740150E+02  0.12316525E-21
 0.10773185E+02  0.11921600E-21
 0.10806322E+02  0.11552136E-21
 0.10839560E+02  0.11205823E-21
 0.10872901E+02  0.10880614E-21
 0.10906345E+02  0.10574683E-21
 0.10939891E+02  0.10286402E-21
 0.10973541E+02  0.10014314E-21
 0.11007294E+02  0.97571088E-22
 0.11041151E+02  0.95136103E-22
 0.11075112E+02  0.92827559E-22
 0.11109177E+02  0.90635861E-22
 0.11143347E+02  0.88552314E-22
 0.11177623E+02  0.86569030E-22
 0.11212004E+02  0.84678838E-22
 0.11246490E+02  0.82875205E-22
 0.11281083E+02  0.81152174E-22
 0.11315782E+02  0.79504298E-22
 0.11350587E+02  0.77926595E-22
 0.11385500E+02  0.76414499E-22
 0.11420520E+02  0.74963816E-22
 0.11455648E+02  0.73570693E-22
 0.11490884E+02  0.72231586E-22
 0.11526229E+02  0.70943227E-22
 0.11561682E+02  0.69702601E-22
 0.11597244E+02  0.68506923E-22
 0.11632915E+02  0.67353618E-22
 0.11668696E+02  0.66240301E-22
 0.11704588E+02  0.65164762E-22
 0.11740589E+02  0.64124950E-22
 0.11776702E+02  0.63118960E-22
 0.11812925E+02  0.62145020E-22
 0.11849260E+02  0.61201481E-22
 0.11885707E+02  0.60286808E-22
 0.11922265E+02  0.59399565E-22
 0.11958937E+02  0.58538417E-22
 0.11995721E+02  0.57702112E-22
 0.12032618E+02  0.56889480E-22
 0.12069628E+02  0.56099428E-22
 0.12106753E+02  0.55330928E-22
 0.12143991E+02  0.54583018E-22
 0.12181345E+02  0.53854794E-22
 0.12218813E+02  0.53145407E-22
 0.12256396E+02  0.52454059E-22
 0.12294095E+02  0.51779997E-22
 0.12331910E+02  0.51122513E-22
 0.12369841E+02  0.50480939E-22
 0.12407889E+02  0.49854644E-22
 0.12446054E+02  0.49243033E-22
 0.12484336E+02  0.48645543E-22
 0.12522736E+02  0.48061641E-22
 0.12561254E+02  0.47490822E-22
 0.12599891E+02  0.46932609E-22
 0.12638646E+02  0.46386547E-22
 0.12677521E+02  0.45852208E-22
 0.12716515E+02  0.45329180E-22
 0.12755630E+02  0.44817077E-22
 0.12794864E+02  0.44315527E-22
 0.12834219E+02  0.43824180E-22
 0.12873696E+02  0.43342699E-22
 0.12913293E+02  0.42870765E-22
 0.12953013E+02  0.42408072E-22
 0.12992854E+02  0.41954330E-22
 0.13032818E+02  0.41509260E-22
 0.13072906E+02  0.41072596E-22
 0.13113116E+02  0.40644083E-22
 0.13153450E+02  0.40223477E-22
 0.13193908E+02  0.39810546E-22
 0.13234491E+02  0.39405066E-22
 0.13275198E+02  0.39006822E-22
 0.13316031E+02  0.38615608E-22
 0.13356989E+02  0.38231228E-22
 0.13398073E+02  0.37853490E-22
 0.13439284E+02  0.37482213E-22
 0.13480621E+02  0.37117222E-22
 0.13522086E+02  0.36758347E-22
 0.13563678E+02  0.36405427E-22
 0.13605398E+02  0.36058306E-22
 0.13647246E+02  0.35716831E-22
 0.13689223E+02  0.35380859E-22
 0.13731329E+02  0.35050250E-22
 0.13773565E+02  0.34724868E-22
 0.13815930E+02  0.34404584E-22
 0.13858426E+02  0.34089271E-22
 0.13901052E+02  0.33778808E-22
 0.13943810E+02  0.33473078E-22
 0.13986699E+02  0.33171967E-22
 0.14029720E+02  0.32875367E-22
 0.14072874E+02  0.32583170E-22
 0.14116160E+02  0.32295274E-22
 0.14159579E+02  0.32011581E-22
 0.14203132E+02  0.31731993E-22
 0.14246819E+02  0.31456419E-22
 0.14290640E+02  0.31184768E-22
 0.14334596E+02  0.30916952E-22
 0.14378687E+02  0.30652887E-22
 0.14422914E+02  0.30392491E-22
 0.14467277E+02  0.30135685E-22
 0.14511776E+02  0.29882392E-22
 0.14556412E+02  0.29632536E-22
 0.14601186E+02  0.29386044E-22
 0.14646097E+02  0.29142848E-22
 0.14691146E+02  0.28902877E-22
 0.14736334E+02  0.28666066E-22
 0.14781661E+02  0.28432351E-22
 0.14827127E+02  0.28201667E-22
 0.14872734E+02  0.27973956E-22
 0.14918480E+02  0.27749156E-22
 0.14964367E+02  0.27527211E-22
 0.15010395E+02  0.27308065E-22
 0.15056565E+02  0.27091663E-22
 0.15102877E+02  0.26877953E-22
 0.15149331E+02  0.26666882E-22
 0.15195929E+02  0.26458402E-22
 0.15242669E+02  0.26252462E-22
 0.15289553E+02  0.26049016E-22
 0.15336582E+02  0.25848016E-22
 0.15383755E+02  0.25649420E-22
 0.15431073E+02  0.25453181E-22
 0.15478537E+02  0.25259258E-22
 0.15526147E+02  0.25067609E-22
 0.15573903E+02  0.24878194E-22
 0.15621806E+02  0.24690972E-22
 0.15669857E+02  0.24505906E-22
 0.15718055E+02  0.24322957E-22
 0.15766401E+02  0.24142090E-22
 0.15814897E+02  0.23963268E-22
 0.15863541E+02  0.23786457E-22
 0.15912335E+02  0.23611622E-22
 0.15961279E+02  0.23438730E-22
 0.16010374E+02  0.23267749E-22
 0.16059619E+02  0.23098648E-22
 0.16109016E+02  0.22931395E-22
 0.16158565E+02  0.22765960E-22
 0.16208267E+02  0.22602314E-22
 0.16258121E+02  0.22440429E-22
 0.16308129E+02  0.22280275E-22
 0.16358290E+02  0.22121826E-22
 0.16408606E+02  0.21965054E-22
 0.16459077E+02  0.21809934E-22
 0.16509702E+02  0.21656440E-22
 0.16560484E+02  0.21504547E-22
 0.16611422E+02  0.21354230E-22
 0.16662516E+02  0.21205465E-22
 0.16713768E+02  0.21058230E-22
 0.16765177E+02  0.20912500E-22
 0.16816744E+02  0.20768254E-22
 0.16868470E+02  0.20625470E-22
 0.16920355E+02  0.20484126E-22
 0.16972400E+02  0.20344201E-22
 0.17024604E+02  0.20205675E-22
 0.17076970E+02  0.20068527E-22
 0.17129496E+02  0.19932738E-22
 0.17182184E+02  0.19798288E-22
 0.17235034E+02  0.19665159E-22
 0.17288046E+02  0.19533332E-22
 0.17341222E+02  0.19402789E-22
 0.17394561E+02  0.19273511E-22
 0.17448064E+02  0.19145483E-22
 0.17501732E+02  0.19018685E-22
 0.17555565E+02  0.18893103E-22
 0.17609563E+02  0.18768718E-22
 0.17663728E+02  0.18645516E-22
 0.17718059E+02  0.18523480E-22
 0.17772557E+02  0.18402595E-22
 0.17827223E+02  0.18282846E-22
 0.17882057E+02  0.18164217E-22
 0.17937060E+02  0.18046694E-22
 0.17992231E+02  0.17930264E-22
 0.18047573E+02  0.17814910E-22
 0.18103085E+02  0.17700621E-22
 0.18158767E+02  0.17587382E-22
 0.18214621E+02  0.17475180E-22
 0.18270647E+02  0.17364001E-22
 0.18326845E+02  0.17253834E-22
 0.18383215E+02  0.17144664E-22
 0.18439759E+02  0.17036481E-22
 0.18496478E+02  0.16929271E-22
 0.18553370E+02  0.16823024E-22
 0.18610438E+02  0.16717726E-22
 0.18667681E+02  0.16613366E-22
 0.18725100E+02  0.16509934E-22
 0.18782696E+02  0.16407417E-22
 0.18840468E+02  0.16305806E-22
 0.18898419E+02  0.16205088E-22
 0.18956548E+02  0.16105254E-22
 0.19014856E+02  0.16006294E-22
 0.19073343E+02  0.15908196E-22
 0.19132009E+02  0.15810950E-22
 0.19190857E+02  0.15714548E-22
 0.19249885E+02  0.15618978E-22
 0.19309095E+02  0.15524232E-22
 0.19368487E+02  0.15430300E-22
 0.19428062E+02  0.15337172E-22
 0.19487820E+02  0.15244840E-22
 0.19547762E+02  0.15153295E-22
 0.19607888E+02  0.15062527E-22
 0.19668199E+02  0.14972528E-22
 0.19728695E+02  0.14883290E-22
 0.19789378E+02  0.14794803E-22
 0.19850247E+02  0.14707059E-22
 0.19911304E+02  0.14620051E-22
 0.19972548E+02  0.14533770E-22
 0.20033981E+02  0.14448209E-22
 0.20095603E+02  0.14363359E-22
 0.20157414E+02  0.14279212E-22
 0.20219415E+02  0.14195762E-22
 0.20281607E+02  0.14113000E-22
 0.20343991E+02  0.14030919E-22
 0.20406566E+02  0.13949513E-22
 0.20469333E+02  0.13868773E-22
 0.20532294E+02  0.13788692E-22
 0.20595449E+02  0.13709265E-22
 0.20658797E+02  0.13630483E-22
 0.20722341E+02  0.13552340E-22
 0.20786080E+02  0.13474830E-22
 0.20850015E+02  0.13397946E-22
 0.20914147E+02  0.13321681E-22
 0.20978475E+02  0.13246029E-22
 0.21043002E+02  0.13170983E-22
 0.21107728E+02  0.13096538E-22
 0.21172652E+02  0.13022687E-22
 0.21237776E+02  0.12949424E-22
 0.21303100E+02  0.12876744E-22
 0.21368626E+02  0.12804640E-22
 0.21434353E+02  0.12733107E-22
 0.21500282E+02  0.12662138E-22
 0.21566413E+02  0.12591729E-22
 0.21632749E+02  0.12521873E-22
 0.21699288E+02  0.12452565E-22
 0.21766032E+02  0.12383800E-22
 0.21832981E+02  0.12315572E-22
 0.21900136E+02  0.12247876E-22
 0.21967498E+02  0.12180707E-22
 0.22035067E+02  0.12114060E-22
 0.22102844E+02  0.12047929E-22
 0.22170829E+02  0.11982309E-22
 0.22239023E+02  0.11917197E-22
 0.22307427E+02  0.11852585E-22
 0.22376042E+02  0.11788471E-22
 0.22444867E+02  0.11724849E-22
 0.22513904E+02  0.11661714E-22
 0.22583154E+02  0.11599061E-22
 0.22652617E+02  0.11536887E-22
 0.22722293E+02  0.11475186E-22
 0.22792183E+02  0.11413954E-22
 0.22862289E+02  0.11353187E-22
 0.22932610E+02  0.11292880E-22
 0.23003147E+02  0.11233029E-22
 0.23073902E+02  0.11173630E-22
 0.23144874E+02  0.11114678E-22
 0.23216064E+02  0.11056170E-22
 0.23287474E+02  0.10998100E-22
 0.23359102E+02  0.10940466E-22
 0.23430952E+02  0.10883263E-22
 0.23503022E+02  0.10826486E-22
 0.23575314E+02  0.10770133E-22
 0.23647828E+02  0.10714200E-22
 0.23720566E+02  0.10658681E-22
 0.23793527E+02  0.10603575E-22
 0.23866712E+02  0.10548876E-22
 0.23940123E+02  0.10494581E-22
 0.24013759E+02  0.10440687E-22
 0.24087622E+02  0.10387190E-22
 0.24161712E+02  0.10334087E-22
 0.24236030E+02  0.10281373E-22
 0.24310577E+02  0.10229045E-22
 0.24385353E+02  0.10177101E-22
 0.24460359E+02  0.10125535E-22
 0.24535595E+02  0.10074346E-22
 0.24611063E+02  0.10023530E-22
 0.24686763E+02  0.99730829E-23
 0.24762696E+02  0.99230021E-23
 0.24838863E+02  0.98732842E-23
 0.24915264E+02  0.98239261E-23
 0.24991900E+02  0.97749245E-23
 0.25068771E+02  0.97262765E-23
 0.25145879E+02  0.96779787E-23
 0.25223224E+02  0.96300283E-23
 0.25300807E+02  0.95824222E-23
 0.25378629E+02  0.95351574E-23
 0.25456690E+02  0.94882309E-23
 0.25534991E+02  0.94416398E-23
 0.25613533E+02  0.93953812E-23
 0.25692317E+02  0.93494522E-23
 0.25771343E+02  0.93038500E-23
 0.25850612E+02  0.92585719E-23
 0.25930124E+02  0.92136150E-23
 0.26009882E+02  0.91689765E-23
 0.26089885E+02  0.91246538E-23
 0.26170133E+02  0.90806442E-23
 0.26250629E+02  0.90369450E-23
 0.26331372E+02  0.89935536E-23
 0.26412364E+02  0.89504673E-23
 0.26493604E+02  0.89076837E-23
 0.26575095E+02  0.88652000E-23
 0.26656836E+02  0.88230139E-23
 0.26738829E+02  0.87811228E-23
 0.26821074E+02  0.87395242E-23
 0.26903571E+02  0.86982157E-23
 0.26986323E+02  0.86571949E-23
 0.27069329E+02  0.86164593E-23
 0.27152591E+02  0.85760066E-23
 0.27236108E+02  0.85358344E-23
 0.27319882E+02  0.84959404E-23
 0.27403915E+02  0.84563224E-23
 0.27488205E+02  0.84169779E-23
 0.27572755E+02  0.83779047E-23
 0.27657565E+02  0.83391007E-23
 0.27742636E+02  0.83005636E-23
 0.27827968E+02  0.82622911E-23
 0.27913563E+02  0.82242812E-23
 0.27999421E+02  0.81865317E-23
 0.28085543E+02  0.81490404E-23
 0.28171930E+02  0.81118052E-23
 0.28258583E+02  0.80748241E-23
 0.28345503E+02  0.80380949E-23
 0.28432689E+02  0.80016157E-23
 0.28520144E+02  0.79653844E-23
 0.28607868E+02  0.79293990E-23
 0.28695862E+02  0.78936574E-23
 0.28784126E+02  0.78581578E-23
 0.28872662E+02  0.78228982E-23
 0.28961470E+02  0.77878766E-23
 0.29050552E+02  0.77530911E-23
 0.29139907E+02  0.77185399E-23
 0.29229537E+02  0.76842210E-23
 0.29319443E+02  0.76501326E-23
 0.29409626E+02  0.76162728E-23
 0.29500085E+02  0.75826399E-23
 0.29590824E+02  0.75492319E-23
 0.29681841E+02  0.75160472E-23
 0.29773138E+02  0.74830839E-23
 0.29864716E+02  0.74503403E-23
 0.29956575E+02  0.74178147E-23
 0.30048718E+02  0.73855052E-23
 0.30141143E+02  0.73534103E-23
 0.30233853E+02  0.73215281E-23
 0.30326848E+02  0.72898571E-23
 0.30420129E+02  0.72583955E-23
 0.30513697E+02  0.72271418E-23
 0.30607553E+02  0.71960942E-23
 0.30701697E+02  0.71652512E-23
 0.30796131E+02  0.71346112E-23
 0.30890856E+02  0.71041725E-23
 0.30985872E+02  0.70739336E-23
 0.31081180E+02  0.70438930E-23
 0.31176781E+02  0.70140491E-23
 0.31272677E+02  0.69844003E-23
 0.31368867E+02  0.69549452E-23
 0.31465353E+02  0.69256822E-23
 0.31562136E+02  0.68966099E-23
 0.31659217E+02  0.68677267E-23
 0.31756596E+02  0.68390313E-23
 0.31854275E+02  0.68105221E-23
 0.31952254E+02  0.67821978E-23
 0.32050535E+02  0.67540568E-23
 0.32149118E+02  0.67260978E-23
 0.32248004E+02  0.66983195E-23
 0.32347194E+02  0.66707203E-23
 0.32446689E+02  0.66432990E-23
 0.32546491E+02  0.66160541E-23
 0.32646599E+02  0.65889844E-23
 0.32747015E+02  0.65620884E-23
 0.32847741E+02  0.65353649E-23
 0.32948776E+02  0.65088126E-23
 0.33050121E+02  0.64824301E-23
 0.33151779E+02  0.64562162E-23
 0.33253749E+02  0.64301695E-23
 0.33356033E+02  0.64042889E-23
 0.33458631E+02  0.63785730E-23
 0.33561545E+02  0.63530206E-23
 0.33664776E+02  0.63276305E-23
 0.33768324E+02  0.63024014E-23
 0.33872190E+02  0.62773322E-23
 0.33976376E+02  0.62524217E-23
 0.34080883E+02  0.62276686E-23
 0.34185711E+02  0.62030717E-23
 0.34290861E+02  0.61786300E-23
 0.34396335E+02  0.61543422E-23
 0.34502133E+02  0.61302072E-23
 0.34608257E+02  0.61062239E-23
 0.34714707E+02  0.60823911E-23
 0.34821485E+02  0.60587077E-23
 0.34928590E+02  0.60351726E-23
 0.35036026E+02  0.60117847E-23
 0.35143792E+02  0.59885429E-23
 0.35251889E+02  0.59654462E-23
 0.35360319E+02  0.59424934E-23
 0.35469082E+02  0.59196835E-23
 0.35578180E+02  0.58970155E-23
 0.35687613E+02  0.58744883E-23
 0.35797383E+02  0.58521009E-23
 0.35907491E+02  0.58298522E-23
 0.36017937E+02  0.58077413E-23
 0.36128724E+02  0.57857671E-23
 0.36239850E+02  0.57639286E-23
 0.36351319E+02  0.57422249E-23
 0.36463130E+02  0.57206549E-23
 0.36575286E+02  0.56992178E-23
 0.36687786E+02  0.56779125E-23
 0.36800633E+02  0.56567381E-23
 0.36913826E+02  0.56356936E-23
 0.37027368E+02  0.56147781E-23
 0.37141259E+02  0.55939907E-23
 0.37255500E+02  0.55733305E-23
 0.37370093E+02  0.55527965E-23
 0.37485038E+02  0.55323878E-23
 0.37600336E+02  0.55121036E-23
 0.37715990E+02  0.54919429E-23
 0.37831999E+02  0.54719049E-23
 0.37948365E+02  0.54519888E-23
 0.38065088E+02  0.54321935E-23
 0.38182171E+02  0.54125183E-23
 0.38299614E+02  0.53929624E-23
 0.38417418E+02  0.53735248E-23
 0.38535585E+02  0.53542048E-23
 0.38654115E+02  0.53350016E-23
 0.38773009E+02  0.53159142E-23
 0.38892270E+02  0.52969419E-23
 0.39011897E+02  0.52780839E-23
 0.39131892E+02  0.52593394E-23
 0.39252256E+02  0.52407076E-23
 0.39372990E+02  0.52221877E-23
 0.39494096E+02  0.52037790E-23
 0.39615574E+02  0.51854806E-23
 0.39737426E+02  0.51672919E-23
 0.39859653E+02  0.51492119E-23
 0.39982255E+02  0.51312401E-23
 0.40105235E+02  0.51133756E-23
 0.40228593E+02  0.50956178E-23
 0.40352331E+02  0.50779658E-23
 0.40476449E+02  0.50604190E-23
 0.40600948E+02  0.50429766E-23
 0.40725831E+02  0.50256380E-23
 0.40851098E+02  0.50084024E-23
 0.40976750E+02  0.49912691E-23
 0.41102789E+02  0.49742375E-23
 0.41229215E+02  0.49573068E-23
 0.41356030E+02  0.49404764E-23
 0.41483236E+02  0.49237456E-23
 0.41610832E+02  0.49071137E-23
 0.41738821E+02  0.48905801E-23
 0.41867204E+02  0.48741441E-23
 0.41995982E+02  0.48578050E-23
 0.42125155E+02  0.48415623E-23
 0.42254726E+02  0.48254152E-23
 0.42384696E+02  0.48093632E-23
 0.42515065E+02  0.47934056E-23
 0.42645835E+02  0.47775418E-23
 0.42777008E+02  0.47617712E-23
 0.42908584E+02  0.47460931E-23
 0.43040565E+02  0.47305070E-23
 0.43172951E+02  0.47150122E-23
 0.43305745E+02  0.46996082E-23
 0.43438947E+02  0.46842944E-23
 0.43572559E+02  0.46690702E-23
 0.43706582E+02  0.46539349E-23
 0.43841018E+02  0.46388881E-23
 0.43975866E+02  0.46239292E-23
 0.44111130E+02  0.46090575E-23
 0.44246810E+02  0.45942726E-23
 0.44382906E+02  0.45795739E-23
 0.44519422E+02  0.45649608E-23
 0.44656357E+02  0.45504327E-23
 0.44793714E+02  0.45359892E-23
 0.44931493E+02  0.45216297E-23
 0.45069696E+02  0.45073537E-23
 0.45208324E+02  0.44931606E-23
 0.45347378E+02  0.44790500E-23
 0.45486860E+02  0.44650212E-23
 0.45626772E+02  0.44510739E-23
 0.45767113E+02  0.44372074E-23
 0.45907886E+02  0.44234213E-23
 0.46049092E+02  0.44097151E-23
 0.46190733E+02  0.43960882E-23
 0.46332809E+02  0.43825402E-23
 0.46475322E+02  0.43690706E-23
 0.46618273E+02  0.43556789E-23
 0.46761665E+02  0.43423647E-23
 0.46905497E+02  0.43291274E-23
 0.47049772E+02  0.43159666E-23
 0.47194490E+02  0.43028818E-23
 0.47339654E+02  0.42898725E-23
 0.47485264E+02  0.42769383E-23
 0.47631321E+02  0.42640788E-23
 0.47777829E+02  0.42512934E-23
 0.47924786E+02  0.42385817E-23
 0.48072196E+02  0.42259433E-23
 0.48220060E+02  0.42133777E-23
 0.48368378E+02  0.42008846E-23
 0.48517152E+02  0.41884634E-23
 0.48666384E+02  0.41761137E-23
 0.48816075E+02  0.41638351E-23
 0.48966226E+02  0.41516271E-23
 0.49116839E+02  0.41394894E-23
 0.49267916E+02  0.41274215E-23
 0.49419457E+02  0.41154231E-23
 0.49571464E+02  0.41034936E-23
 0.49723939E+02  0.40916327E-23
 0.49876882E+02  0.40798400E-23
 0.50030297E+02  0.40681151E-23
 0.50184183E+02  0.40564575E-23
 0.50338542E+02  0.40448669E-23
 0.50493376E+02  0.40333429E-23
 0.50648687E+02  0.40218851E-23
 0.50804475E+02  0.40104930E-23
 0.50960742E+02  0.39991664E-23
 0.51117490E+02  0.39879048E-23
 0.51274720E+02  0.39767078E-23
 0.51432434E+02  0.39655751E-23
 0.51590633E+02  0.39545063E-23
 0.51749319E+02  0.39435010E-23
 0.51908492E+02  0.39325588E-23
 0.52068155E+02  0.39216794E-23
 0.52228309E+02  0.39108624E-23
 0.52388956E+02  0.39001075E-23
 0.52550097E+02  0.38894142E-23
 0.52711734E+02  0.38787823E-23
 0.52873868E+02  0.38682113E-23
 0.53036500E+02  0.38577010E-23
 0.53199633E+02  0.38472509E-23
 0.53363268E+02  0.38368607E-23
 0.53527405E+02  0.38265301E-23
 0.53692048E+02  0.38162587E-23
 0.53857197E+02  0.38060461E-23
 0.54022854E+02  0.37958921E-23
 0.54189021E+02  0.37857963E-23
 0.54355699E+02  0.37757583E-23
 0.54522889E+02  0.37657779E-23
 0.54690594E+02  0.37558546E-23
 0.54858814E+02  0.37459882E-23
 0.55027552E+02  0.37361783E-23
 0.55196809E+02  0.37264247E-23
 0.55366587E+02  0.37167268E-23
 0.55536886E+02  0.37070846E-23
 0.55707710E+02  0.36974975E-23
 0.55879059E+02  0.36879654E-23
 0.56050935E+02  0.36784878E-23
 0.56223340E+02  0.36690645E-23
 0.56396275E+02  0.36596952E-23
 0.56569742E+02  0.36503795E-23
 0.56743742E+02  0.36411171E-23
 0.56918278E+02  0.36319077E-23
 0.57093350E+02  0.36227510E-23
 0.57268961E+02  0.36136468E-23
 0.57445113E+02  0.36045946E-23
 0.57621806E+02  0.35955942E-23
 0.57799042E+02  0.35866453E-23
 0.57976824E+02  0.35777476E-23
 0.58155152E+02  0.35689007E-23
 0.58334029E+02  0.35601045E-23
 0.58513456E+02  0.35513585E-23
 0.58693435E+02  0.35426625E-23
 0.58873968E+02  0.35340162E-23
 0.59055056E+02  0.35254193E-23
 0.59236701E+02  0.35168716E-23
 0.59418905E+02  0.35083726E-23
 0.59601669E+02  0.34999222E-23
 0.59784995E+02  0.34915200E-23
 0.59968885E+02  0.34831658E-23
 0.60153341E+02  0.34748592E-23
 0.60338364E+02  0.34666000E-23
 0.60523956E+02  0.34583879E-23
 0.60710119E+02  0.34502227E-23
 0.60896855E+02  0.34421040E-23
 0.61084165E+02  0.34340315E-23
 0.61272051E+02  0.34260050E-23
 0.61460516E+02  0.34180243E-23
 0.61649559E+02  0.34100889E-23
 0.61839185E+02  0.34021988E-23
 0.62029393E+02  0.33943534E-23
 0.62220187E+02  0.33865527E-23
 0.62411567E+02  0.33787964E-23
 0.62603536E+02  0.33710841E-23
 0.62796096E+02  0.33634156E-23
 0.62989248E+02  0.33557906E-23
 0.63182994E+02  0.33482089E-23
 0.63377336E+02  0.33406702E-23
 0.63572275E+02  0.33331742E-23
 0.63767815E+02  0.33257206E-23
 0.63963955E+02  0.33183093E-23
 0.64160699E+02  0.33109399E-23
 0.64358049E+02  0.33036122E-23
 0.64556005E+02  0.32963259E-23
 0.64754570E+02  0.32890808E-23
 0.64953746E+02  0.32818766E-23
 0.65153534E+02  0.32747130E-23
 0.65353937E+02  0.32675898E-23
 0.65554957E+02  0.32605067E-23
 0.65756594E+02  0.32534635E-23
 0.65958852E+02  0.32464600E-23
 0.66161732E+02  0.32394958E-23
 0.66365237E+02  0.32325707E-23
 0.66569367E+02  0.32256846E-23
 0.66774125E+02  0.32188370E-23
 0.66979512E+02  0.32120278E-23
 0.67185532E+02  0.32052568E-23
 0.67392185E+02  0.31985236E-23
 0.67599474E+02  0.31918281E-23
 0.67807400E+02  0.31851700E-23
 0.68015966E+02  0.31785490E-23
 0.68225173E+02  0.31719649E-23
 0.68435024E+02  0.31654175E-23
 0.68645521E+02  0.31589066E-23
 0.68856665E+02  0.31524318E-23
 0.69068458E+02  0.31459930E-23
 0.69280903E+02  0.31395899E-23
 0.69494001E+02  0.31332223E-23
 0.69707755E+02  0.31268899E-23
 0.69922166E+02  0.31205925E-23
 0.70137236E+02  0.31143300E-23
 0.70352969E+02  0.31081019E-23
 0.70569364E+02  0.31019082E-23
 0.70786426E+02  0.30957485E-23
 0.71004155E+02  0.30896228E-23
 0.71222553E+02  0.30835306E-23
 0.71441624E+02  0.30774719E-23
 0.71661368E+02  0.30714463E-23
 0.71881788E+02  0.30654537E-23
 0.72102886E+02  0.30594938E-23
 0.72324665E+02  0.30535664E-23
 0.72547125E+02  0.30476712E-23
 0.72770270E+02  0.30418082E-23
 0.72994101E+02  0.30359770E-23
 0.73218620E+02  0.30301774E-23
 0.73443830E+02  0.30244092E-23
 0.73669733E+02  0.30186722E-23
 0.73896331E+02  0.30129662E-23
 0.74123625E+02  0.30072910E-23
 0.74351619E+02  0.30016462E-23
 0.74580314E+02  0.29960319E-23
 0.74809713E+02  0.29904476E-23
 0.75039817E+02  0.29848933E-23
 0.75270628E+02  0.29793686E-23
 0.75502150E+02  0.29738735E-23
 0.75734384E+02  0.29684076E-23
 0.75967332E+02  0.29629709E-23
 0.76200997E+02  0.29575630E-23
 0.76435380E+02  0.29521837E-23
 0.76670485E+02  0.29468330E-23
 0.76906312E+02  0.29415105E-23
 0.77142865E+02  0.29362161E-23
 0.77380146E+02  0.29309495E-23
 0.77618156E+02  0.29257107E-23
 0.77856898E+02  0.29204993E-23
 0.78096375E+02  0.29153152E-23
 0.78336589E+02  0.29101581E-23
 0.78577541E+02  0.29050280E-23
 0.78819234E+02  0.28999245E-23
 0.79061671E+02  0.28948476E-23
 0.79304853E+02  0.28897970E-23
 0.79548784E+02  0.28847725E-23
 0.79793465E+02  0.28797739E-23
 0.80038898E+02  0.28748011E-23
 0.80285086E+02  0.28698539E-23
 0.80532032E+02  0.28649320E-23
 0.80779737E+02  0.28600353E-23
 0.81028204E+02  0.28551637E-23
 0.81277435E+02  0.28503169E-23
 0.81527433E+02  0.28454947E-23
 0.81778200E+02  0.28406970E-23
 0.82029738E+02  0.28359236E-23
 0.82282050E+02  0.28311743E-23
 0.82535138E+02  0.28264490E-23
 0.82789004E+02  0.28217475E-23
 0.83043651E+02  0.28170695E-23
 0.83299082E+02  0.28124149E-23
 0.83555298E+02  0.28077837E-23
 0.83812302E+02  0.28031754E-23
 0.84070097E+02  0.27985902E-23
 0.84328684E+02  0.27940276E-23
 0.84588067E+02  0.27894876E-23
 0.84848248E+02  0.27849701E-23
 0.85109230E+02  0.27804748E-23
 0.85371013E+02  0.27760016E-23
 0.85633603E+02  0.27715503E-23
 0.85896999E+02  0.27671208E-23
 0.86161206E+02  0.27627129E-23
 0.86426226E+02  0.27583264E-23
 0.86692061E+02  0.27539612E-23
 0.86958713E+02  0.27496172E-23
 0.87226186E+02  0.27452941E-23
 0.87494481E+02  0.27409918E-23
 0.87763602E+02  0.27367103E-23
 0.88033550E+02  0.27324492E-23
 0.88304329E+02  0.27282085E-23
 0.88575940E+02  0.27239881E-23
 0.88848387E+02  0.27197877E-23
 0.89121672E+02  0.27156072E-23
 0.89395798E+02  0.27114465E-23
 0.89670767E+02  0.27073054E-23
 0.89946581E+02  0.27031839E-23
 0.90223244E+02  0.26990816E-23
 0.90500758E+02  0.26949986E-23
 0.90779126E+02  0.26909347E-23
 0.91058349E+02  0.26868896E-23
 0.91338432E+02  0.26828634E-23
 0.91619376E+02  0.26788558E-23
 0.91901184E+02  0.26748667E-23
 0.92183859E+02  0.26708960E-23
 0.92467404E+02  0.26669436E-23
 0.92751820E+02  0.26630092E-23
 0.93037112E+02  0.26590929E-23
 0.93323280E+02  0.26551944E-23
 0.93610330E+02  0.26513136E-23
 0.93898262E+02  0.26474504E-23
 0.94187079E+02  0.26436046E-23
 0.94476786E+02  0.26397762E-23
 0.94767383E+02  0.26359651E-23
 0.95058874E+02  0.26321710E-23
 0.95351261E+02  0.26283938E-23
 0.95644548E+02  0.26246335E-23
 0.95938737E+02  0.26208900E-23
 0.96233831E+02  0.26171630E-23
 0.96529833E+02  0.26134525E-23
 0.96826745E+02  0.26097584E-23
 0.97124570E+02  0.26060805E-23
 0.97423312E+02  0.26024187E-23
 0.97722972E+02  0.25987730E-23
 0.98023554E+02  0.25951432E-23
 0.98325060E+02  0.25915291E-23
 0.98627494E+02  0.25879308E-23
 0.98930858E+02  0.25843480E-23
 0.99235156E+02  0.25807806E-23
 0.99540389E+02  0.25772286E-23
 0.99846561E+02  0.25736918E-23
 0.10015367E+03  0.25701702E-23
 0.10046173E+03  0.25666636E-23
 0.10077074E+03  0.25631719E-23
 0.10108070E+03  0.25596950E-23
 0.10139161E+03  0.25562328E-23
 0.10170347E+03  0.25527852E-23
 0.10201630E+03  0.25493522E-23
 0.10233008E+03  0.25459335E-23
 0.10264484E+03  0.25425292E-23
 0.10296056E+03  0.25391390E-23
 0.10327725E+03  0.25357630E-23
 0.10359492E+03  0.25324010E-23
 0.10391356E+03  0.25290528E-23
 0.10423318E+03  0.25257186E-23
 0.10455379E+03  0.25223980E-23
 0.10487538E+03  0.25190911E-23
 0.10519796E+03  0.25157977E-23
 0.10552154E+03  0.25125177E-23
 0.10584611E+03  0.25092511E-23
 0.10617168E+03  0.25059978E-23
 0.10649824E+03  0.25027577E-23
 0.10682582E+03  0.24995306E-23
 0.10715440E+03  0.24963166E-23
 0.10748399E+03  0.24931154E-23
 0.10781460E+03  0.24899271E-23
 0.10814622E+03  0.24867515E-23
 0.10847886E+03  0.24835886E-23
 0.10881253E+03  0.24804383E-23
 0.10914722E+03  0.24773005E-23
 0.10948294E+03  0.24741750E-23
 0.10981969E+03  0.24710619E-23
 0.11015748E+03  0.24679611E-23
 0.11049631E+03  0.24648724E-23
 0.11083618E+03  0.24617958E-23
 0.11117710E+03  0.24587312E-23
 0.11151906E+03  0.24556786E-23
 0.11186208E+03  0.24526378E-23
 0.11220615E+03  0.24496088E-23
 0.11255128E+03  0.24465915E-23
 0.11289747E+03  0.24435859E-23
 0.11324473E+03  0.24405918E-23
 0.11359306E+03  0.24376092E-23
 0.11394245E+03  0.24346380E-23
 0.11429292E+03  0.24316781E-23
 0.11464447E+03  0.24287295E-23
 0.11499710E+03  0.24257922E-23
 0.11535082E+03  0.24228659E-23
 0.11570562E+03  0.24199507E-23
 0.11606151E+03  0.24170466E-23
 0.11641850E+03  0.24141533E-23
 0.11677659E+03  0.24112709E-23
 0.11713578E+03  0.24083993E-23
 0.11749607E+03  0.24055384E-23
 0.11785747E+03  0.24026882E-23
 0.11821998E+03  0.23998486E-23
 0.11858361E+03  0.23970196E-23
 0.11894836E+03  0.23942010E-23
 0.11931423E+03  0.23913928E-23
 0.11968122E+03  0.23885950E-23
 0.12004934E+03  0.23858074E-23
 0.12041860E+03  0.23830301E-23
 0.12078899E+03  0.23802630E-23
 0.12116052E+03  0.23775059E-23
 0.12153319E+03  0.23747589E-23
 0.12190701E+03  0.23720220E-23
 0.12228198E+03  0.23692949E-23
 0.12265810E+03  0.23665777E-23
 0.12303538E+03  0.23638704E-23
 0.12341382E+03  0.23611728E-23
 0.12379342E+03  0.23584849E-23
 0.12417419E+03  0.23558067E-23
 0.12455613E+03  0.23531380E-23
 0.12493925E+03  0.23504790E-23
 0.12532355E+03  0.23478294E-23
 0.12570902E+03  0.23451893E-23
 0.12609569E+03  0.23425585E-23
 0.12648354E+03  0.23399371E-23
 0.12687259E+03  0.23373250E-23
 0.12726283E+03  0.23347221E-23
 0.12765427E+03  0.23321284E-23
 0.12804692E+03  0.23295438E-23
 0.12844077E+03  0.23269684E-23
 0.12883584E+03  0.23244019E-23
 0.12923212E+03  0.23218445E-23
 0.12962962E+03  0.23192960E-23
 0.13002834E+03  0.23167564E-23
 0.13042829E+03  0.23142256E-23
 0.13082947E+03  0.23117037E-23
 0.13123188E+03  0.23091905E-23
 0.13163553E+03  0.23066860E-23
 0.13204042E+03  0.23041902E-23
 0.13244656E+03  0.23017030E-23
 0.13285395E+03  0.22992244E-23
 0.13326259E+03  0.22967544E-23
 0.13367248E+03  0.22942928E-23
 0.13408364E+03  0.22918397E-23
 0.13449606E+03  0.22893950E-23
 0.13490975E+03  0.22869586E-23
 0.13532472E+03  0.22845306E-23
 0.13574096E+03  0.22821108E-23
 0.13615848E+03  0.22796994E-23
 0.13657728E+03  0.22772961E-23
 0.13699737E+03  0.22749009E-23
 0.13741876E+03  0.22725139E-23
 0.13784144E+03  0.22701350E-23
 0.13826542E+03  0.22677641E-23
 0.13869070E+03  0.22654013E-23
 0.13911730E+03  0.22630464E-23
 0.13954520E+03  0.22606994E-23
 0.13997442E+03  0.22583604E-23
 0.14040496E+03  0.22560292E-23
 0.14083683E+03  0.22537058E-23
 0.14127002E+03  0.22513902E-23
 0.14170455E+03  0.22490824E-23
 0.14214041E+03  0.22467823E-23
 0.14257762E+03  0.22444898E-23
 0.14301617E+03  0.22422051E-23
 0.14345606E+03  0.22399279E-23
 0.14389731E+03  0.22376583E-23
 0.14433992E+03  0.22353962E-23
 0.14478389E+03  0.22331417E-23
 0.14522922E+03  0.22308947E-23
 0.14567593E+03  0.22286550E-23
 0.14612401E+03  0.22264229E-23
 0.14657346E+03  0.22241980E-23
 0.14702430E+03  0.22219806E-23
 0.14747653E+03  0.22197704E-23
 0.14793015E+03  0.22175676E-23
 0.14838516E+03  0.22153720E-23
 0.14884157E+03  0.22131837E-23
 0.14929939E+03  0.22110025E-23
 0.14975861E+03  0.22088285E-23
 0.15021925E+03  0.22066617E-23
 0.15068130E+03  0.22045019E-23
 0.15114477E+03  0.22023493E-23
 0.15160967E+03  0.22002036E-23
 0.15207600E+03  0.21980651E-23
 0.15254377E+03  0.21959335E-23
 0.15301297E+03  0.21938089E-23
 0.15348362E+03  0.21916912E-23
 0.15395571E+03  0.21895804E-23
 0.15442926E+03  0.21874766E-23
 0.15490426E+03  0.21853795E-23
 0.15538072E+03  0.21832894E-23
 0.15585865E+03  0.21812060E-23
 0.15633805E+03  0.21791294E-23
 0.15681892E+03  0.21770596E-23
 0.15730128E+03  0.21749965E-23
 0.15778511E+03  0.21729401E-23
 0.15827044E+03  0.21708904E-23
 0.15875725E+03  0.21688473E-23
 0.15924557E+03  0.21668109E-23
 0.15973539E+03  0.21647811E-23
 0.16022671E+03  0.21627579E-23
 0.16071954E+03  0.21607412E-23
 0.16121389E+03  0.21587311E-23
 0.16170976E+03  0.21567275E-23
 0.16220716E+03  0.21547304E-23
 0.16270609E+03  0.21527397E-23
 0.16320655E+03  0.21507555E-23
 0.16370855E+03  0.21487777E-23
 0.16421209E+03  0.21468063E-23
 0.16471719E+03  0.21448413E-23
 0.16522383E+03  0.21428827E-23
 0.16573204E+03  0.21409304E-23
 0.16624181E+03  0.21389844E-23
 0.16675314E+03  0.21370447E-23
 0.16726605E+03  0.21351113E-23
 0.16778054E+03  0.21331841E-23
 0.16829661E+03  0.21312632E-23
 0.16881426E+03  0.21293485E-23
 0.16933351E+03  0.21274400E-23
 0.16985436E+03  0.21255376E-23
 0.17037681E+03  0.21236414E-23
 0.17090086E+03  0.21217514E-23
 0.17142653E+03  0.21198674E-23
 0.17195381E+03  0.21179896E-23
 0.17248272E+03  0.21161178E-23
 0.17301325E+03  0.21142521E-23
 0.17354541E+03  0.21123924E-23
 0.17407921E+03  0.21105388E-23
 0.17461466E+03  0.21086912E-23
 0.17515175E+03  0.21068495E-23
 0.17569049E+03  0.21050138E-23
 0.17623089E+03  0.21031841E-23
 0.17677295E+03  0.21013603E-23
 0.17731668E+03  0.20995424E-23
 0.17786208E+03  0.20977304E-23
 0.17840916E+03  0.20959244E-23
 0.17895792E+03  0.20941241E-23
 0.17950837E+03  0.20923298E-23
 0.18006051E+03  0.20905412E-23
 0.18061435E+03  0.20887585E-23
 0.18116989E+03  0.20869816E-23
 0.18172715E+03  0.20852104E-23
 0.18228611E+03  0.20834451E-23
 0.18284680E+03  0.20816855E-23
 0.18340921E+03  0.20799316E-23
 0.18397335E+03  0.20781835E-23
 0.18453923E+03  0.20764411E-23
 0.18510684E+03  0.20747043E-23
 0.18567621E+03  0.20729733E-23
 0.18624732E+03  0.20712479E-23
 0.18682019E+03  0.20695282E-23
 0.18739482E+03  0.20678141E-23
 0.18797122E+03  0.20661056E-23
 0.18854939E+03  0.20644028E-23
 0.18912935E+03  0.20627055E-23
 0.18971108E+03  0.20610138E-23
 0.19029460E+03  0.20593277E-23
 0.19087992E+03  0.20576472E-23
 0.19146704E+03  0.20559722E-23
 0.19205597E+03  0.20543027E-23
 0.19264671E+03  0.20526387E-23
 0.19323926E+03  0.20509803E-23
 0.19383364E+03  0.20493273E-23
 0.19442984E+03  0.20476798E-23
 0.19502788E+03  0.20460378E-23
 0.19562776E+03  0.20444012E-23
 0.19622948E+03  0.20427701E-23
 0.19683305E+03  0.20411444E-23
 0.19743849E+03  0.20395242E-23
 0.19804578E+03  0.20379093E-23
 0.19865494E+03  0.20362998E-23
 0.19926597E+03  0.20346958E-23
 0.19987889E+03  0.20330971E-23
 0.20049369E+03  0.20315037E-23
 0.20111038E+03  0.20299157E-23
 0.20172896E+03  0.20283331E-23
 0.20234945E+03  0.20267558E-23
 0.20297185E+03  0.20251838E-23
 0.20359616E+03  0.20236171E-23
 0.20422240E+03  0.20220557E-23
 0.20485056E+03  0.20204996E-23
 0.20548065E+03  0.20189487E-23
 0.20611268E+03  0.20174032E-23
 0.20674665E+03  0.20158629E-23
 0.20738257E+03  0.20143278E-23
 0.20802045E+03  0.20127980E-23
 0.20866029E+03  0.20112734E-23
 0.20930210E+03  0.20097541E-23
 0.20994589E+03  0.20082399E-23
 0.21059165E+03  0.20067310E-23
 0.21123940E+03  0.20052272E-23
 0.21188914E+03  0.20037286E-23
 0.21254088E+03  0.20022352E-23
 0.21319463E+03  0.20007470E-23
 0.21385039E+03  0.19992639E-23
 0.21450816E+03  0.19977860E-23
 0.21516796E+03  0.19963132E-23
 0.21582978E+03  0.19948456E-23
 0.21649364E+03  0.19933830E-23
 0.21715955E+03  0.19919256E-23
 0.21782750E+03  0.19904733E-23
 0.21849750E+03  0.19890261E-23
 0.21916957E+03  0.19875840E-23
 0.21984371E+03  0.19861470E-23
 0.22051991E+03  0.19847150E-23
 0.22119820E+03  0.19832882E-23
 0.22187858E+03  0.19818663E-23
 0.22256104E+03  0.19804496E-23
 0.22324561E+03  0.19790379E-23
 0.22393228E+03  0.19776312E-23
 0.22462107E+03  0.19762296E-23
 0.22531197E+03  0.19748330E-23
 0.22600500E+03  0.19734414E-23
 0.22670016E+03  0.19720548E-23
 0.22739745E+03  0.19706733E-23
 0.22809689E+03  0.19692967E-23
 0.22879849E+03  0.19679252E-23
 0.22950224E+03  0.19665586E-23
 0.23020816E+03  0.19651970E-23
 0.23091624E+03  0.19638404E-23
 0.23162651E+03  0.19624888E-23
 0.23233896E+03  0.19611421E-23
 0.23305360E+03  0.19598004E-23
 0.23377044E+03  0.19584637E-23
 0.23448949E+03  0.19571319E-23
 0.23521074E+03  0.19558050E-23
 0.23593422E+03  0.19544831E-23
 0.23665992E+03  0.19531662E-23
 0.23738785E+03  0.19518541E-23
 0.23811802E+03  0.19505470E-23
 0.23885044E+03  0.19492448E-23
 0.23958511E+03  0.19479475E-23
 0.24032204E+03  0.19466551E-23
 0.24106123E+03  0.19453676E-23
 0.24180270E+03  0.19440851E-23
 0.24254646E+03  0.19428074E-23
 0.24329249E+03  0.19415346E-23
 0.24404083E+03  0.19402667E-23
 0.24479146E+03  0.19390037E-23
 0.24554441E+03  0.19377456E-23
 0.24629967E+03  0.19364924E-23
 0.24705725E+03  0.19352440E-23
 0.24781716E+03  0.19340005E-23
 0.24857941E+03  0.19327619E-23
 0.24934401E+03  0.19315281E-23
 0.25011095E+03  0.19302992E-23
 0.25088026E+03  0.19290751E-23
 0.25165193E+03  0.19278559E-23
 0.25242598E+03  0.19266415E-23
 0.25320240E+03  0.19254320E-23
 0.25398122E+03  0.19242274E-23
 0.25476243E+03  0.19230275E-23
 0.25554604E+03  0.19218326E-23
 0.25633206E+03  0.19206424E-23
 0.25712050E+03  0.19194571E-23
 0.25791137E+03  0.19182766E-23
 0.25870467E+03  0.19171009E-23
 0.25950041E+03  0.19159301E-23
 0.26029859E+03  0.19147641E-23
 0.26109924E+03  0.19136029E-23
 0.26190234E+03  0.19124465E-23
 0.26270792E+03  0.19112950E-23
 0.26351597E+03  0.19101482E-23
 0.26432650E+03  0.19090063E-23
 0.26513954E+03  0.19078692E-23
 0.26595507E+03  0.19067369E-23
 0.26677311E+03  0.19056094E-23
 0.26759366E+03  0.19044867E-23
 0.26841674E+03  0.19033688E-23
 0.26924236E+03  0.19022558E-23
 0.27007051E+03  0.19011475E-23
 0.27090121E+03  0.19000440E-23
 0.27173446E+03  0.18989454E-23
 0.27257028E+03  0.18978515E-23
 0.27340866E+03  0.18967624E-23
 0.27424963E+03  0.18956782E-23
 0.27509318E+03  0.18945987E-23
 0.27593933E+03  0.18935241E-23
 0.27678808E+03  0.18924542E-23
 0.27763944E+03  0.18913891E-23
 0.27849342E+03  0.18903289E-23
 0.27935003E+03  0.18892734E-23
 0.28020927E+03  0.18882227E-23
 0.28107115E+03  0.18871768E-23
 0.28193569E+03  0.18861358E-23
 0.28280288E+03  0.18850995E-23
 0.28367274E+03  0.18840680E-23
 0.28454528E+03  0.18830413E-23
 0.28542050E+03  0.18820195E-23
 0.28629841E+03  0.18810024E-23
 0.28717903E+03  0.18799901E-23
 0.28806235E+03  0.18789826E-23
 0.28894839E+03  0.18779800E-23
 0.28983715E+03  0.18769821E-23
 0.29072865E+03  0.18759890E-23
 0.29162289E+03  0.18750008E-23
 0.29251988E+03  0.18740173E-23
 0.29341963E+03  0.18730387E-23
 0.29432215E+03  0.18720649E-23
 0.29522744E+03  0.18710958E-23
 0.29613552E+03  0.18701316E-23
 0.29704639E+03  0.18691722E-23
 0.29796006E+03  0.18682177E-23
 0.29887654E+03  0.18672679E-23
 0.29979584E+03  0.18663230E-23
 0.30071797E+03  0.18653829E-23
 0.30164294E+03  0.18644476E-23
 0.30257075E+03  0.18635171E-23
 0.30350142E+03  0.18625915E-23
 0.30443494E+03  0.18616707E-23
 0.30537134E+03  0.18607547E-23
 0.30631062E+03  0.18598436E-23
 0.30725279E+03  0.18589373E-23
 0.30819785E+03  0.18580358E-23
 0.30914583E+03  0.18571392E-23
 0.31009672E+03  0.18562475E-23
 0.31105053E+03  0.18553606E-23
 0.31200728E+03  0.18544785E-23
 0.31296697E+03  0.18536013E-23
 0.31392961E+03  0.18527290E-23
 0.31489521E+03  0.18518615E-23
 0.31586378E+03  0.18509989E-23
 0.31683534E+03  0.18501412E-23
 0.31780988E+03  0.18492883E-23
 0.31878741E+03  0.18484403E-23
 0.31976796E+03  0.18475972E-23
 0.32075152E+03  0.18467590E-23
 0.32173811E+03  0.18459257E-23
 0.32272773E+03  0.18450973E-23
 0.32372039E+03  0.18442738E-23
 0.32471611E+03  0.18434551E-23
 0.32571489E+03  0.18426414E-23
 0.32671674E+03  0.18418326E-23
 0.32772168E+03  0.18410287E-23
 0.32872970E+03  0.18402298E-23
 0.32974083E+03  0.18394357E-23
 0.33075506E+03  0.18386466E-23
 0.33177242E+03  0.18378625E-23
 0.33279290E+03  0.18370832E-23
 0.33381653E+03  0.18363090E-23
 0.33484330E+03  0.18355396E-23
 0.33587323E+03  0.18347753E-23
 0.33690633E+03  0.18340159E-23
 0.33794261E+03  0.18332614E-23
 0.33898207E+03  0.18325120E-23
 0.34002473E+03  0.18317675E-23
 0.34107060E+03  0.18310280E-23
 0.34211968E+03  0.18302935E-23
 0.34317199E+03  0.18295640E-23
 0.34422754E+03  0.18288395E-23
 0.34528634E+03  0.18281200E-23
 0.34634839E+03  0.18274055E-23
 0.34741371E+03  0.18266960E-23
 0.34848230E+03  0.18259916E-23
 0.34955418E+03  0.18252922E-23
 0.35062936E+03  0.18245979E-23
 0.35170785E+03  0.18239086E-23
 0.35278965E+03  0.18232243E-23
 0.35387478E+03  0.18225452E-23
 0.35496325E+03  0.18218711E-23
 0.35605507E+03  0.18212020E-23
 0.35715024E+03  0.18205381E-23
 0.35824879E+03  0.18198792E-23
 0.35935071E+03  0.18192255E-23
 0.36045602E+03  0.18185769E-23
 0.36156473E+03  0.18179333E-23
 0.36267685E+03  0.18172950E-23
 0.36379240E+03  0.18166617E-23
 0.36491137E+03  0.18160336E-23
 0.36603379E+03  0.18154106E-23
 0.36715965E+03  0.18147928E-23
 0.36828898E+03  0.18141801E-23
 0.36942179E+03  0.18135727E-23
 0.37055808E+03  0.18129704E-23
 0.37169786E+03  0.18123733E-23
 0.37284115E+03  0.18117814E-23
 0.37398796E+03  0.18111947E-23
 0.37513829E+03  0.18106132E-23
 0.37629216E+03  0.18100370E-23
 0.37744959E+03  0.18094660E-23
 0.37861057E+03  0.18089002E-23
 0.37977512E+03  0.18083397E-23
 0.38094325E+03  0.18077845E-23
 0.38211498E+03  0.18072345E-23
 0.38329031E+03  0.18066898E-23
 0.38446926E+03  0.18061505E-23
 0.38565183E+03  0.18056164E-23
 0.38683804E+03  0.18050876E-23
 0.38802790E+03  0.18045642E-23
 0.38922142E+03  0.18040461E-23
 0.39041861E+03  0.18035334E-23
 0.39161948E+03  0.18030260E-23
 0.39282405E+03  0.18025240E-23
 0.39403232E+03  0.18020274E-23
 0.39524431E+03  0.18015362E-23
 0.39646002E+03  0.18010503E-23
 0.39767948E+03  0.18005699E-23
 0.39890268E+03  0.18000949E-23
 0.40012965E+03  0.17996254E-23
 0.40136039E+03  0.17991613E-23
 0.40259492E+03  0.17987027E-23
 0.40383324E+03  0.17982495E-23
 0.40507538E+03  0.17978019E-23
 0.40632133E+03  0.17973597E-23
 0.40757112E+03  0.17969231E-23
 0.40882475E+03  0.17964920E-23
 0.41008224E+03  0.17960665E-23
 0.41134359E+03  0.17956465E-23
 0.41260883E+03  0.17952320E-23
 0.41387795E+03  0.17948232E-23
 0.41515098E+03  0.17944200E-23
 0.41642793E+03  0.17940224E-23
 0.41770880E+03  0.17936304E-23
 0.41899361E+03  0.17932440E-23
 0.42028238E+03  0.17928634E-23
 0.42157511E+03  0.17924884E-23
 0.42287181E+03  0.17921191E-23
 0.42417251E+03  0.17917555E-23
 0.42547720E+03  0.17913977E-23
 0.42678591E+03  0.17910456E-23
 0.42809864E+03  0.17906993E-23
 0.42941541E+03  0.17903588E-23
 0.43073623E+03  0.17900241E-23
 0.43206111E+03  0.17896952E-23
 0.43339007E+03  0.17893723E-23
 0.43472312E+03  0.17890551E-23
 0.43606027E+03  0.17887440E-23
 0.43740153E+03  0.17884387E-23
 0.43874691E+03  0.17881394E-23
 0.44009643E+03  0.17878461E-23
 0.44145011E+03  0.17875589E-23
 0.44280795E+03  0.17872777E-23
 0.44416996E+03  0.17870026E-23
 0.44553616E+03  0.17867337E-23
 0.44690657E+03  0.17864710E-23
 0.44828119E+03  0.17862145E-23
 0.44966004E+03  0.17859644E-23
 0.45104313E+03  0.17857206E-23
 0.45243047E+03  0.17854833E-23
 0.45382209E+03  0.17852525E-23
 0.45521798E+03  0.17850283E-23
 0.45661816E+03  0.17848108E-23
 0.45802266E+03  0.17846003E-23
 0.45943147E+03  0.17843967E-23
 0.46084462E+03  0.17842003E-23
 0.46226211E+03  0.17840113E-23
 0.46368396E+03  0.17838300E-23
 0.46511019E+03  0.17836566E-23
 0.46654080E+03  0.17834916E-23
 0.46797581E+03  0.17833355E-23
 0.46941524E+03  0.17831888E-23
 0.47085910E+03  0.17830523E-23
 0.47230739E+03  0.17829272E-23
 0.47376014E+03  0.17828146E-23
 0.47521736E+03  0.17827166E-23
 0.47667906E+03  0.17826357E-23
 0.47814526E+03  0.17825754E-23
 0.47961597E+03  0.17825412E-23
 0.48109120E+03  0.17825408E-23
 0.48257096E+03  0.17825867E-23
 0.48405528E+03  0.17826992E-23
 0.48554417E+03  0.17829129E-23
 0.48703763E+03  0.17832923E-23
 0.48853569E+03  0.17839673E-23
 0.49003836E+03  0.17852346E-23
 0.49154565E+03  0.17879000E-23
 0.49305757E+03  0.17948508E-23
 0.49457415E+03  0.18236115E-23
 0.49609539E+03  0.24849641E-23
 0.49762131E+03  0.19147959E-23
 0.49915192E+03  0.18043398E-23
 0.50068724E+03  0.17900768E-23
 0.50222728E+03  0.17856618E-23
 0.50377206E+03  0.17837428E-23
 0.50532159E+03  0.17827406E-23
 0.50687589E+03  0.17821548E-23
 0.50843497E+03  0.17817865E-23
 0.50999884E+03  0.17815443E-23
 0.51156753E+03  0.17813814E-23
 0.51314103E+03  0.17812718E-23
 0.51471938E+03  0.17812001E-23
 0.51630259E+03  0.17811568E-23
 0.51789066E+03  0.17811359E-23
 0.51948362E+03  0.17811331E-23
 0.52108148E+03  0.17811457E-23
 0.52268425E+03  0.17811717E-23
 0.52429195E+03  0.17812096E-23
 0.52590460E+03  0.17812583E-23
 0.52752221E+03  0.17813171E-23
 0.52914479E+03  0.17813854E-23
 0.53077236E+03  0.17814627E-23
 0.53240495E+03  0.17815487E-23
 0.53404255E+03  0.17816431E-23
 0.53568519E+03  0.17817457E-23
 0.53733288E+03  0.17818563E-23
 0.53898564E+03  0.17819748E-23
 0.54064348E+03  0.17821010E-23
 0.54230642E+03  0.17822350E-23
 0.54397448E+03  0.17823766E-23
 0.54564767E+03  0.17825258E-23
 0.54732600E+03  0.17826825E-23
 0.54900950E+03  0.17828468E-23
 0.55069818E+03  0.17830185E-23
 0.55239205E+03  0.17831978E-23
 0.55409112E+03  0.17833845E-23
 0.55579543E+03  0.17835787E-23
 0.55750498E+03  0.17837803E-23
 0.55921978E+03  0.17839894E-23
 0.56093986E+03  0.17842060E-23
 0.56266524E+03  0.17844301E-23
 0.56439591E+03  0.17846616E-23
 0.56613192E+03  0.17849007E-23
 0.56787326E+03  0.17851473E-23
 0.56961995E+03  0.17854014E-23
 0.57137202E+03  0.17856631E-23
 0.57312948E+03  0.17859323E-23
 0.57489235E+03  0.17862091E-23
 0.57666064E+03  0.17864935E-23
 0.57843436E+03  0.17867856E-23
 0.58021354E+03  0.17870853E-23
 0.58199820E+03  0.17873926E-23
 0.58378834E+03  0.17877076E-23
 0.58558399E+03  0.17880303E-23
 0.58738517E+03  0.17883608E-23
 0.58919188E+03  0.17886990E-23
 0.59100415E+03  0.17890450E-23
 0.59282199E+03  0.17893987E-23
 0.59464543E+03  0.17897603E-23
 0.59647448E+03  0.17901298E-23
 0.59830915E+03  0.17905071E-23
 0.60014946E+03  0.17908923E-23
 0.60199543E+03  0.17912854E-23
 0.60384709E+03  0.17916865E-23
 0.60570443E+03  0.17920955E-23
 0.60756750E+03  0.17925126E-23
 0.60943629E+03  0.17929376E-23
 0.61131083E+03  0.17933707E-23
 0.61319113E+03  0.17938119E-23
 0.61507722E+03  0.17942612E-23
 0.61696911E+03  0.17947186E-23
 0.61886682E+03  0.17951841E-23
 0.62077037E+03  0.17956579E-23
 0.62267977E+03  0.17961398E-23
 0.62459504E+03  0.17966300E-23
 0.62651621E+03  0.17971285E-23
 0.62844328E+03  0.17976352E-23
 0.63037629E+03  0.17981503E-23
 0.63231523E+03  0.17986737E-23
 0.63426014E+03  0.17992055E-23
 0.63621104E+03  0.17997457E-23
 0.63816793E+03  0.18002943E-23
 0.64013085E+03  0.18008514E-23
 0.64209980E+03  0.18014170E-23
 0.64407481E+03  0.18019911E-23
 0.64605589E+03  0.18025738E-23
 0.64804307E+03  0.18031650E-23
 0.65003635E+03  0.18037649E-23
 0.65203577E+03  0.18043734E-23
 0.65404134E+03  0.18049905E-23
 0.65605308E+03  0.18056164E-23
 0.65807101E+03  0.18062510E-23
 0.66009514E+03  0.18068943E-23
 0.66212550E+03  0.18075465E-23
 0.66416210E+03  0.18082074E-23
 0.66620497E+03  0.18088772E-23
 0.66825412E+03  0.18095559E-23
 0.67030958E+03  0.18102435E-23
 0.67237136E+03  0.18109401E-23
 0.67443947E+03  0.18116456E-23
 0.67651395E+03  0.18123601E-23
 0.67859481E+03  0.18130837E-23
 0.68068208E+03  0.18138163E-23
 0.68277576E+03  0.18145581E-23
 0.68487588E+03  0.18153090E-23
 0.68698246E+03  0.18160690E-23
 0.68909552E+03  0.18168382E-23
 0.69121508E+03  0.18176167E-23
 0.69334116E+03  0.18184044E-23
 0.69547378E+03  0.18192014E-23
 0.69761296E+03  0.18200078E-23
 0.69975872E+03  0.18208235E-23
 0.70191107E+03  0.18216486E-23
 0.70407005E+03  0.18224831E-23
 0.70623567E+03  0.18233271E-23
 0.70840795E+03  0.18241806E-23
 0.71058691E+03  0.18250436E-23
 0.71277258E+03  0.18259161E-23
 0.71496497E+03  0.18267983E-23
 0.71716410E+03  0.18276901E-23
 0.71936999E+03  0.18285915E-23
 0.72158267E+03  0.18295026E-23
 0.72380216E+03  0.18304235E-23
 0.72602847E+03  0.18313541E-23
 0.72826163E+03  0.18322945E-23
 0.73050166E+03  0.18332448E-23
 0.73274858E+03  0.18342049E-23
 0.73500241E+03  0.18351749E-23
 0.73726317E+03  0.18361549E-23
 0.73953089E+03  0.18371448E-23
 0.74180558E+03  0.18381447E-23
 0.74408727E+03  0.18391547E-23
 0.74637598E+03  0.18401747E-23
 0.74867172E+03  0.18412049E-23
 0.75097453E+03  0.18422452E-23
 0.75328442E+03  0.18432957E-23
 0.75560142E+03  0.18443564E-23
 0.75792554E+03  0.18454274E-23
 0.76025681E+03  0.18465086E-23
 0.76259525E+03  0.18476002E-23
 0.76494089E+03  0.18487022E-23
 0.76729374E+03  0.18498145E-23
 0.76965382E+03  0.18509373E-23
 0.77202117E+03  0.18520705E-23
 0.77439580E+03  0.18532143E-23
 0.77677773E+03  0.18543686E-23
 0.77916699E+03  0.18555335E-23
 0.78156359E+03  0.18567090E-23
 0.78396757E+03  0.18578952E-23
 0.78637895E+03  0.18590921E-23
 0.78879774E+03  0.18602997E-23
 0.79122397E+03  0.18615180E-23
 0.79365766E+03  0.18627472E-23
 0.79609884E+03  0.18639873E-23
 0.79854752E+03  0.18652382E-23
 0.80100374E+03  0.18665000E-23
 0.80346752E+03  0.18677728E-23
 0.80593887E+03  0.18690566E-23
 0.80841782E+03  0.18703514E-23
 0.81090440E+03  0.18716573E-23
 0.81339863E+03  0.18729744E-23
 0.81590052E+03  0.18743026E-23
 0.81841012E+03  0.18756419E-23
 0.82092743E+03  0.18769925E-23
 0.82345249E+03  0.18783544E-23
 0.82598531E+03  0.18797276E-23
 0.82852592E+03  0.18811121E-23
 0.83107435E+03  0.18825081E-23
 0.83363062E+03  0.18839154E-23
 0.83619475E+03  0.18853342E-23
 0.83876676E+03  0.18867646E-23
 0.84134669E+03  0.18882064E-23
 0.84393456E+03  0.18896599E-23
 0.84653038E+03  0.18911250E-23
 0.84913419E+03  0.18926018E-23
 0.85174600E+03  0.18940902E-23
 0.85436585E+03  0.18955905E-23
 0.85699376E+03  0.18971025E-23
 0.85962975E+03  0.18986263E-23
 0.86227385E+03  0.19001620E-23
 0.86492608E+03  0.19017097E-23
 0.86758647E+03  0.19032693E-23
 0.87025504E+03  0.19048409E-23
 0.87293182E+03  0.19064245E-23
 0.87561684E+03  0.19080202E-23
 0.87831011E+03  0.19096280E-23
 0.88101167E+03  0.19112480E-23
 0.88372154E+03  0.19128802E-23
 0.88643974E+03  0.19145246E-23
 0.88916630E+03  0.19161814E-23
 0.89190125E+03  0.19178504E-23
 0.89464461E+03  0.19195319E-23
 0.89739641E+03  0.19212257E-23
 0.90015667E+03  0.19229321E-23
 0.90292543E+03  0.19246509E-23
 0.90570270E+03  0.19263823E-23
 0.90848851E+03  0.19281263E-23
 0.91128289E+03  0.19298829E-23
 0.91408587E+03  0.19316522E-23
 0.91689747E+03  0.19334342E-23
 0.91971771E+03  0.19352291E-23
 0.92254664E+03  0.19370367E-23
 0.92538426E+03  0.19388572E-23
 0.92823061E+03  0.19406907E-23
 0.93108571E+03  0.19425371E-23
 0.93394960E+03  0.19443966E-23
 0.93682230E+03  0.19462692E-23
 0.93970383E+03  0.19481549E-23
 0.94259423E+03  0.19500538E-23
 0.94549351E+03  0.19519660E-23
 0.94840172E+03  0.19538916E-23
 0.95131886E+03  0.19558307E-23
 0.95424499E+03  0.19577834E-23
 0.95718011E+03  0.19597499E-23
 0.96012426E+03  0.19617303E-23
 0.96307746E+03  0.19637251E-23
 0.96603975E+03  0.19657345E-23
 0.96901115E+03  0.19677594E-23
 0.97199169E+03  0.19698009E-23
 0.97498140E+03  0.19718613E-23
 0.97798031E+03  0.19739453E-23
 0.98098844E+03  0.19760640E-23
 0.98400582E+03  0.19782499E-23
 0.98703248E+03  0.19806343E-23
 0.99006845E+03  0.19842990E-23
 0.99311376E+03  0.60574568E-23
 0.99616844E+03  0.19883927E-23
 0.99923251E+03  0.19891308E-23
 0.10023060E+04  0.19910352E-23
 0.10053890E+04  0.19931260E-23
 0.10084814E+04  0.19952808E-23
 0.10115833E+04  0.19974694E-23
 0.10146948E+04  0.19996815E-23
 0.10178159E+04  0.20019126E-23
 0.10209465E+04  0.20041609E-23
 0.10240868E+04  0.20064252E-23
 0.10272368E+04  0.20087051E-23
 0.10303964E+04  0.20110002E-23
 0.10335658E+04  0.20133102E-23
 0.10367449E+04  0.20156352E-23
 0.10399337E+04  0.20179750E-23
 0.10431324E+04  0.20203296E-23
 0.10463410E+04  0.20226990E-23
 0.10495594E+04  0.20250833E-23
 0.10527876E+04  0.20274824E-23
 0.10560259E+04  0.20298964E-23
 0.10592741E+04  0.20323252E-23
 0.10625322E+04  0.20347690E-23
 0.10658004E+04  0.20372278E-23
 0.10690787E+04  0.20397016E-23
 0.10723670E+04  0.20421905E-23
 0.10756655E+04  0.20446945E-23
 0.10789741E+04  0.20472136E-23
 0.10822928E+04  0.20497479E-23
 0.10856218E+04  0.20522974E-23
 0.10889610E+04  0.20548622E-23
 0.10923105E+04  0.20574424E-23
 0.10956703E+04  0.20600379E-23
 0.10990404E+04  0.20626488E-23
 0.11024209E+04  0.20652753E-23
 0.11058118E+04  0.20679172E-23
 0.11092131E+04  0.20705747E-23
 0.11126249E+04  0.20732478E-23
 0.11160472E+04  0.20759366E-23
 0.11194800E+04  0.20786410E-23
 0.11229234E+04  0.20813613E-23
 0.11263773E+04  0.20840973E-23
 0.11298419E+04  0.20868492E-23
 0.11333171E+04  0.20896170E-23
 0.11368030E+04  0.20924008E-23
 0.11402997E+04  0.20952006E-23
 0.11438071E+04  0.20980164E-23
 0.11473253E+04  0.21008483E-23
 0.11508543E+04  0.21036964E-23
 0.11543942E+04  0.21065607E-23
 0.11579449E+04  0.21094412E-23
 0.11615066E+04  0.21123381E-23
 0.11650792E+04  0.21152513E-23
 0.11686628E+04  0.21181809E-23
 0.11722575E+04  0.21211269E-23
 0.11758632E+04  0.21240895E-23
 0.11794800E+04  0.21270686E-23
 0.11831079E+04  0.21300643E-23
 0.11867469E+04  0.21330767E-23
 0.11903972E+04  0.21361058E-23
 0.11940587E+04  0.21391516E-23
 0.11977314E+04  0.21422143E-23
 0.12014155E+04  0.21452938E-23
 0.12051109E+04  0.21483902E-23
 0.12088176E+04  0.21515036E-23
 0.12125358E+04  0.21546340E-23
 0.12162654E+04  0.21577815E-23
 0.12200064E+04  0.21609461E-23
 0.12237590E+04  0.21641278E-23
 0.12275231E+04  0.21673268E-23
 0.12312988E+04  0.21705430E-23
 0.12350861E+04  0.21737766E-23
 0.12388850E+04  0.21770276E-23
 0.12426957E+04  0.21802960E-23
 0.12465180E+04  0.21835818E-23
 0.12503521E+04  0.21868852E-23
 0.12541981E+04  0.21902062E-23
 0.12580558E+04  0.21935448E-23
 0.12619254E+04  0.21969012E-23
 0.12658069E+04  0.22002752E-23
 0.12697003E+04  0.22036671E-23
 0.12736058E+04  0.22070768E-23
 0.12775232E+04  0.22105044E-23
 0.12814527E+04  0.22139500E-23
 0.12853942E+04  0.22174136E-23
 0.12893479E+04  0.22208952E-23
 0.12933138E+04  0.22243950E-23
 0.12972918E+04  0.22279129E-23
 0.13012821E+04  0.22314491E-23
 0.13052847E+04  0.22350035E-23
 0.13092995E+04  0.22385762E-23
 0.13133268E+04  0.22421674E-23
 0.13173664E+04  0.22457770E-23
 0.13214184E+04  0.22494051E-23
 0.13254829E+04  0.22530517E-23
 0.13295599E+04  0.22567169E-23
 0.13336494E+04  0.22604008E-23
 0.13377515E+04  0.22641034E-23
 0.13418663E+04  0.22678248E-23
 0.13459937E+04  0.22715649E-23
 0.13501337E+04  0.22753240E-23
 0.13542866E+04  0.22791020E-23
 0.13584522E+04  0.22828989E-23
 0.13626306E+04  0.22867149E-23
 0.13668218E+04  0.22905500E-23
 0.13710260E+04  0.22944043E-23
 0.13752431E+04  0.22982778E-23
 0.13794731E+04  0.23021705E-23
 0.13837162E+04  0.23060825E-23
 0.13879723E+04  0.23100139E-23
 0.13922415E+04  0.23139648E-23
 0.13965238E+04  0.23179351E-23
 0.14008193E+04  0.23219250E-23
 0.14051281E+04  0.23259345E-23
 0.14094500E+04  0.23299636E-23
 0.14137853E+04  0.23340125E-23
 0.14181339E+04  0.23380811E-23
 0.14224959E+04  0.23421696E-23
 0.14268713E+04  0.23462779E-23
 0.14312601E+04  0.23504063E-23
 0.14356625E+04  0.23545547E-23
 0.14400784E+04  0.23587232E-23
 0.14445079E+04  0.23629119E-23
 0.14489510E+04  0.23671208E-23
 0.14534077E+04  0.23713503E-23
 0.14578782E+04  0.23756003E-23
 0.14623624E+04  0.23798712E-23
 0.14668604E+04  0.23841635E-23
 0.14713723E+04  0.23884786E-23
 0.14758980E+04  0.23928198E-23
 0.14804377E+04  0.23972011E-23
 0.14849913E+04  0.24017330E-23
 0.14895589E+04  0.61500046E-23
 0.14941406E+04  0.24105374E-23
 0.14987364E+04  0.24148101E-23
 0.15033463E+04  0.24192354E-23
 0.15079703E+04  0.24237010E-23
 0.15126086E+04  0.24281930E-23
 0.15172612E+04  0.24327082E-23
 0.15219281E+04  0.24372455E-23
 0.15266093E+04  0.24418045E-23
 0.15313050E+04  0.24463851E-23
 0.15360150E+04  0.24509870E-23
 0.15407396E+04  0.24556105E-23
 0.15454787E+04  0.24602554E-23
 0.15502324E+04  0.24649217E-23
 0.15550007E+04  0.24696097E-23
 0.15597836E+04  0.24743192E-23
 0.15645813E+04  0.24790504E-23
 0.15693937E+04  0.24838032E-23
 0.15742210E+04  0.24885778E-23
 0.15790630E+04  0.24933743E-23
 0.15839200E+04  0.24981926E-23
 0.15887919E+04  0.25030328E-23
 0.15936788E+04  0.25078950E-23
 0.15985807E+04  0.25127793E-23
 0.16034978E+04  0.25176856E-23
 0.16084299E+04  0.25226142E-23
 0.16133772E+04  0.25275649E-23
 0.16183397E+04  0.25325380E-23
 0.16233175E+04  0.25375334E-23
 0.16283106E+04  0.25425512E-23
 0.16333190E+04  0.25475915E-23
 0.16383429E+04  0.25526543E-23
 0.16433822E+04  0.25577397E-23
 0.16484370E+04  0.25628478E-23
 0.16535074E+04  0.25679786E-23
 0.16585933E+04  0.25731321E-23
 0.16636949E+04  0.25783085E-23
 0.16688122E+04  0.25835079E-23
 0.16739452E+04  0.25887301E-23
 0.16790941E+04  0.25939754E-23
 0.16842587E+04  0.25992438E-23
 0.16894393E+04  0.26045354E-23
 0.16946357E+04  0.26098502E-23
 0.16998482E+04  0.26151882E-23
 0.17050767E+04  0.26205496E-23
 0.17103213E+04  0.26259345E-23
 0.17155820E+04  0.26313427E-23
 0.17208588E+04  0.26367746E-23
 0.17261520E+04  0.26422300E-23
 0.17314614E+04  0.26477091E-23
 0.17367871E+04  0.26532119E-23
 0.17421292E+04  0.26587385E-23
 0.17474877E+04  0.26642890E-23
 0.17528628E+04  0.26698634E-23
 0.17582543E+04  0.26754617E-23
 0.17636625E+04  0.26810842E-23
 0.17690872E+04  0.26867307E-23
 0.17745287E+04  0.26924014E-23
 0.17799869E+04  0.26980964E-23
 0.17854619E+04  0.27038157E-23
 0.17909537E+04  0.27095593E-23
 0.17964624E+04  0.27153274E-23
 0.18019881E+04  0.27211201E-23
 0.18075308E+04  0.27269373E-23
 0.18130905E+04  0.27327791E-23
 0.18186673E+04  0.27386456E-23
 0.18242612E+04  0.27445370E-23
 0.18298724E+04  0.27504531E-23
 0.18355008E+04  0.27563942E-23
 0.18411466E+04  0.27623603E-23
 0.18468097E+04  0.27683513E-23
 0.18524902E+04  0.27743676E-23
 0.18581882E+04  0.27804089E-23
 0.18639037E+04  0.27864756E-23
 0.18696368E+04  0.27925675E-23
 0.18753876E+04  0.27986849E-23
 0.18811560E+04  0.28048276E-23
 0.18869422E+04  0.28109960E-23
 0.18927461E+04  0.28171899E-23
 0.18985679E+04  0.28234094E-23
 0.19044077E+04  0.28296547E-23
 0.19102653E+04  0.28359258E-23
 0.19161411E+04  0.28422228E-23
 0.19220348E+04  0.28485457E-23
 0.19279467E+04  0.28548946E-23
 0.19338768E+04  0.28612696E-23
 0.19398252E+04  0.28676709E-23
 0.19457918E+04  0.28740984E-23
 0.19517768E+04  0.28805523E-23
 0.19577802E+04  0.28870329E-23
 0.19638020E+04  0.28935404E-23
 0.19698424E+04  0.29000760E-23
 0.19759013E+04  0.29066446E-23
 0.19819789E+04  0.29133083E-23
 0.19880752E+04  0.29202198E-23
 0.19941903E+04  0.29264909E-23
 0.20003241E+04  0.29331414E-23
 0.20064768E+04  0.29398308E-23
 0.20126484E+04  0.29465496E-23
 0.20188391E+04  0.29532962E-23
 0.20250487E+04  0.29600703E-23
 0.20312775E+04  0.29668717E-23
 0.20375254E+04  0.29737005E-23
 0.20437926E+04  0.29805567E-23
 0.20500790E+04  0.29874404E-23
 0.20563847E+04  0.29943516E-23
 0.20627099E+04  0.30012904E-23
 0.20690545E+04  0.30082568E-23
 0.20754186E+04  0.30152510E-23
 0.20818023E+04  0.30222730E-23
 0.20882056E+04  0.30293229E-23
 0.20946286E+04  0.30364007E-23
 0.21010714E+04  0.30435065E-23
 0.21075340E+04  0.30506405E-23
 0.21140165E+04  0.30578026E-23
 0.21205189E+04  0.30649930E-23
 0.21270413E+04  0.30722116E-23
 0.21335838E+04  0.30794587E-23
 0.21401464E+04  0.30867343E-23
 0.21467292E+04  0.30940384E-23
 0.21533322E+04  0.31013711E-23
 0.21599556E+04  0.31087326E-23
 0.21665993E+04  0.31161228E-23
 0.21732634E+04  0.31235419E-23
 0.21799481E+04  0.31309899E-23
 0.21866533E+04  0.31384669E-23
 0.21933791E+04  0.31459731E-23
 0.22001256E+04  0.31535084E-23
 0.22068929E+04  0.31610729E-23
 0.22136810E+04  0.31686667E-23
 0.22204900E+04  0.31762900E-23
 0.22273199E+04  0.31839427E-23
 0.22341708E+04  0.31916250E-23
 0.22410428E+04  0.31993370E-23
 0.22479359E+04  0.32070786E-23
 0.22548503E+04  0.32148501E-23
 0.22617859E+04  0.32226514E-23
 0.22687428E+04  0.32304827E-23
 0.22757211E+04  0.32383441E-23
 0.22827209E+04  0.32462355E-23
 0.22897422E+04  0.32541571E-23
 0.22967852E+04  0.32621091E-23
 0.23038497E+04  0.32700914E-23
 0.23109361E+04  0.32781041E-23
 0.23180442E+04  0.32861474E-23
 0.23251741E+04  0.32942212E-23
 0.23323261E+04  0.33023258E-23
 0.23395000E+04  0.33104611E-23
 0.23466959E+04  0.33186273E-23
 0.23539140E+04  0.33268244E-23
 0.23611543E+04  0.33350525E-23
 0.23684169E+04  0.33433117E-23
 0.23757018E+04  0.33516022E-23
 0.23830091E+04  0.33599239E-23
 0.23903389E+04  0.33682769E-23
 0.23976913E+04  0.33766614E-23
 0.24050662E+04  0.33850774E-23
 0.24124639E+04  0.33935250E-23
 0.24198843E+04  0.34020044E-23
 0.24273275E+04  0.34105155E-23
 0.24347936E+04  0.34190585E-23
 0.24422827E+04  0.34276335E-23
 0.24497948E+04  0.34362407E-23
 0.24573300E+04  0.34448801E-23
 0.24648884E+04  0.34535525E-23
 0.24724701E+04  0.34622605E-23
 0.24800750E+04  0.34710976E-23
 0.24877034E+04  0.34797832E-23
 0.24953552E+04  0.34885631E-23
 0.25030306E+04  0.34973942E-23
 0.25107295E+04  0.35062598E-23
 0.25184522E+04  0.35151586E-23
 0.25261986E+04  0.35240905E-23
 0.25339688E+04  0.35330555E-23
 0.25417630E+04  0.35420535E-23
 0.25495811E+04  0.35510848E-23
 0.25574232E+04  0.35601494E-23
 0.25652895E+04  0.35692473E-23
 0.25731799E+04  0.35783786E-23
 0.25810947E+04  0.35875435E-23
 0.25890338E+04  0.35967421E-23
 0.25969973E+04  0.36059743E-23
 0.26049852E+04  0.36152404E-23
 0.26129978E+04  0.36245403E-23
 0.26210350E+04  0.36338743E-23
 0.26290970E+04  0.36432423E-23
 0.26371837E+04  0.36526446E-23
 0.26452953E+04  0.36620810E-23
 0.26534318E+04  0.36715519E-23
 0.26615934E+04  0.36810572E-23
 0.26697801E+04  0.36905971E-23
 0.26779920E+04  0.37001716E-23
 0.26862291E+04  0.37097808E-23
 0.26944915E+04  0.37194249E-23
 0.27027794E+04  0.37291039E-23
 0.27110928E+04  0.37388179E-23
 0.27194317E+04  0.37485670E-23
 0.27277963E+04  0.37583514E-23
 0.27361866E+04  0.37681711E-23
 0.27446027E+04  0.37780261E-23
 0.27530448E+04  0.37879167E-23
 0.27615127E+04  0.37978428E-23
 0.27700067E+04  0.38078047E-23
 0.27785269E+04  0.38178023E-23
 0.27870732E+04  0.38278359E-23
 0.27956459E+04  0.38379054E-23
 0.28042449E+04  0.38480110E-23
 0.28128704E+04  0.38581528E-23
 0.28215223E+04  0.38683309E-23
 0.28302010E+04  0.38785454E-23
 0.28389062E+04  0.38887963E-23
 0.28476383E+04  0.38990838E-23
 0.28563972E+04  0.39094080E-23
 0.28651831E+04  0.39197690E-23
 0.28739960E+04  0.39301669E-23
 0.28828360E+04  0.39406018E-23
 0.28917032E+04  0.39510737E-23
 0.29005977E+04  0.39615829E-23
 0.29095195E+04  0.39721293E-23
 0.29184688E+04  0.39827131E-23
 0.29274456E+04  0.39933345E-23
 0.29364500E+04  0.40039934E-23
 0.29454821E+04  0.40146901E-23
 0.29545420E+04  0.40254248E-23
 0.29636297E+04  0.40361980E-23
 0.29727454E+04  0.40470153E-23
 0.29818892E+04  0.40578950E-23
 0.29910610E+04  0.40687442E-23
 0.30002611E+04  0.40796677E-23
 0.30094895E+04  0.40906307E-23
 0.30187463E+04  0.41016326E-23
 0.30280315E+04  0.41126731E-23
 0.30373453E+04  0.41237524E-23
 0.30466877E+04  0.41348706E-23
 0.30560589E+04  0.41460278E-23
 0.30654589E+04  0.41572240E-23
 0.30748878E+04  0.41684594E-23
 0.30843457E+04  0.41797341E-23
 0.30938327E+04  0.41910483E-23
 0.31033489E+04  0.42024019E-23
 0.31128944E+04  0.42137951E-23
 0.31224692E+04  0.42252281E-23
 0.31320735E+04  0.42367009E-23
 0.31417073E+04  0.42482136E-23
 0.31513708E+04  0.42597664E-23
 0.31610639E+04  0.42713594E-23
 0.31707869E+04  0.42829927E-23
 0.31805398E+04  0.42946663E-23
 0.31903227E+04  0.43063804E-23
 0.32001357E+04  0.43181352E-23
 0.32099788E+04  0.43299307E-23
 0.32198523E+04  0.43417670E-23
 0.32297561E+04  0.43536443E-23
 0.32396903E+04  0.43655627E-23
 0.32496552E+04  0.43775222E-23
 0.32596506E+04  0.43895231E-23
 0.32696769E+04  0.44015653E-23
 0.32797339E+04  0.44136491E-23
 0.32898219E+04  0.44257745E-23
 0.32999410E+04  0.44379417E-23
 0.33100911E+04  0.44501508E-23
 0.33202725E+04  0.44624018E-23
 0.33304852E+04  0.44746950E-23
 0.33407293E+04  0.44870304E-23
 0.33510049E+04  0.44994081E-23
 0.33613121E+04  0.45118283E-23
 0.33716510E+04  0.45242911E-23
 0.33820217E+04  0.45367966E-23
 0.33924243E+04  0.45493449E-23
 0.34028590E+04  0.45619362E-23
 0.34133257E+04  0.45745705E-23
 0.34238246E+04  0.45872481E-23
 0.34343558E+04  0.45999689E-23
 0.34449194E+04  0.46127332E-23
 0.34555154E+04  0.46255413E-23
 0.34661441E+04  0.46383944E-23
 0.34768055E+04  0.46513828E-23
 0.34874996E+04  0.46642279E-23
 0.34982267E+04  0.46772102E-23
 0.35089867E+04  0.46902374E-23
 0.35197799E+04  0.47033089E-23
 0.35306062E+04  0.47164250E-23
 0.35414659E+04  0.47295855E-23
 0.35523589E+04  0.47427908E-23
 0.35632855E+04  0.47560408E-23
 0.35742456E+04  0.47693358E-23
 0.35852395E+04  0.47826758E-23
 0.35962672E+04  0.47960609E-23
 0.36073288E+04  0.48094914E-23
 0.36184244E+04  0.48229673E-23
 0.36295542E+04  0.48364887E-23
 0.36407182E+04  0.48500558E-23
 0.36519165E+04  0.48636687E-23
 0.36631493E+04  0.48773276E-23
 0.36744166E+04  0.48910325E-23
 0.36857186E+04  0.49047836E-23
 0.36970553E+04  0.49185811E-23
 0.37084270E+04  0.49324250E-23
 0.37198336E+04  0.49463155E-23
 0.37312752E+04  0.49602528E-23
 0.37427521E+04  0.49742368E-23
 0.37542643E+04  0.49882679E-23
 0.37658119E+04  0.50023461E-23
 0.37773950E+04  0.50164716E-23
 0.37890137E+04  0.50306444E-23
 0.38006682E+04  0.50448648E-23
 0.38123585E+04  0.50591328E-23
 0.38240848E+04  0.50734487E-23
 0.38358471E+04  0.50878124E-23
 0.38476456E+04  0.51022242E-23
 0.38594804E+04  0.51166843E-23
 0.38713516E+04  0.51311927E-23
 0.38832594E+04  0.51457495E-23
 0.38952037E+04  0.51603550E-23
 0.39071848E+04  0.51750092E-23
 0.39192028E+04  0.51897124E-23
 0.39312577E+04  0.52044645E-23
 0.39433497E+04  0.52192659E-23
 0.39554788E+04  0.52341169E-23
 0.39676453E+04  0.52490227E-23
 0.39798493E+04  0.52639679E-23
 0.39920907E+04  0.52789660E-23
 0.40043698E+04  0.52940151E-23
 0.40166867E+04  0.53091144E-23
 0.40290414E+04  0.53242639E-23
 0.40414342E+04  0.53394637E-23
 0.40538651E+04  0.53547140E-23
 0.40663342E+04  0.53700149E-23
 0.40788417E+04  0.53853665E-23
 0.40913876E+04  0.54007690E-23
 0.41039721E+04  0.54162225E-23
 0.41165954E+04  0.54317272E-23
 0.41292574E+04  0.54472833E-23
 0.41419584E+04  0.54628908E-23
 0.41546985E+04  0.54785499E-23
 0.41674778E+04  0.54942609E-23
 0.41802963E+04  0.55100237E-23
 0.41931543E+04  0.55258386E-23
 0.42060519E+04  0.55417057E-23
 0.42189891E+04  0.55576252E-23
 0.42319661E+04  0.55735973E-23
 0.42449830E+04  0.55896219E-23
 0.42580400E+04  0.56056994E-23
 0.42711371E+04  0.56218299E-23
 0.42842745E+04  0.56380135E-23
 0.42974524E+04  0.56542504E-23
 0.43106707E+04  0.56705408E-23
 0.43239297E+04  0.56868847E-23
 0.43372295E+04  0.57032823E-23
 0.43505702E+04  0.57197339E-23
 0.43639519E+04  0.57362395E-23
 0.43773748E+04  0.57527993E-23
 0.43908390E+04  0.57694135E-23
 0.44043446E+04  0.57860822E-23
 0.44178918E+04  0.58028056E-23
 0.44314806E+04  0.58195838E-23
 0.44451112E+04  0.58364171E-23
 0.44587837E+04  0.58533062E-23
 0.44724983E+04  0.58702526E-23
 0.44862551E+04  0.58872485E-23
 0.45000541E+04  0.59043031E-23
 0.45138957E+04  0.59214137E-23
 0.45277798E+04  0.59385802E-23
 0.45417066E+04  0.59558029E-23
 0.45556762E+04  0.59730819E-23
 0.45696888E+04  0.59904173E-23
 0.45837446E+04  0.60078093E-23
 0.45978435E+04  0.60252581E-23
 0.46119858E+04  0.60427639E-23
 0.46261716E+04  0.60603267E-23
 0.46404011E+04  0.60779469E-23
 0.46546743E+04  0.60956244E-23
 0.46689914E+04  0.61133596E-23
 0.46833526E+04  0.61311525E-23
 0.46977579E+04  0.61490034E-23
 0.47122075E+04  0.61669124E-23
 0.47267016E+04  0.61848797E-23
 0.47412403E+04  0.62029054E-23
 0.47558236E+04  0.62209897E-23
 0.47704519E+04  0.62391329E-23
 0.47851251E+04  0.62573350E-23
 0.47998435E+04  0.62755962E-23
 0.48146071E+04  0.62939167E-23
 0.48294162E+04  0.63122967E-23
 0.48442708E+04  0.63307364E-23
 0.48591711E+04  0.63492358E-23
 0.48741172E+04  0.63677953E-23
 0.48891093E+04  0.63864150E-23
 0.49041475E+04  0.64050950E-23
 0.49192319E+04  0.64238355E-23
 0.49343628E+04  0.64426368E-23
 0.49495402E+04  0.64614991E-23
 0.49647643E+04  0.64808302E-23
 0.49800352E+04  0.64994066E-23
 0.49953531E+04  0.65184524E-23
 0.50107181E+04  0.65375598E-23
 0.50261303E+04  0.65567290E-23
 0.50415900E+04  0.65759601E-23
 0.50570972E+04  0.65952534E-23
 0.50726521E+04  0.66146091E-23
 0.50882549E+04  0.66340272E-23
 0.51039056E+04  0.66535080E-23
 0.51196045E+04  0.66730517E-23
 0.51353517E+04  0.66926585E-23
 0.51511473E+04  0.67123285E-23
 0.51669915E+04  0.67320619E-23
 0.51828844E+04  0.67518589E-23
 0.51988262E+04  0.67717197E-23
 0.52148171E+04  0.67916445E-23
 0.52308571E+04  0.68116335E-23
 0.52469465E+04  0.68316869E-23
 0.52630854E+04  0.68518048E-23
 0.52792739E+04  0.68719875E-23
 0.52955122E+04  0.68922350E-23
 0.53118004E+04  0.69125477E-23
 0.53281387E+04  0.69329258E-23
 0.53445273E+04  0.69533693E-23
 0.53609663E+04  0.69738785E-23
 0.53774559E+04  0.69944537E-23
 0.53939962E+04  0.70150949E-23
 0.54105874E+04  0.70358024E-23
 0.54272296E+04  0.70565764E-23
 0.54439230E+04  0.70774171E-23
 0.54606677E+04  0.76258613E-23
 0.54774639E+04  0.71192992E-23
 0.54943118E+04  0.71403410E-23
 0.55112116E+04  0.71614503E-23
 0.55281633E+04  0.71826272E-23
 0.55451671E+04  0.72038721E-23
 0.55622233E+04  0.72251850E-23
 0.55793319E+04  0.72465661E-23
 0.55964931E+04  0.72680158E-23
 0.56137071E+04  0.72895341E-23
 0.56309741E+04  0.73111212E-23
 0.56482942E+04  0.73327775E-23
 0.56656675E+04  0.73545030E-23
 0.56830943E+04  0.73762980E-23
 0.57005747E+04  0.73981627E-23
 0.57181088E+04  0.74200973E-23
 0.57356969E+04  0.74421020E-23
 0.57533391E+04  0.74641770E-23
 0.57710356E+04  0.74863225E-23
 0.57887865E+04  0.75085387E-23
 0.58065919E+04  0.75308259E-23
 0.58244522E+04  0.75531842E-23
 0.58423674E+04  0.75756139E-23
 0.58603377E+04  0.75981152E-23
 0.58783632E+04  0.76206882E-23
 0.58964443E+04  0.76433332E-23
 0.59145809E+04  0.76660505E-23
 0.59327733E+04  0.76888401E-23
 0.59510217E+04  0.77117030E-23
 0.59693262E+04  0.77346376E-23
 0.59876870E+04  0.77576457E-23
 0.60061042E+04  0.77807272E-23
 0.60245781E+04  0.78038822E-23
 0.60431089E+04  0.78271109E-23
 0.60616966E+04  0.78504136E-23
 0.60803416E+04  0.78737904E-23
 0.60990438E+04  0.78972415E-23
 0.61178036E+04  0.79207673E-23
 0.61366211E+04  0.79443679E-23
 0.61554965E+04  0.79680436E-23
 0.61744299E+04  0.79917945E-23
 0.61934216E+04  0.80156209E-23
 0.62124717E+04  0.80395231E-23
 0.62315804E+04  0.80635011E-23
 0.62507478E+04  0.80875554E-23
 0.62699742E+04  0.81116860E-23
 0.62892598E+04  0.81358933E-23
 0.63086046E+04  0.81601774E-23
 0.63280090E+04  0.81845385E-23
 0.63474731E+04  0.82089770E-23
 0.63669970E+04  0.82334931E-23
 0.63865810E+04  0.82580869E-23
 0.64062252E+04  0.82827587E-23
 0.64259298E+04  0.83075087E-23
 0.64456951E+04  0.83323375E-23
 0.64655211E+04  0.83572445E-23
 0.64854081E+04  0.83822306E-23
 0.65053563E+04  0.84072959E-23
 0.65253659E+04  0.84324406E-23
 0.65454370E+04  0.84576650E-23
 0.65655698E+04  0.84829692E-23
 0.65857646E+04  0.85083536E-23
 0.66060215E+04  0.85338183E-23
 0.66263406E+04  0.85593636E-23
 0.66467223E+04  0.85849898E-23
 0.66671667E+04  0.86106971E-23
 0.66876740E+04  0.86364857E-23
 0.67082443E+04  0.86623558E-23
 0.67288779E+04  0.86883078E-23
 0.67495750E+04  0.87143418E-23
 0.67703357E+04  0.87404581E-23
 0.67911603E+04  0.87666570E-23
 0.68120489E+04  0.87929387E-23
 0.68330018E+04  0.88193034E-23
 0.68540192E+04  0.88457514E-23
 0.68751012E+04  0.88722829E-23
 0.68962480E+04  0.88988983E-23
 0.69174599E+04  0.89255976E-23
 0.69387370E+04  0.89523814E-23
 0.69600796E+04  0.89792496E-23
 0.69814878E+04  0.90062025E-23
 0.70029619E+04  0.90332406E-23
 0.70245020E+04  0.90603640E-23
 0.70461083E+04  0.90875729E-23
 0.70677812E+04  0.91148677E-23
 0.70895207E+04  0.91422485E-23
 0.71113270E+04  0.91697157E-23
 0.71332004E+04  0.91972695E-23
 0.71551412E+04  0.92249101E-23
 0.71771494E+04  0.92526378E-23
 0.71992252E+04  0.92804529E-23
 0.72213690E+04  0.93083557E-23
 0.72435809E+04  0.93363464E-23
 0.72658612E+04  0.93644252E-23
 0.72882099E+04  0.93925924E-23
 0.73106274E+04  0.94208484E-23
 0.73331139E+04  0.94491933E-23
 0.73556695E+04  0.94776274E-23
 0.73782945E+04  0.95061511E-23
 0.74009891E+04  0.95347645E-23
 0.74237535E+04  0.95634679E-23
 0.74465879E+04  0.95922649E-23
 0.74694925E+04  0.96211460E-23
 0.74924676E+04  0.96501211E-23
 0.75155134E+04  0.96791874E-23
 0.75386300E+04  0.97083451E-23
 0.75618178E+04  0.97375944E-23
 0.75850769E+04  0.97669358E-23
 0.76084075E+04  0.97963693E-23
 0.76318099E+04  0.98258953E-23
 0.76552842E+04  0.98555141E-23
 0.76788308E+04  0.98852260E-23
 0.77024498E+04  0.99150312E-23
 0.77261414E+04  0.99449300E-23
 0.77499060E+04  0.99749228E-23
 0.77737436E+04  0.10005010E-22
 0.77976545E+04  0.10035191E-22
 0.78216390E+04  0.10065467E-22
 0.78456972E+04  0.10095838E-22
 0.78698295E+04  0.10126305E-22
 0.78940359E+04  0.10156867E-22
 0.79183169E+04  0.10187525E-22
 0.79426725E+04  0.10218281E-22
 0.79671030E+04  0.10249130E-22
 0.79916087E+04  0.10280077E-22
 0.80161898E+04  0.10311122E-22
 0.80408464E+04  0.10342264E-22
 0.80655789E+04  0.10373503E-22
 0.80903875E+04  0.10404841E-22
 0.81152724E+04  0.10436276E-22
 0.81402338E+04  0.10467810E-22
 0.81652720E+04  0.10499444E-22
 0.81903872E+04  0.10531176E-22
 0.82155797E+04  0.10563007E-22
 0.82408496E+04  0.10594939E-22
 0.82661973E+04  0.10626970E-22
 0.82916230E+04  0.10659102E-22
 0.83171268E+04  0.10691334E-22
 0.83427091E+04  0.10723667E-22
 0.83683701E+04  0.10756102E-22
 0.83941100E+04  0.10788638E-22
 0.84199291E+04  0.10821276E-22
 0.84458276E+04  0.10854016E-22
 0.84718058E+04  0.10886858E-22
 0.84978639E+04  0.10919804E-22
 0.85240021E+04  0.10952852E-22
 0.85502207E+04  0.10986004E-22
 0.85765200E+04  0.11019259E-22
 0.86029001E+04  0.11052619E-22
 0.86293614E+04  0.11086083E-22
 0.86559041E+04  0.11119651E-22
 0.86825285E+04  0.11153325E-22
 0.87092347E+04  0.11187104E-22
 0.87360231E+04  0.11220988E-22
 0.87628938E+04  0.11254978E-22
 0.87898472E+04  0.11289075E-22
 0.88168836E+04  0.11323278E-22
 0.88440030E+04  0.11357588E-22
 0.88712059E+04  0.11392006E-22
 0.88984925E+04  0.11426530E-22
 0.89258630E+04  0.11461163E-22
 0.89533177E+04  0.11495904E-22
 0.89808568E+04  0.11530753E-22
 0.90084807E+04  0.11565712E-22
 0.90361895E+04  0.11600779E-22
 0.90639835E+04  0.11635956E-22
 0.90918630E+04  0.11671243E-22
 0.91198283E+04  0.11706640E-22
 0.91478796E+04  0.11742147E-22
 0.91760172E+04  0.11777766E-22
 0.92042413E+04  0.11813495E-22
 0.92325522E+04  0.11849336E-22
 0.92609503E+04  0.11885289E-22
 0.92894356E+04  0.11921354E-22
 0.93180086E+04  0.11957532E-22
 0.93466695E+04  0.11993822E-22
 0.93754185E+04  0.12030226E-22
 0.94042560E+04  0.12066743E-22
 0.94331821E+04  0.12103374E-22
 0.94621973E+04  0.12140120E-22
 0.94913016E+04  0.12176980E-22
 0.95204955E+04  0.12213954E-22
 0.95497792E+04  0.12251045E-22
 0.95791530E+04  0.12288251E-22
 0.96086171E+04  0.12325572E-22
 0.96381718E+04  0.12363011E-22
 0.96678175E+04  0.12400565E-22
 0.96975543E+04  0.12438237E-22
 0.97273826E+04  0.12476027E-22
 0.97573027E+04  0.12513934E-22
 0.97873147E+04  0.12551959E-22
 0.98174191E+04  0.12590114E-22
 0.98476161E+04  0.12628392E-22
 0.98779060E+04  0.12666788E-22
 0.99082890E+04  0.12705305E-22
 0.99387655E+04  0.12743941E-22
 0.99693357E+04  0.12782697E-22
 0.10000000E+05  0.12821574E-22
