 0.10000000E+01  0.12819378E-15
 0.10030759E+01  0.12638518E-15
 0.10061612E+01  0.12462199E-15
 0.10092560E+01  0.12290305E-15
 0.10123603E+01  0.12122727E-15
 0.10154742E+01  0.11959359E-15
 0.10185976E+01  0.11800101E-15
 0.10217307E+01  0.11644854E-15
 0.10248734E+01  0.11493525E-15
 0.10280258E+01  0.11346023E-15
 0.10311878E+01  0.11202264E-15
 0.10343596E+01  0.11062163E-15
 0.10375412E+01  0.10925642E-15
 0.10407325E+01  0.10792624E-15
 0.10439336E+01  0.10663036E-15
 0.10471446E+01  0.10536808E-15
 0.10503655E+01  0.10413874E-15
 0.10535963E+01  0.10294168E-15
 0.10568370E+01  0.10177631E-15
 0.10600877E+01  0.10064203E-15
 0.10633483E+01  0.99538298E-16
 0.10666191E+01  0.98464574E-16
 0.10698998E+01  0.97420359E-16
 0.10731907E+01  0.96405178E-16
 0.10764917E+01  0.95418580E-16
 0.10798028E+01  0.94460140E-16
 0.10831241E+01  0.93529459E-16
 0.10864557E+01  0.92626162E-16
 0.10897974E+01  0.91749900E-16
 0.10931495E+01  0.90900351E-16
 0.10965119E+01  0.90077214E-16
 0.10998846E+01  0.89280216E-16
 0.11032677E+01  0.88509110E-16
 0.11066612E+01  0.87763673E-16
 0.11100651E+01  0.87043709E-16
 0.11134795E+01  0.86349048E-16
 0.11169044E+01  0.85679548E-16
 0.11203398E+01  0.85035093E-16
 0.11237859E+01  0.84415596E-16
 0.11272425E+01  0.83821000E-16
 0.11307097E+01  0.83251278E-16
 0.11341876E+01  0.82706432E-16
 0.11376762E+01  0.82186499E-16
 0.11411755E+01  0.81691547E-16
 0.11446856E+01  0.81221683E-16
 0.11482065E+01  0.80777047E-16
 0.11517382E+01  0.80357820E-16
 0.11552808E+01  0.79964223E-16
 0.11588343E+01  0.79596521E-16
 0.11623987E+01  0.79255026E-16
 0.11659741E+01  0.78940097E-16
 0.11695605E+01  0.78652146E-16
 0.11731579E+01  0.78391642E-16
 0.11767663E+01  0.78159112E-16
 0.11803859E+01  0.77955150E-16
 0.11840166E+01  0.77780418E-16
 0.11876585E+01  0.77635654E-16
 0.11913115E+01  0.77521680E-16
 0.11949758E+01  0.77439404E-16
 0.11986514E+01  0.77389834E-16
 0.12023383E+01  0.77374083E-16
 0.12060365E+01  0.77393380E-16
 0.12097461E+01  0.77449086E-16
 0.12134671E+01  0.77542699E-16
 0.12171996E+01  0.77675877E-16
 0.12209435E+01  0.77850450E-16
 0.12246989E+01  0.78068442E-16
 0.12284659E+01  0.78332090E-16
 0.12322445E+01  0.78643876E-16
 0.12360347E+01  0.79006548E-16
 0.12398366E+01  0.79423158E-16
 0.12436502E+01  0.79897105E-16
 0.12474755E+01  0.80432171E-16
 0.12513125E+01  0.81032585E-16
 0.12551614E+01  0.81703076E-16
 0.12590221E+01  0.82448952E-16
 0.12628946E+01  0.83276183E-16
 0.12667791E+01  0.84191508E-16
 0.12706756E+01  0.85202552E-16
 0.12745840E+01  0.86317978E-16
 0.12785044E+01  0.87547658E-16
 0.12824369E+01  0.88902896E-16
 0.12863815E+01  0.90396684E-16
 0.12903382E+01  0.92044029E-16
 0.12943071E+01  0.93862349E-16
 0.12982882E+01  0.95871978E-16
 0.13022816E+01  0.98096791E-16
 0.13062872E+01  0.10056501E-15
 0.13103052E+01  0.10331022E-15
 0.13143355E+01  0.10637272E-15
 0.13183782E+01  0.10980126E-15
 0.13224333E+01  0.11365538E-15
 0.13265010E+01  0.11800859E-15
 0.13305811E+01  0.12295263E-15
 0.13346738E+01  0.12860359E-15
 0.13387790E+01  0.13511046E-15
 0.13428969E+01  0.14266772E-15
 0.13470275E+01  0.15153409E-15
 0.13511708E+01  0.16206145E-15
 0.13553268E+01  0.17474085E-15
 0.13594956E+01  0.19027889E-15
 0.13636772E+01  0.20973052E-15
 0.13678716E+01  0.23474385E-15
 0.13720790E+01  0.26804516E-15
 0.13762993E+01  0.31449288E-15
 0.13805326E+01  0.38366844E-15
 0.13847790E+01  0.49745785E-15
 0.13890384E+01  0.71914371E-15
 0.13933108E+01  0.13390776E-14
 0.13975965E+01  0.12766556E-13
 0.14018953E+01  0.16248511E-14
 0.14062073E+01  0.74897357E-15
 0.14105326E+01  0.48042873E-15
 0.14148712E+01  0.35025823E-15
 0.14192231E+01  0.27348467E-15
 0.14235885E+01  0.22288718E-15
 0.14279672E+01  0.18705901E-15
 0.14323594E+01  0.16037991E-15
 0.14367652E+01  0.13975990E-15
 0.14411845E+01  0.12335950E-15
 0.14456173E+01  0.11001539E-15
 0.14500639E+01  0.98956126E-16
 0.14545241E+01  0.89650387E-16
 0.14589980E+01  0.81721101E-16
 0.14634856E+01  0.74895125E-16
 0.14679871E+01  0.68974617E-16
 0.14725024E+01  0.63828724E-16
 0.14770316E+01  0.59442002E-16
 0.14815748E+01  0.56503930E-16
 0.14861319E+01  0.15896495E-15
 0.14907030E+01  0.50457979E-16
 0.14952882E+01  0.45536667E-16
 0.14998875E+01  0.42485825E-16
 0.15045009E+01  0.39896161E-16
 0.15091286E+01  0.37581014E-16
 0.15137704E+01  0.35477665E-16
 0.15184266E+01  0.33552105E-16
 0.15230970E+01  0.31780858E-16
 0.15277819E+01  0.30145758E-16
 0.15324811E+01  0.28631938E-16
 0.15371948E+01  0.27226866E-16
 0.15419230E+01  0.25919795E-16
 0.15466657E+01  0.24701404E-16
 0.15514231E+01  0.23563540E-16
 0.15561950E+01  0.22499029E-16
 0.15609817E+01  0.21501524E-16
 0.15657830E+01  0.20565388E-16
 0.15705991E+01  0.19685590E-16
 0.15754301E+01  0.18857628E-16
 0.15802759E+01  0.18077461E-16
 0.15851366E+01  0.17341449E-16
 0.15900122E+01  0.16646303E-16
 0.15949029E+01  0.15989047E-16
 0.15998086E+01  0.15366981E-16
 0.16047294E+01  0.14777647E-16
 0.16096653E+01  0.14218804E-16
 0.16146164E+01  0.13688408E-16
 0.16195827E+01  0.13184585E-16
 0.16245643E+01  0.12705618E-16
 0.16295613E+01  0.12249931E-16
 0.16345736E+01  0.11816071E-16
 0.16396013E+01  0.11402702E-16
 0.16446445E+01  0.11008589E-16
 0.16497031E+01  0.10632591E-16
 0.16547774E+01  0.10273652E-16
 0.16598673E+01  0.99307915E-17
 0.16649728E+01  0.96031021E-17
 0.16700940E+01  0.92897387E-17
 0.16752310E+01  0.89899154E-17
 0.16803837E+01  0.87029002E-17
 0.16855524E+01  0.84280102E-17
 0.16907369E+01  0.81646082E-17
 0.16959373E+01  0.79120983E-17
 0.17011538E+01  0.76699233E-17
 0.17063863E+01  0.74375614E-17
 0.17116349E+01  0.72145233E-17
 0.17168997E+01  0.70003503E-17
 0.17221806E+01  0.67946115E-17
 0.17274778E+01  0.65969019E-17
 0.17327913E+01  0.64068407E-17
 0.17381211E+01  0.62240696E-17
 0.17434673E+01  0.60482508E-17
 0.17488300E+01  0.58790661E-17
 0.17542091E+01  0.57162152E-17
 0.17596048E+01  0.55594148E-17
 0.17650171E+01  0.54083972E-17
 0.17704460E+01  0.52629092E-17
 0.17758917E+01  0.51227118E-17
 0.17813541E+01  0.49875783E-17
 0.17868333E+01  0.48572944E-17
 0.17923293E+01  0.47316569E-17
 0.17978423E+01  0.46104734E-17
 0.18033722E+01  0.44935612E-17
 0.18089191E+01  0.43807472E-17
 0.18144831E+01  0.42718669E-17
 0.18200642E+01  0.41667641E-17
 0.18256624E+01  0.40652906E-17
 0.18312779E+01  0.39673053E-17
 0.18369106E+01  0.38726742E-17
 0.18425607E+01  0.37812700E-17
 0.18482282E+01  0.36929712E-17
 0.18539131E+01  0.36076626E-17
 0.18596154E+01  0.35252344E-17
 0.18653353E+01  0.34455819E-17
 0.18710728E+01  0.33686056E-17
 0.18768280E+01  0.32942107E-17
 0.18826009E+01  0.32223069E-17
 0.18883915E+01  0.31528082E-17
 0.18941999E+01  0.30856327E-17
 0.19000262E+01  0.30207023E-17
 0.19058704E+01  0.29579428E-17
 0.19117326E+01  0.28972832E-17
 0.19176128E+01  0.28386563E-17
 0.19235111E+01  0.27819980E-17
 0.19294276E+01  0.27272472E-17
 0.19353622E+01  0.26743459E-17
 0.19413151E+01  0.26232391E-17
 0.19472863E+01  0.25738743E-17
 0.19532759E+01  0.25262018E-17
 0.19592839E+01  0.24801748E-17
 0.19653104E+01  0.24357485E-17
 0.19713554E+01  0.23928809E-17
 0.19774190E+01  0.23515324E-17
 0.19835012E+01  0.23116655E-17
 0.19896022E+01  0.22732452E-17
 0.19957219E+01  0.22362388E-17
 0.20018605E+01  0.22006156E-17
 0.20080179E+01  0.21663474E-17
 0.20141943E+01  0.21334079E-17
 0.20203897E+01  0.21017733E-17
 0.20266041E+01  0.20714219E-17
 0.20328377E+01  0.20423343E-17
 0.20390904E+01  0.20144932E-17
 0.20453623E+01  0.19878839E-17
 0.20516536E+01  0.19624940E-17
 0.20579642E+01  0.19383136E-17
 0.20642942E+01  0.19153353E-17
 0.20706437E+01  0.18935546E-17
 0.20770127E+01  0.18729696E-17
 0.20834013E+01  0.18535816E-17
 0.20898095E+01  0.18353953E-17
 0.20962375E+01  0.18184185E-17
 0.21026852E+01  0.18026629E-17
 0.21091528E+01  0.17881445E-17
 0.21156402E+01  0.17748835E-17
 0.21221476E+01  0.17629051E-17
 0.21286750E+01  0.17522398E-17
 0.21352226E+01  0.17429245E-17
 0.21417902E+01  0.17350025E-17
 0.21483780E+01  0.17285250E-17
 0.21549861E+01  0.17235516E-17
 0.21616146E+01  0.17201518E-17
 0.21682634E+01  0.17184065E-17
 0.21749327E+01  0.17184095E-17
 0.21816224E+01  0.17202694E-17
 0.21883328E+01  0.17241127E-17
 0.21950638E+01  0.17300859E-17
 0.22018155E+01  0.17383603E-17
 0.22085880E+01  0.17491354E-17
 0.22153813E+01  0.17626455E-17
 0.22221955E+01  0.17791662E-17
 0.22290306E+01  0.17990234E-17
 0.22358868E+01  0.18226050E-17
 0.22427641E+01  0.18503747E-17
 0.22496625E+01  0.18828919E-17
 0.22565822E+01  0.19208358E-17
 0.22635231E+01  0.19650391E-17
 0.22704854E+01  0.20165330E-17
 0.22774691E+01  0.20766086E-17
 0.22844742E+01  0.21469035E-17
 0.22915009E+01  0.22295255E-17
 0.22985493E+01  0.23272329E-17
 0.23056193E+01  0.24437043E-17
 0.23127110E+01  0.25839571E-17
 0.23198246E+01  0.27550141E-17
 0.23269601E+01  0.29670153E-17
 0.23341175E+01  0.32351605E-17
 0.23412969E+01  0.35833110E-17
 0.23484984E+01  0.40511806E-17
 0.23557220E+01  0.47101151E-17
 0.23629679E+01  0.57024079E-17
 0.23702360E+01  0.73586514E-17
 0.23775265E+01  0.10663163E-16
 0.23848395E+01  0.20449550E-16
 0.23921749E+01  0.88620480E-15
 0.23995329E+01  0.20131809E-16
 0.24069135E+01  0.96492153E-17
 0.24143168E+01  0.62149180E-17
 0.24217429E+01  0.45121702E-17
 0.24291919E+01  0.34971647E-17
 0.24366637E+01  0.28246322E-17
 0.24441586E+01  0.23472515E-17
 0.24516764E+01  0.19915774E-17
 0.24592175E+01  0.17168947E-17
 0.24667817E+01  0.14988165E-17
 0.24743691E+01  0.13218477E-17
 0.24819799E+01  0.11756740E-17
 0.24896142E+01  0.10531678E-17
 0.24972719E+01  0.94925027E-18
 0.25049531E+01  0.86021080E-18
 0.25126580E+01  0.78328324E-18
 0.25203866E+01  0.71637469E-18
 0.25281389E+01  0.65788866E-18
 0.25359151E+01  0.60661085E-18
 0.25437152E+01  0.56164074E-18
 0.25515393E+01  0.52236375E-18
 0.25593875E+01  0.48847180E-18
 0.25672598E+01  0.46006244E-18
 0.25751563E+01  0.43790137E-18
 0.25830772E+01  0.42408682E-18
 0.25910223E+01  0.42386487E-18
 0.25989920E+01  0.45141231E-18
 0.26069861E+01  0.55392109E-18
 0.26150048E+01  0.99199634E-18
 0.26230482E+01  0.84482622E-17
 0.26311163E+01  0.79554305E-18
 0.26392092E+01  0.45516859E-18
 0.26473271E+01  0.34214895E-18
 0.26554699E+01  0.28570006E-18
 0.26636377E+01  0.25073258E-18
 0.26718307E+01  0.22596598E-18
 0.26800489E+01  0.20683034E-18
 0.26882923E+01  0.19117191E-18
 0.26965611E+01  0.17785625E-18
 0.27048554E+01  0.16623109E-18
 0.27131751E+01  0.15589347E-18
 0.27215205E+01  0.14657888E-18
 0.27298915E+01  0.13810449E-18
 0.27382882E+01  0.13033816E-18
 0.27467108E+01  0.12318070E-18
 0.27551593E+01  0.11655517E-18
 0.27636338E+01  0.11040020E-18
 0.27721343E+01  0.10466571E-18
 0.27806610E+01  0.99309969E-19
 0.27892139E+01  0.94297665E-19
 0.27977932E+01  0.89598461E-19
 0.28063988E+01  0.85185998E-19
 0.28150309E+01  0.81037143E-19
 0.28236895E+01  0.77131422E-19
 0.28323748E+01  0.73450581E-19
 0.28410868E+01  0.69978247E-19
 0.28498255E+01  0.66699657E-19
 0.28585912E+01  0.63601436E-19
 0.28673838E+01  0.60671418E-19
 0.28762035E+01  0.57898501E-19
 0.28850503E+01  0.55272518E-19
 0.28939243E+01  0.52784137E-19
 0.29028256E+01  0.50424769E-19
 0.29117543E+01  0.48186490E-19
 0.29207104E+01  0.46061977E-19
 0.29296941E+01  0.44044450E-19
 0.29387054E+01  0.42127620E-19
 0.29477444E+01  0.40305645E-19
 0.29568113E+01  0.38573091E-19
 0.29659060E+01  0.36924897E-19
 0.29750287E+01  0.35356342E-19
 0.29841795E+01  0.33863020E-19
 0.29933584E+01  0.32440811E-19
 0.30025656E+01  0.31085863E-19
 0.30118010E+01  0.29794567E-19
 0.30210649E+01  0.28563540E-19
 0.30303573E+01  0.27389610E-19
 0.30396782E+01  0.26269799E-19
 0.30490278E+01  0.25201309E-19
 0.30584062E+01  0.24181509E-19
 0.30678134E+01  0.23207923E-19
 0.30772496E+01  0.22278222E-19
 0.30867148E+01  0.21390210E-19
 0.30962091E+01  0.20541818E-19
 0.31057326E+01  0.19731097E-19
 0.31152853E+01  0.18956203E-19
 0.31248675E+01  0.18215399E-19
 0.31344792E+01  0.17507044E-19
 0.31441204E+01  0.16829585E-19
 0.31537913E+01  0.16181557E-19
 0.31634919E+01  0.15561571E-19
 0.31732223E+01  0.14968315E-19
 0.31829827E+01  0.14400547E-19
 0.31927731E+01  0.13857090E-19
 0.32025936E+01  0.13336830E-19
 0.32124443E+01  0.12838711E-19
 0.32223254E+01  0.12361733E-19
 0.32322368E+01  0.11904948E-19
 0.32421787E+01  0.11467455E-19
 0.32521512E+01  0.11048402E-19
 0.32621543E+01  0.10646980E-19
 0.32721882E+01  0.10262422E-19
 0.32822530E+01  0.98939984E-20
 0.32923488E+01  0.95410198E-20
 0.33024756E+01  0.92028303E-20
 0.33126335E+01  0.88788082E-20
 0.33228227E+01  0.85683637E-20
 0.33330432E+01  0.82709374E-20
 0.33432952E+01  0.79859993E-20
 0.33535787E+01  0.77130467E-20
 0.33638938E+01  0.74516039E-20
 0.33742407E+01  0.72012202E-20
 0.33846194E+01  0.69614697E-20
 0.33950300E+01  0.67319501E-20
 0.34054726E+01  0.65122816E-20
 0.34159474E+01  0.63021067E-20
 0.34264543E+01  0.61010893E-20
 0.34369936E+01  0.59089144E-20
 0.34475653E+01  0.57252873E-20
 0.34581695E+01  0.55499341E-20
 0.34688064E+01  0.53826007E-20
 0.34794759E+01  0.52230533E-20
 0.34901783E+01  0.50710785E-20
 0.35009136E+01  0.49264835E-20
 0.35116819E+01  0.47890968E-20
 0.35224834E+01  0.46587686E-20
 0.35333180E+01  0.45353723E-20
 0.35441860E+01  0.44188052E-20
 0.35550874E+01  0.43089908E-20
 0.35660224E+01  0.42058805E-20
 0.35769909E+01  0.41094563E-20
 0.35879932E+01  0.40197345E-20
 0.35990294E+01  0.39367695E-20
 0.36100995E+01  0.38606589E-20
 0.36212037E+01  0.37915503E-20
 0.36323420E+01  0.37296494E-20
 0.36435145E+01  0.36752300E-20
 0.36547215E+01  0.36286474E-20
 0.36659629E+01  0.35903551E-20
 0.36772389E+01  0.35609266E-20
 0.36885495E+01  0.35410833E-20
 0.36998950E+01  0.35317328E-20
 0.37112753E+01  0.35340188E-20
 0.37226907E+01  0.35493893E-20
 0.37341412E+01  0.35796922E-20
 0.37456268E+01  0.36273076E-20
 0.37571479E+01  0.36953408E-20
 0.37687043E+01  0.37879041E-20
 0.37802963E+01  0.39105454E-20
 0.37919240E+01  0.40709160E-20
 0.38035874E+01  0.42798526E-20
 0.38152867E+01  0.45532053E-20
 0.38270220E+01  0.49150931E-20
 0.38387933E+01  0.54040748E-20
 0.38506009E+01  0.60858238E-20
 0.38624448E+01  0.70819993E-20
 0.38743251E+01  0.86459944E-20
 0.38862420E+01  0.11407296E-19
 0.38981955E+01  0.17480496E-19
 0.39101858E+01  0.41133903E-19
 0.39222130E+01  0.90432817E-19
 0.39342772E+01  0.20529269E-19
 0.39463785E+01  0.11275793E-19
 0.39585170E+01  0.76403201E-20
 0.39706928E+01  0.57070248E-20
 0.39829061E+01  0.45124094E-20
 0.39951569E+01  0.37042485E-20
 0.40074455E+01  0.31232173E-20
 0.40197718E+01  0.26867605E-20
 0.40321361E+01  0.23478421E-20
 0.40445383E+01  0.20777115E-20
 0.40569788E+01  0.18578161E-20
 0.40694575E+01  0.16756567E-20
 0.40819745E+01  0.15225124E-20
 0.40945301E+01  0.13921189E-20
 0.41071243E+01  0.12798654E-20
 0.41197572E+01  0.11822864E-20
 0.41324290E+01  0.10967301E-20
 0.41451398E+01  0.10211353E-20
 0.41578896E+01  0.95387761E-21
 0.41706787E+01  0.89366111E-21
 0.41835071E+01  0.83944060E-21
 0.41963750E+01  0.79036474E-21
 0.42092825E+01  0.74573388E-21
 0.42222296E+01  0.70496834E-21
 0.42352166E+01  0.66758420E-21
 0.42482435E+01  0.63317471E-21
 0.42613105E+01  0.60139576E-21
 0.42744177E+01  0.57195449E-21
 0.42875652E+01  0.54460025E-21
 0.43007531E+01  0.51911738E-21
 0.43139816E+01  0.49531940E-21
 0.43272508E+01  0.47304431E-21
 0.43405608E+01  0.45215070E-21
 0.43539118E+01  0.43251465E-21
 0.43673038E+01  0.41402707E-21
 0.43807370E+01  0.39659161E-21
 0.43942115E+01  0.38012281E-21
 0.44077275E+01  0.36454458E-21
 0.44212851E+01  0.34978900E-21
 0.44348843E+01  0.33579518E-21
 0.44485254E+01  0.32250838E-21
 0.44622084E+01  0.30987924E-21
 0.44759335E+01  0.29786312E-21
 0.44897009E+01  0.28641954E-21
 0.45035105E+01  0.27551166E-21
 0.45173627E+01  0.26510589E-21
 0.45312575E+01  0.25517155E-21
 0.45451950E+01  0.24568047E-21
 0.45591753E+01  0.23660683E-21
 0.45731987E+01  0.22792681E-21
 0.45872652E+01  0.21961846E-21
 0.46013750E+01  0.21166147E-21
 0.46155282E+01  0.20403705E-21
 0.46297249E+01  0.19672772E-21
 0.46439653E+01  0.18971726E-21
 0.46582494E+01  0.18299054E-21
 0.46725776E+01  0.17653345E-21
 0.46869497E+01  0.17033282E-21
 0.47013661E+01  0.16437628E-21
 0.47158269E+01  0.15865229E-21
 0.47303321E+01  0.15314997E-21
 0.47448819E+01  0.14785913E-21
 0.47594765E+01  0.14277015E-21
 0.47741160E+01  0.13787399E-21
 0.47888005E+01  0.13316211E-21
 0.48035301E+01  0.12862646E-21
 0.48183051E+01  0.12425940E-21
 0.48331255E+01  0.12005373E-21
 0.48479915E+01  0.11600262E-21
 0.48629033E+01  0.11209960E-21
 0.48778609E+01  0.10833851E-21
 0.48928645E+01  0.10471353E-21
 0.49079142E+01  0.10121911E-21
 0.49230103E+01  0.97849975E-22
 0.49381528E+01  0.94601111E-22
 0.49533418E+01  0.91467736E-22
 0.49685776E+01  0.88445294E-22
 0.49838602E+01  0.85529442E-22
 0.49991899E+01  0.82716034E-22
 0.50145667E+01  0.80001114E-22
 0.50299908E+01  0.77380903E-22
 0.50454623E+01  0.74851789E-22
 0.50609814E+01  0.72410317E-22
 0.50765483E+01  0.70053186E-22
 0.50921630E+01  0.67777232E-22
 0.51078258E+01  0.65579429E-22
 0.51235368E+01  0.63456879E-22
 0.51392960E+01  0.61406804E-22
 0.51551038E+01  0.59426542E-22
 0.51709601E+01  0.57513539E-22
 0.51868653E+01  0.55665347E-22
 0.52028193E+01  0.53879618E-22
 0.52188225E+01  0.52154096E-22
 0.52348748E+01  0.50486616E-22
 0.52509766E+01  0.48875101E-22
 0.52671278E+01  0.47317553E-22
 0.52833288E+01  0.45812054E-22
 0.52995795E+01  0.44356761E-22
 0.53158803E+01  0.42949900E-22
 0.53322312E+01  0.41589769E-22
 0.53486324E+01  0.40274727E-22
 0.53650840E+01  0.39003199E-22
 0.53815862E+01  0.37773667E-22
 0.53981392E+01  0.36584673E-22
 0.54147431E+01  0.35434811E-22
 0.54313981E+01  0.34322729E-22
 0.54481043E+01  0.33247126E-22
 0.54648619E+01  0.32206747E-22
 0.54816711E+01  0.31200385E-22
 0.54985319E+01  0.30226876E-22
 0.55154446E+01  0.29285100E-22
 0.55324093E+01  0.28373977E-22
 0.55494262E+01  0.27492466E-22
 0.55664955E+01  0.26639565E-22
 0.55836172E+01  0.25814305E-22
 0.56007916E+01  0.25015756E-22
 0.56180189E+01  0.24243019E-22
 0.56352991E+01  0.23495226E-22
 0.56526325E+01  0.22771541E-22
 0.56700192E+01  0.22071160E-22
 0.56874594E+01  0.21393303E-22
 0.57049532E+01  0.20737221E-22
 0.57225008E+01  0.20102189E-22
 0.57401024E+01  0.19487510E-22
 0.57577581E+01  0.18892509E-22
 0.57754682E+01  0.18316535E-22
 0.57932327E+01  0.17758961E-22
 0.58110519E+01  0.17219180E-22
 0.58289258E+01  0.16696608E-22
 0.58468548E+01  0.16190679E-22
 0.58648389E+01  0.15700849E-22
 0.58828783E+01  0.15226589E-22
 0.59009732E+01  0.14767393E-22
 0.59191237E+01  0.14322768E-22
 0.59373301E+01  0.13892241E-22
 0.59555925E+01  0.13475352E-22
 0.59739111E+01  0.13071660E-22
 0.59922860E+01  0.12680737E-22
 0.60107174E+01  0.12302170E-22
 0.60292055E+01  0.11935560E-22
 0.60477505E+01  0.11580521E-22
 0.60663525E+01  0.11236680E-22
 0.60850117E+01  0.10903678E-22
 0.61037284E+01  0.10581166E-22
 0.61225026E+01  0.10268809E-22
 0.61413345E+01  0.99662816E-23
 0.61602244E+01  0.96732689E-23
 0.61791724E+01  0.93894677E-23
 0.61981786E+01  0.91145844E-23
 0.62172433E+01  0.88483352E-23
 0.62363667E+01  0.85904457E-23
 0.62555489E+01  0.83406508E-23
 0.62747901E+01  0.80986938E-23
 0.62940904E+01  0.78643267E-23
 0.63134501E+01  0.76373098E-23
 0.63328694E+01  0.74174110E-23
 0.63523484E+01  0.72044060E-23
 0.63718874E+01  0.69980779E-23
 0.63914864E+01  0.67982169E-23
 0.64111457E+01  0.66046199E-23
 0.64308655E+01  0.64170906E-23
 0.64506459E+01  0.62354390E-23
 0.64704871E+01  0.60594814E-23
 0.64903894E+01  0.58890399E-23
 0.65103530E+01  0.57239425E-23
 0.65303779E+01  0.55640227E-23
 0.65504644E+01  0.54091195E-23
 0.65706127E+01  0.52590768E-23
 0.65908230E+01  0.51137439E-23
 0.66110954E+01  0.49729746E-23
 0.66314302E+01  0.48366276E-23
 0.66518275E+01  0.47045660E-23
 0.66722876E+01  0.45766574E-23
 0.66928106E+01  0.44527734E-23
 0.67133968E+01  0.43327899E-23
 0.67340462E+01  0.42165866E-23
 0.67547592E+01  0.41040469E-23
 0.67755359E+01  0.39950582E-23
 0.67963764E+01  0.38895110E-23
 0.68172811E+01  0.37872997E-23
 0.68382501E+01  0.36883215E-23
 0.68592836E+01  0.35924772E-23
 0.68803818E+01  0.34996705E-23
 0.69015449E+01  0.34098081E-23
 0.69227730E+01  0.33227995E-23
 0.69440665E+01  0.32385571E-23
 0.69654255E+01  0.31569960E-23
 0.69868501E+01  0.30780336E-23
 0.70083407E+01  0.30015903E-23
 0.70298973E+01  0.29275884E-23
 0.70515203E+01  0.28559529E-23
 0.70732098E+01  0.27866108E-23
 0.70949660E+01  0.27194915E-23
 0.71167891E+01  0.26545263E-23
 0.71386793E+01  0.25916487E-23
 0.71606369E+01  0.25307940E-23
 0.71826620E+01  0.24718996E-23
 0.72047548E+01  0.24149044E-23
 0.72269156E+01  0.23597495E-23
 0.72491446E+01  0.23063774E-23
 0.72714419E+01  0.22547323E-23
 0.72938079E+01  0.22047602E-23
 0.73162426E+01  0.21564083E-23
 0.73387463E+01  0.21096257E-23
 0.73613192E+01  0.20643627E-23
 0.73839616E+01  0.20205710E-23
 0.74066736E+01  0.19782038E-23
 0.74294555E+01  0.19372155E-23
 0.74523074E+01  0.18975619E-23
 0.74752297E+01  0.18591999E-23
 0.74982224E+01  0.18220877E-23
 0.75212859E+01  0.17861847E-23
 0.75444203E+01  0.17514514E-23
 0.75676259E+01  0.17178493E-23
 0.75909028E+01  0.16853412E-23
 0.76142514E+01  0.16538908E-23
 0.76376717E+01  0.16234628E-23
 0.76611641E+01  0.15940230E-23
 0.76847288E+01  0.15655380E-23
 0.77083659E+01  0.15379756E-23
 0.77320757E+01  0.15113044E-23
 0.77558585E+01  0.14854937E-23
 0.77797144E+01  0.14605140E-23
 0.78036437E+01  0.14363365E-23
 0.78276466E+01  0.14129332E-23
 0.78517233E+01  0.13902770E-23
 0.78758741E+01  0.13683416E-23
 0.79000992E+01  0.13471015E-23
 0.79243988E+01  0.13265318E-23
 0.79487731E+01  0.13066086E-23
 0.79732224E+01  0.12873086E-23
 0.79977469E+01  0.12686092E-23
 0.80223468E+01  0.12504885E-23
 0.80470224E+01  0.12329254E-23
 0.80717739E+01  0.12158993E-23
 0.80966016E+01  0.11993904E-23
 0.81215056E+01  0.11833795E-23
 0.81464861E+01  0.11678481E-23
 0.81715436E+01  0.11527780E-23
 0.81966781E+01  0.11381521E-23
 0.82218899E+01  0.11239535E-23
 0.82471793E+01  0.11101659E-23
 0.82725464E+01  0.10967738E-23
 0.82979916E+01  0.10837620E-23
 0.83235150E+01  0.10711160E-23
 0.83491170E+01  0.10588217E-23
 0.83747977E+01  0.10468656E-23
 0.84005574E+01  0.10352345E-23
 0.84263963E+01  0.10239159E-23
 0.84523147E+01  0.10128977E-23
 0.84783128E+01  0.10021681E-23
 0.85043909E+01  0.99171603E-24
 0.85305492E+01  0.98153059E-24
 0.85567880E+01  0.97160139E-24
 0.85831074E+01  0.96191843E-24
 0.86095078E+01  0.95247209E-24
 0.86359895E+01  0.94325315E-24
 0.86625525E+01  0.93425272E-24
 0.86891973E+01  0.92546229E-24
 0.87159241E+01  0.91687366E-24
 0.87427330E+01  0.90847899E-24
 0.87696244E+01  0.90027074E-24
 0.87965985E+01  0.89224168E-24
 0.88236556E+01  0.88438487E-24
 0.88507959E+01  0.87669367E-24
 0.88780197E+01  0.86916170E-24
 0.89053272E+01  0.86178285E-24
 0.89327188E+01  0.85455128E-24
 0.89601945E+01  0.84746137E-24
 0.89877548E+01  0.84050777E-24
 0.90153999E+01  0.83368532E-24
 0.90431300E+01  0.82698910E-24
 0.90709454E+01  0.82041441E-24
 0.90988463E+01  0.81395674E-24
 0.91268331E+01  0.80761178E-24
 0.91549059E+01  0.80137540E-24
 0.91830651E+01  0.79524365E-24
 0.92113109E+01  0.78921276E-24
 0.92396436E+01  0.78327914E-24
 0.92680634E+01  0.77743931E-24
 0.92965707E+01  0.77169001E-24
 0.93251656E+01  0.76602806E-24
 0.93538485E+01  0.76045047E-24
 0.93826196E+01  0.75495436E-24
 0.94114792E+01  0.74953699E-24
 0.94404276E+01  0.74419573E-24
 0.94694650E+01  0.73892808E-24
 0.94985917E+01  0.73373165E-24
 0.95278080E+01  0.72860416E-24
 0.95571142E+01  0.72354343E-24
 0.95865105E+01  0.71854739E-24
 0.96159973E+01  0.71361404E-24
 0.96455747E+01  0.70874151E-24
 0.96752431E+01  0.70392798E-24
 0.97050028E+01  0.69917174E-24
 0.97348540E+01  0.69447114E-24
 0.97647970E+01  0.68982463E-24
 0.97948322E+01  0.68523069E-24
 0.98249597E+01  0.68068793E-24
 0.98551799E+01  0.67619497E-24
 0.98854930E+01  0.67175054E-24
 0.99158994E+01  0.66735339E-24
 0.99463993E+01  0.66300236E-24
 0.99769930E+01  0.65869633E-24
 0.10007681E+02  0.65443425E-24
 0.10038463E+02  0.65021551E-24
 0.10069340E+02  0.64603925E-24
 0.10100312E+02  0.64190447E-24
 0.10131379E+02  0.63781023E-24
 0.10162542E+02  0.63375564E-24
 0.10193800E+02  0.62973983E-24
 0.10225155E+02  0.62576201E-24
 0.10256606E+02  0.62182140E-24
 0.10288154E+02  0.61791728E-24
 0.10319799E+02  0.61404897E-24
 0.10351541E+02  0.61021579E-24
 0.10383381E+02  0.60641713E-24
 0.10415319E+02  0.60265239E-24
 0.10447355E+02  0.59892102E-24
 0.10479489E+02  0.59522247E-24
 0.10511723E+02  0.59155624E-24
 0.10544055E+02  0.58792183E-24
 0.10576487E+02  0.58431880E-24
 0.10609019E+02  0.58074670E-24
 0.10641651E+02  0.57720511E-24
 0.10674383E+02  0.57369364E-24
 0.10707216E+02  0.57021189E-24
 0.10740150E+02  0.56675951E-24
 0.10773185E+02  0.56333615E-24
 0.10806322E+02  0.55994147E-24
 0.10839560E+02  0.55657516E-24
 0.10872901E+02  0.55323690E-24
 0.10906345E+02  0.54992642E-24
 0.10939891E+02  0.54664341E-24
 0.10973541E+02  0.54338761E-24
 0.11007294E+02  0.54015876E-24
 0.11041151E+02  0.53695660E-24
 0.11075112E+02  0.53378089E-24
 0.11109177E+02  0.53063139E-24
 0.11143347E+02  0.52750788E-24
 0.11177623E+02  0.52441011E-24
 0.11212004E+02  0.52133789E-24
 0.11246490E+02  0.51829100E-24
 0.11281083E+02  0.51526923E-24
 0.11315782E+02  0.51227238E-24
 0.11350587E+02  0.50930024E-24
 0.11385500E+02  0.50635264E-24
 0.11420520E+02  0.50342938E-24
 0.11455648E+02  0.50053026E-24
 0.11490884E+02  0.49765512E-24
 0.11526229E+02  0.49480376E-24
 0.11561682E+02  0.49197601E-24
 0.11597244E+02  0.48917169E-24
 0.11632915E+02  0.48639062E-24
 0.11668696E+02  0.48363265E-24
 0.11704588E+02  0.48089758E-24
 0.11740589E+02  0.47818527E-24
 0.11776702E+02  0.47549553E-24
 0.11812925E+02  0.47282820E-24
 0.11849260E+02  0.47018311E-24
 0.11885707E+02  0.46756011E-24
 0.11922265E+02  0.46495903E-24
 0.11958937E+02  0.46237970E-24
 0.11995721E+02  0.45982197E-24
 0.12032618E+02  0.45728567E-24
 0.12069628E+02  0.45477065E-24
 0.12106753E+02  0.45227674E-24
 0.12143991E+02  0.44980379E-24
 0.12181345E+02  0.44735163E-24
 0.12218813E+02  0.44492012E-24
 0.12256396E+02  0.44250910E-24
 0.12294095E+02  0.44011841E-24
 0.12331910E+02  0.43774789E-24
 0.12369841E+02  0.43539740E-24
 0.12407889E+02  0.43306678E-24
 0.12446054E+02  0.43075587E-24
 0.12484336E+02  0.42846452E-24
 0.12522736E+02  0.42619259E-24
 0.12561254E+02  0.42393992E-24
 0.12599891E+02  0.42170637E-24
 0.12638646E+02  0.41949178E-24
 0.12677521E+02  0.41729600E-24
 0.12716515E+02  0.41511889E-24
 0.12755630E+02  0.41296031E-24
 0.12794864E+02  0.41082010E-24
 0.12834219E+02  0.40869812E-24
 0.12873696E+02  0.40659423E-24
 0.12913293E+02  0.40450829E-24
 0.12953013E+02  0.40244015E-24
 0.12992854E+02  0.40038967E-24
 0.13032818E+02  0.39835672E-24
 0.13072906E+02  0.39634115E-24
 0.13113116E+02  0.39434283E-24
 0.13153450E+02  0.39236161E-24
 0.13193908E+02  0.39039737E-24
 0.13234491E+02  0.38844997E-24
 0.13275198E+02  0.38651928E-24
 0.13316031E+02  0.38460515E-24
 0.13356989E+02  0.38270747E-24
 0.13398073E+02  0.38082610E-24
 0.13439284E+02  0.37896091E-24
 0.13480621E+02  0.37711177E-24
 0.13522086E+02  0.37527856E-24
 0.13563678E+02  0.37346115E-24
 0.13605398E+02  0.37165941E-24
 0.13647246E+02  0.36987322E-24
 0.13689223E+02  0.36810246E-24
 0.13731329E+02  0.36634701E-24
 0.13773565E+02  0.36460674E-24
 0.13815930E+02  0.36288153E-24
 0.13858426E+02  0.36117127E-24
 0.13901052E+02  0.35947584E-24
 0.13943810E+02  0.35779512E-24
 0.13986699E+02  0.35612899E-24
 0.14029720E+02  0.35447735E-24
 0.14072874E+02  0.35284008E-24
 0.14116160E+02  0.35121706E-24
 0.14159579E+02  0.34960819E-24
 0.14203132E+02  0.34801335E-24
 0.14246819E+02  0.34643243E-24
 0.14290640E+02  0.34486533E-24
 0.14334596E+02  0.34331193E-24
 0.14378687E+02  0.34177214E-24
 0.14422914E+02  0.34024584E-24
 0.14467277E+02  0.33873293E-24
 0.14511776E+02  0.33723331E-24
 0.14556412E+02  0.33574687E-24
 0.14601186E+02  0.33427351E-24
 0.14646097E+02  0.33281314E-24
 0.14691146E+02  0.33136563E-24
 0.14736334E+02  0.32993091E-24
 0.14781661E+02  0.32850887E-24
 0.14827127E+02  0.32709941E-24
 0.14872734E+02  0.32570243E-24
 0.14918480E+02  0.32431784E-24
 0.14964367E+02  0.32294555E-24
 0.15010395E+02  0.32158544E-24
 0.15056565E+02  0.32023745E-24
 0.15102877E+02  0.31890146E-24
 0.15149331E+02  0.31757738E-24
 0.15195929E+02  0.31626513E-24
 0.15242669E+02  0.31496461E-24
 0.15289553E+02  0.31367574E-24
 0.15336582E+02  0.31239841E-24
 0.15383755E+02  0.31113255E-24
 0.15431073E+02  0.30987805E-24
 0.15478537E+02  0.30863485E-24
 0.15526147E+02  0.30740283E-24
 0.15573903E+02  0.30618193E-24
 0.15621806E+02  0.30497205E-24
 0.15669857E+02  0.30377311E-24
 0.15718055E+02  0.30258502E-24
 0.15766401E+02  0.30140769E-24
 0.15814897E+02  0.30024105E-24
 0.15863541E+02  0.29908501E-24
 0.15912335E+02  0.29793948E-24
 0.15961279E+02  0.29680439E-24
 0.16010374E+02  0.29567965E-24
 0.16059619E+02  0.29456518E-24
 0.16109016E+02  0.29346090E-24
 0.16158565E+02  0.29236672E-24
 0.16208267E+02  0.29128258E-24
 0.16258121E+02  0.29020838E-24
 0.16308129E+02  0.28914405E-24
 0.16358290E+02  0.28808952E-24
 0.16408606E+02  0.28704470E-24
 0.16459077E+02  0.28600951E-24
 0.16509702E+02  0.28498388E-24
 0.16560484E+02  0.28396773E-24
 0.16611422E+02  0.28296099E-24
 0.16662516E+02  0.28196358E-24
 0.16713768E+02  0.28097542E-24
 0.16765177E+02  0.27999644E-24
 0.16816744E+02  0.27902657E-24
 0.16868470E+02  0.27806572E-24
 0.16920355E+02  0.27711384E-24
 0.16972400E+02  0.27617084E-24
 0.17024604E+02  0.27523664E-24
 0.17076970E+02  0.27431119E-24
 0.17129496E+02  0.27339440E-24
 0.17182184E+02  0.27248621E-24
 0.17235034E+02  0.27158654E-24
 0.17288046E+02  0.27069532E-24
 0.17341222E+02  0.26981249E-24
 0.17394561E+02  0.26893797E-24
 0.17448064E+02  0.26807169E-24
 0.17501732E+02  0.26721359E-24
 0.17555565E+02  0.26636359E-24
 0.17609563E+02  0.26552162E-24
 0.17663728E+02  0.26468763E-24
 0.17718059E+02  0.26386153E-24
 0.17772557E+02  0.26304327E-24
 0.17827223E+02  0.26223278E-24
 0.17882057E+02  0.26142998E-24
 0.17937060E+02  0.26063482E-24
 0.17992231E+02  0.25984723E-24
 0.18047573E+02  0.25906714E-24
 0.18103085E+02  0.25829449E-24
 0.18158767E+02  0.25752921E-24
 0.18214621E+02  0.25677124E-24
 0.18270647E+02  0.25602052E-24
 0.18326845E+02  0.25527698E-24
 0.18383215E+02  0.25454055E-24
 0.18439759E+02  0.25381119E-24
 0.18496478E+02  0.25308881E-24
 0.18553370E+02  0.25237337E-24
 0.18610438E+02  0.25166480E-24
 0.18667681E+02  0.25096304E-24
 0.18725100E+02  0.25026802E-24
 0.18782696E+02  0.24957969E-24
 0.18840468E+02  0.24889800E-24
 0.18898419E+02  0.24822286E-24
 0.18956548E+02  0.24755424E-24
 0.19014856E+02  0.24689207E-24
 0.19073343E+02  0.24623629E-24
 0.19132009E+02  0.24558684E-24
 0.19190857E+02  0.24494366E-24
 0.19249885E+02  0.24430671E-24
 0.19309095E+02  0.24367591E-24
 0.19368487E+02  0.24305122E-24
 0.19428062E+02  0.24243257E-24
 0.19487820E+02  0.24181992E-24
 0.19547762E+02  0.24121320E-24
 0.19607888E+02  0.24061237E-24
 0.19668199E+02  0.24001735E-24
 0.19728695E+02  0.23942811E-24
 0.19789378E+02  0.23884459E-24
 0.19850247E+02  0.23826673E-24
 0.19911304E+02  0.23769449E-24
 0.19972548E+02  0.23712779E-24
 0.20033981E+02  0.23656661E-24
 0.20095603E+02  0.23601087E-24
 0.20157414E+02  0.23546054E-24
 0.20219415E+02  0.23491556E-24
 0.20281607E+02  0.23437587E-24
 0.20343991E+02  0.23384143E-24
 0.20406566E+02  0.23331219E-24
 0.20469333E+02  0.23278809E-24
 0.20532294E+02  0.23226910E-24
 0.20595449E+02  0.23175515E-24
 0.20658797E+02  0.23124620E-24
 0.20722341E+02  0.23074220E-24
 0.20786080E+02  0.23024310E-24
 0.20850015E+02  0.22974886E-24
 0.20914147E+02  0.22925942E-24
 0.20978475E+02  0.22877475E-24
 0.21043002E+02  0.22829479E-24
 0.21107728E+02  0.22781949E-24
 0.21172652E+02  0.22734882E-24
 0.21237776E+02  0.22688272E-24
 0.21303100E+02  0.22642116E-24
 0.21368626E+02  0.22596408E-24
 0.21434353E+02  0.22551144E-24
 0.21500282E+02  0.22506320E-24
 0.21566413E+02  0.22461931E-24
 0.21632749E+02  0.22417973E-24
 0.21699288E+02  0.22374442E-24
 0.21766032E+02  0.22331333E-24
 0.21832981E+02  0.22288642E-24
 0.21900136E+02  0.22246366E-24
 0.21967498E+02  0.22204499E-24
 0.22035067E+02  0.22163038E-24
 0.22102844E+02  0.22121979E-24
 0.22170829E+02  0.22081317E-24
 0.22239023E+02  0.22041048E-24
 0.22307427E+02  0.22001170E-24
 0.22376042E+02  0.21961676E-24
 0.22444867E+02  0.21922565E-24
 0.22513904E+02  0.21883831E-24
 0.22583154E+02  0.21845472E-24
 0.22652617E+02  0.21807482E-24
 0.22722293E+02  0.21769859E-24
 0.22792183E+02  0.21732598E-24
 0.22862289E+02  0.21695696E-24
 0.22932610E+02  0.21659150E-24
 0.23003147E+02  0.21622955E-24
 0.23073902E+02  0.21587108E-24
 0.23144874E+02  0.21551605E-24
 0.23216064E+02  0.21516443E-24
 0.23287474E+02  0.21481619E-24
 0.23359102E+02  0.21447128E-24
 0.23430952E+02  0.21412968E-24
 0.23503022E+02  0.21379134E-24
 0.23575314E+02  0.21345625E-24
 0.23647828E+02  0.21312435E-24
 0.23720566E+02  0.21279562E-24
 0.23793527E+02  0.21247004E-24
 0.23866712E+02  0.21214755E-24
 0.23940123E+02  0.21182814E-24
 0.24013759E+02  0.21151176E-24
 0.24087622E+02  0.21119839E-24
 0.24161712E+02  0.21088800E-24
 0.24236030E+02  0.21058056E-24
 0.24310577E+02  0.21027603E-24
 0.24385353E+02  0.20997438E-24
 0.24460359E+02  0.20967559E-24
 0.24535595E+02  0.20937962E-24
 0.24611063E+02  0.20908645E-24
 0.24686763E+02  0.20879604E-24
 0.24762696E+02  0.20850837E-24
 0.24838863E+02  0.20822341E-24
 0.24915264E+02  0.20794113E-24
 0.24991900E+02  0.20766150E-24
 0.25068771E+02  0.20738449E-24
 0.25145879E+02  0.20711008E-24
 0.25223224E+02  0.20683824E-24
 0.25300807E+02  0.20656894E-24
 0.25378629E+02  0.20630215E-24
 0.25456690E+02  0.20603786E-24
 0.25534991E+02  0.20577603E-24
 0.25613533E+02  0.20551663E-24
 0.25692317E+02  0.20525965E-24
 0.25771343E+02  0.20500505E-24
 0.25850612E+02  0.20475281E-24
 0.25930124E+02  0.20450291E-24
 0.26009882E+02  0.20425532E-24
 0.26089885E+02  0.20401001E-24
 0.26170133E+02  0.20376697E-24
 0.26250629E+02  0.20352617E-24
 0.26331372E+02  0.20328759E-24
 0.26412364E+02  0.20305120E-24
 0.26493604E+02  0.20281697E-24
 0.26575095E+02  0.20258490E-24
 0.26656836E+02  0.20235494E-24
 0.26738829E+02  0.20212709E-24
 0.26821074E+02  0.20190132E-24
 0.26903571E+02  0.20167761E-24
 0.26986323E+02  0.20145593E-24
 0.27069329E+02  0.20123627E-24
 0.27152591E+02  0.20101860E-24
 0.27236108E+02  0.20080290E-24
 0.27319882E+02  0.20058916E-24
 0.27403915E+02  0.20037735E-24
 0.27488205E+02  0.20016744E-24
 0.27572755E+02  0.19995943E-24
 0.27657565E+02  0.19975329E-24
 0.27742636E+02  0.19954901E-24
 0.27827968E+02  0.19934655E-24
 0.27913563E+02  0.19914591E-24
 0.27999421E+02  0.19894706E-24
 0.28085543E+02  0.19874999E-24
 0.28171930E+02  0.19855467E-24
 0.28258583E+02  0.19836110E-24
 0.28345503E+02  0.19816924E-24
 0.28432689E+02  0.19797908E-24
 0.28520144E+02  0.19779061E-24
 0.28607868E+02  0.19760381E-24
 0.28695862E+02  0.19741866E-24
 0.28784126E+02  0.19723514E-24
 0.28872662E+02  0.19705323E-24
 0.28961470E+02  0.19687293E-24
 0.29050552E+02  0.19669420E-24
 0.29139907E+02  0.19651704E-24
 0.29229537E+02  0.19634143E-24
 0.29319443E+02  0.19616736E-24
 0.29409626E+02  0.19599480E-24
 0.29500085E+02  0.19582374E-24
 0.29590824E+02  0.19565417E-24
 0.29681841E+02  0.19548607E-24
 0.29773138E+02  0.19531943E-24
 0.29864716E+02  0.19515422E-24
 0.29956575E+02  0.19499045E-24
 0.30048718E+02  0.19482808E-24
 0.30141143E+02  0.19466711E-24
 0.30233853E+02  0.19450752E-24
 0.30326848E+02  0.19434930E-24
 0.30420129E+02  0.19419244E-24
 0.30513697E+02  0.19403691E-24
 0.30607553E+02  0.19388271E-24
 0.30701697E+02  0.19372983E-24
 0.30796131E+02  0.19357824E-24
 0.30890856E+02  0.19342794E-24
 0.30985872E+02  0.19327891E-24
 0.31081180E+02  0.19313115E-24
 0.31176781E+02  0.19298463E-24
 0.31272677E+02  0.19283934E-24
 0.31368867E+02  0.19269528E-24
 0.31465353E+02  0.19255242E-24
 0.31562136E+02  0.19241077E-24
 0.31659217E+02  0.19227030E-24
 0.31756596E+02  0.19213100E-24
 0.31854275E+02  0.19199286E-24
 0.31952254E+02  0.19185588E-24
 0.32050535E+02  0.19172003E-24
 0.32149118E+02  0.19158531E-24
 0.32248004E+02  0.19145170E-24
 0.32347194E+02  0.19131920E-24
 0.32446689E+02  0.19118779E-24
 0.32546491E+02  0.19105747E-24
 0.32646599E+02  0.19092821E-24
 0.32747015E+02  0.19080002E-24
 0.32847741E+02  0.19067287E-24
 0.32948776E+02  0.19054677E-24
 0.33050121E+02  0.19042170E-24
 0.33151779E+02  0.19029764E-24
 0.33253749E+02  0.19017460E-24
 0.33356033E+02  0.19005255E-24
 0.33458631E+02  0.18993149E-24
 0.33561545E+02  0.18981142E-24
 0.33664776E+02  0.18969231E-24
 0.33768324E+02  0.18957416E-24
 0.33872190E+02  0.18945697E-24
 0.33976376E+02  0.18934071E-24
 0.34080883E+02  0.18922539E-24
 0.34185711E+02  0.18911099E-24
 0.34290861E+02  0.18899751E-24
 0.34396335E+02  0.18888493E-24
 0.34502133E+02  0.18877325E-24
 0.34608257E+02  0.18866245E-24
 0.34714707E+02  0.18855254E-24
 0.34821485E+02  0.18844349E-24
 0.34928590E+02  0.18833531E-24
 0.35036026E+02  0.18822798E-24
 0.35143792E+02  0.18812150E-24
 0.35251889E+02  0.18801586E-24
 0.35360319E+02  0.18791105E-24
 0.35469082E+02  0.18780705E-24
 0.35578180E+02  0.18770388E-24
 0.35687613E+02  0.18760150E-24
 0.35797383E+02  0.18749993E-24
 0.35907491E+02  0.18739915E-24
 0.36017937E+02  0.18729915E-24
 0.36128724E+02  0.18719993E-24
 0.36239850E+02  0.18710147E-24
 0.36351319E+02  0.18700378E-24
 0.36463130E+02  0.18690684E-24
 0.36575286E+02  0.18681065E-24
 0.36687786E+02  0.18671520E-24
 0.36800633E+02  0.18662048E-24
 0.36913826E+02  0.18652649E-24
 0.37027368E+02  0.18643322E-24
 0.37141259E+02  0.18634066E-24
 0.37255500E+02  0.18624880E-24
 0.37370093E+02  0.18615765E-24
 0.37485038E+02  0.18606719E-24
 0.37600336E+02  0.18597741E-24
 0.37715990E+02  0.18588832E-24
 0.37831999E+02  0.18579990E-24
 0.37948365E+02  0.18571215E-24
 0.38065088E+02  0.18562506E-24
 0.38182171E+02  0.18553863E-24
 0.38299614E+02  0.18545284E-24
 0.38417418E+02  0.18536771E-24
 0.38535585E+02  0.18528320E-24
 0.38654115E+02  0.18519933E-24
 0.38773009E+02  0.18511609E-24
 0.38892270E+02  0.18503347E-24
 0.39011897E+02  0.18495146E-24
 0.39131892E+02  0.18487006E-24
 0.39252256E+02  0.18478927E-24
 0.39372990E+02  0.18470908E-24
 0.39494096E+02  0.18462948E-24
 0.39615574E+02  0.18455046E-24
 0.39737426E+02  0.18447203E-24
 0.39859653E+02  0.18439418E-24
 0.39982255E+02  0.18431690E-24
 0.40105235E+02  0.18424019E-24
 0.40228593E+02  0.18416404E-24
 0.40352331E+02  0.18408845E-24
 0.40476449E+02  0.18401341E-24
 0.40600948E+02  0.18393892E-24
 0.40725831E+02  0.18386497E-24
 0.40851098E+02  0.18379156E-24
 0.40976750E+02  0.18371869E-24
 0.41102789E+02  0.18364634E-24
 0.41229215E+02  0.18357452E-24
 0.41356030E+02  0.18350321E-24
 0.41483236E+02  0.18343242E-24
 0.41610832E+02  0.18336215E-24
 0.41738821E+02  0.18329238E-24
 0.41867204E+02  0.18322311E-24
 0.41995982E+02  0.18315434E-24
 0.42125155E+02  0.18308606E-24
 0.42254726E+02  0.18301827E-24
 0.42384696E+02  0.18295097E-24
 0.42515065E+02  0.18288415E-24
 0.42645835E+02  0.18281781E-24
 0.42777008E+02  0.18275193E-24
 0.42908584E+02  0.18268653E-24
 0.43040565E+02  0.18262159E-24
 0.43172951E+02  0.18255712E-24
 0.43305745E+02  0.18249310E-24
 0.43438947E+02  0.18242954E-24
 0.43572559E+02  0.18236642E-24
 0.43706582E+02  0.18230375E-24
 0.43841018E+02  0.18224152E-24
 0.43975866E+02  0.18217974E-24
 0.44111130E+02  0.18211838E-24
 0.44246810E+02  0.18205746E-24
 0.44382906E+02  0.18199697E-24
 0.44519422E+02  0.18193690E-24
 0.44656357E+02  0.18187725E-24
 0.44793714E+02  0.18181802E-24
 0.44931493E+02  0.18175920E-24
 0.45069696E+02  0.18170080E-24
 0.45208324E+02  0.18164280E-24
 0.45347378E+02  0.18158521E-24
 0.45486860E+02  0.18152801E-24
 0.45626772E+02  0.18147122E-24
 0.45767113E+02  0.18141482E-24
 0.45907886E+02  0.18135881E-24
 0.46049092E+02  0.18130319E-24
 0.46190733E+02  0.18124795E-24
 0.46332809E+02  0.18119310E-24
 0.46475322E+02  0.18113863E-24
 0.46618273E+02  0.18108453E-24
 0.46761665E+02  0.18103080E-24
 0.46905497E+02  0.18097745E-24
 0.47049772E+02  0.18092446E-24
 0.47194490E+02  0.18087184E-24
 0.47339654E+02  0.18081958E-24
 0.47485264E+02  0.18076768E-24
 0.47631321E+02  0.18071613E-24
 0.47777829E+02  0.18066494E-24
 0.47924786E+02  0.18061410E-24
 0.48072196E+02  0.18056361E-24
 0.48220060E+02  0.18051346E-24
 0.48368378E+02  0.18046366E-24
 0.48517152E+02  0.18041419E-24
 0.48666384E+02  0.18036507E-24
 0.48816075E+02  0.18031627E-24
 0.48966226E+02  0.18026781E-24
 0.49116839E+02  0.18021969E-24
 0.49267916E+02  0.18017188E-24
 0.49419457E+02  0.18012441E-24
 0.49571464E+02  0.18007725E-24
 0.49723939E+02  0.18003042E-24
 0.49876882E+02  0.17998390E-24
 0.50030297E+02  0.17993770E-24
 0.50184183E+02  0.17989182E-24
 0.50338542E+02  0.17984624E-24
 0.50493376E+02  0.17980097E-24
 0.50648687E+02  0.17975601E-24
 0.50804475E+02  0.17971135E-24
 0.50960742E+02  0.17966700E-24
 0.51117490E+02  0.17962294E-24
 0.51274720E+02  0.17957919E-24
 0.51432434E+02  0.17953573E-24
 0.51590633E+02  0.17949256E-24
 0.51749319E+02  0.17944968E-24
 0.51908492E+02  0.17940709E-24
 0.52068155E+02  0.17936479E-24
 0.52228309E+02  0.17932277E-24
 0.52388956E+02  0.17928104E-24
 0.52550097E+02  0.17923959E-24
 0.52711734E+02  0.17919842E-24
 0.52873868E+02  0.17915752E-24
 0.53036500E+02  0.17911690E-24
 0.53199633E+02  0.17907656E-24
 0.53363268E+02  0.17903648E-24
 0.53527405E+02  0.17899668E-24
 0.53692048E+02  0.17895714E-24
 0.53857197E+02  0.17891787E-24
 0.54022854E+02  0.17887886E-24
 0.54189021E+02  0.17884011E-24
 0.54355699E+02  0.17880163E-24
 0.54522889E+02  0.17876340E-24
 0.54690594E+02  0.17872543E-24
 0.54858814E+02  0.17868772E-24
 0.55027552E+02  0.17865026E-24
 0.55196809E+02  0.17861305E-24
 0.55366587E+02  0.17857609E-24
 0.55536886E+02  0.17853938E-24
 0.55707710E+02  0.17850292E-24
 0.55879059E+02  0.17846670E-24
 0.56050935E+02  0.17843073E-24
 0.56223340E+02  0.17839500E-24
 0.56396275E+02  0.17835950E-24
 0.56569742E+02  0.17832425E-24
 0.56743742E+02  0.17828924E-24
 0.56918278E+02  0.17825446E-24
 0.57093350E+02  0.17821991E-24
 0.57268961E+02  0.17818560E-24
 0.57445113E+02  0.17815152E-24
 0.57621806E+02  0.17811767E-24
 0.57799042E+02  0.17808405E-24
 0.57976824E+02  0.17805065E-24
 0.58155152E+02  0.17801748E-24
 0.58334029E+02  0.17798453E-24
 0.58513456E+02  0.17795181E-24
 0.58693435E+02  0.17791931E-24
 0.58873968E+02  0.17788703E-24
 0.59055056E+02  0.17785496E-24
 0.59236701E+02  0.17782312E-24
 0.59418905E+02  0.17779149E-24
 0.59601669E+02  0.17776007E-24
 0.59784995E+02  0.17772887E-24
 0.59968885E+02  0.17769788E-24
 0.60153341E+02  0.17766710E-24
 0.60338364E+02  0.17763653E-24
 0.60523956E+02  0.17760617E-24
 0.60710119E+02  0.17757601E-24
 0.60896855E+02  0.17754606E-24
 0.61084165E+02  0.17751632E-24
 0.61272051E+02  0.17748678E-24
 0.61460516E+02  0.17745744E-24
 0.61649559E+02  0.17742830E-24
 0.61839185E+02  0.17739936E-24
 0.62029393E+02  0.17737062E-24
 0.62220187E+02  0.17734208E-24
 0.62411567E+02  0.17731373E-24
 0.62603536E+02  0.17728558E-24
 0.62796096E+02  0.17725763E-24
 0.62989248E+02  0.17722986E-24
 0.63182994E+02  0.17720229E-24
 0.63377336E+02  0.17717491E-24
 0.63572275E+02  0.17714772E-24
 0.63767815E+02  0.17712072E-24
 0.63963955E+02  0.17709390E-24
 0.64160699E+02  0.17706728E-24
 0.64358049E+02  0.17704084E-24
 0.64556005E+02  0.17701458E-24
 0.64754570E+02  0.17698850E-24
 0.64953746E+02  0.17696261E-24
 0.65153534E+02  0.17693690E-24
 0.65353937E+02  0.17691138E-24
 0.65554957E+02  0.17688603E-24
 0.65756594E+02  0.17686086E-24
 0.65958852E+02  0.17683586E-24
 0.66161732E+02  0.17681105E-24
 0.66365237E+02  0.17678641E-24
 0.66569367E+02  0.17676195E-24
 0.66774125E+02  0.17673766E-24
 0.66979512E+02  0.17671354E-24
 0.67185532E+02  0.17668959E-24
 0.67392185E+02  0.17666582E-24
 0.67599474E+02  0.17664222E-24
 0.67807400E+02  0.17661879E-24
 0.68015966E+02  0.17659552E-24
 0.68225173E+02  0.17657243E-24
 0.68435024E+02  0.17654950E-24
 0.68645521E+02  0.17652674E-24
 0.68856665E+02  0.17650414E-24
 0.69068458E+02  0.17648171E-24
 0.69280903E+02  0.17645944E-24
 0.69494001E+02  0.17643734E-24
 0.69707755E+02  0.17641540E-24
 0.69922166E+02  0.17639362E-24
 0.70137236E+02  0.17637200E-24
 0.70352969E+02  0.17635054E-24
 0.70569364E+02  0.17632924E-24
 0.70786426E+02  0.17630810E-24
 0.71004155E+02  0.17628711E-24
 0.71222553E+02  0.17626629E-24
 0.71441624E+02  0.17624562E-24
 0.71661368E+02  0.17622511E-24
 0.71881788E+02  0.17620475E-24
 0.72102886E+02  0.17618454E-24
 0.72324665E+02  0.17616449E-24
 0.72547125E+02  0.17614460E-24
 0.72770270E+02  0.17612485E-24
 0.72994101E+02  0.17610526E-24
 0.73218620E+02  0.17608582E-24
 0.73443830E+02  0.17606652E-24
 0.73669733E+02  0.17604738E-24
 0.73896331E+02  0.17602839E-24
 0.74123625E+02  0.17600954E-24
 0.74351619E+02  0.17599085E-24
 0.74580314E+02  0.17597230E-24
 0.74809713E+02  0.17595390E-24
 0.75039817E+02  0.17593564E-24
 0.75270628E+02  0.17591753E-24
 0.75502150E+02  0.17589956E-24
 0.75734384E+02  0.17588174E-24
 0.75967332E+02  0.17586406E-24
 0.76200997E+02  0.17584653E-24
 0.76435380E+02  0.17582914E-24
 0.76670485E+02  0.17581188E-24
 0.76906312E+02  0.17579478E-24
 0.77142865E+02  0.17577781E-24
 0.77380146E+02  0.17576098E-24
 0.77618156E+02  0.17574429E-24
 0.77856898E+02  0.17572775E-24
 0.78096375E+02  0.17571134E-24
 0.78336589E+02  0.17569507E-24
 0.78577541E+02  0.17567893E-24
 0.78819234E+02  0.17566294E-24
 0.79061671E+02  0.17564708E-24
 0.79304853E+02  0.17563136E-24
 0.79548784E+02  0.17561577E-24
 0.79793465E+02  0.17560032E-24
 0.80038898E+02  0.17558501E-24
 0.80285086E+02  0.17556982E-24
 0.80532032E+02  0.17555478E-24
 0.80779737E+02  0.17553986E-24
 0.81028204E+02  0.17552508E-24
 0.81277435E+02  0.17551044E-24
 0.81527433E+02  0.17549592E-24
 0.81778200E+02  0.17548154E-24
 0.82029738E+02  0.17546729E-24
 0.82282050E+02  0.17545317E-24
 0.82535138E+02  0.17543918E-24
 0.82789004E+02  0.17542532E-24
 0.83043651E+02  0.17541159E-24
 0.83299082E+02  0.17539799E-24
 0.83555298E+02  0.17538452E-24
 0.83812302E+02  0.17537118E-24
 0.84070097E+02  0.17535797E-24
 0.84328684E+02  0.17534488E-24
 0.84588067E+02  0.17533193E-24
 0.84848248E+02  0.17531910E-24
 0.85109230E+02  0.17530639E-24
 0.85371013E+02  0.17529382E-24
 0.85633603E+02  0.17528137E-24
 0.85896999E+02  0.17526904E-24
 0.86161206E+02  0.17525684E-24
 0.86426226E+02  0.17524477E-24
 0.86692061E+02  0.17523282E-24
 0.86958713E+02  0.17522100E-24
 0.87226186E+02  0.17520930E-24
 0.87494481E+02  0.17519773E-24
 0.87763602E+02  0.17518628E-24
 0.88033550E+02  0.17517495E-24
 0.88304329E+02  0.17516375E-24
 0.88575940E+02  0.17515267E-24
 0.88848387E+02  0.17514171E-24
 0.89121672E+02  0.17513087E-24
 0.89395798E+02  0.17512016E-24
 0.89670767E+02  0.17510957E-24
 0.89946581E+02  0.17509910E-24
 0.90223244E+02  0.17508875E-24
 0.90500758E+02  0.17507852E-24
 0.90779126E+02  0.17506841E-24
 0.91058349E+02  0.17505843E-24
 0.91338432E+02  0.17504856E-24
 0.91619376E+02  0.17503882E-24
 0.91901184E+02  0.17502919E-24
 0.92183859E+02  0.17501969E-24
 0.92467404E+02  0.17501030E-24
 0.92751820E+02  0.17500104E-24
 0.93037112E+02  0.17499189E-24
 0.93323280E+02  0.17498286E-24
 0.93610330E+02  0.17497395E-24
 0.93898262E+02  0.17496516E-24
 0.94187079E+02  0.17495649E-24
 0.94476786E+02  0.17494793E-24
 0.94767383E+02  0.17493950E-24
 0.95058874E+02  0.17493118E-24
 0.95351261E+02  0.17492298E-24
 0.95644548E+02  0.17491490E-24
 0.95938737E+02  0.17490693E-24
 0.96233831E+02  0.17489908E-24
 0.96529833E+02  0.17489135E-24
 0.96826745E+02  0.17488374E-24
 0.97124570E+02  0.17487624E-24
 0.97423312E+02  0.17486886E-24
 0.97722972E+02  0.17486160E-24
 0.98023554E+02  0.17485445E-24
 0.98325060E+02  0.17484742E-24
 0.98627494E+02  0.17484050E-24
 0.98930858E+02  0.17483370E-24
 0.99235156E+02  0.17482702E-24
 0.99540389E+02  0.17482045E-24
 0.99846561E+02  0.17481400E-24
 0.10015367E+03  0.17480767E-24
 0.10046173E+03  0.17480145E-24
 0.10077074E+03  0.17479534E-24
 0.10108070E+03  0.17478936E-24
 0.10139161E+03  0.17478348E-24
 0.10170347E+03  0.17477773E-24
 0.10201630E+03  0.17477208E-24
 0.10233008E+03  0.17476656E-24
 0.10264484E+03  0.17476114E-24
 0.10296056E+03  0.17475585E-24
 0.10327725E+03  0.17475067E-24
 0.10359492E+03  0.17474560E-24
 0.10391356E+03  0.17474065E-24
 0.10423318E+03  0.17473581E-24
 0.10455379E+03  0.17473109E-24
 0.10487538E+03  0.17472648E-24
 0.10519796E+03  0.17472199E-24
 0.10552154E+03  0.17471761E-24
 0.10584611E+03  0.17471335E-24
 0.10617168E+03  0.17470921E-24
 0.10649824E+03  0.17470517E-24
 0.10682582E+03  0.17470126E-24
 0.10715440E+03  0.17469745E-24
 0.10748399E+03  0.17469377E-24
 0.10781460E+03  0.17469019E-24
 0.10814622E+03  0.17468673E-24
 0.10847886E+03  0.17468339E-24
 0.10881253E+03  0.17468016E-24
 0.10914722E+03  0.17467705E-24
 0.10948294E+03  0.17467405E-24
 0.10981969E+03  0.17467117E-24
 0.11015748E+03  0.17466840E-24
 0.11049631E+03  0.17466575E-24
 0.11083618E+03  0.17466321E-24
 0.11117710E+03  0.17466079E-24
 0.11151906E+03  0.17465848E-24
 0.11186208E+03  0.17465629E-24
 0.11220615E+03  0.17465421E-24
 0.11255128E+03  0.17465225E-24
 0.11289747E+03  0.17465041E-24
 0.11324473E+03  0.17464868E-24
 0.11359306E+03  0.17464707E-24
 0.11394245E+03  0.17464557E-24
 0.11429292E+03  0.17464419E-24
 0.11464447E+03  0.17464292E-24
 0.11499710E+03  0.17464177E-24
 0.11535082E+03  0.17464074E-24
 0.11570562E+03  0.17463982E-24
 0.11606151E+03  0.17463902E-24
 0.11641850E+03  0.17463834E-24
 0.11677659E+03  0.17463777E-24
 0.11713578E+03  0.17463732E-24
 0.11749607E+03  0.17463699E-24
 0.11785747E+03  0.17463677E-24
 0.11821998E+03  0.17463667E-24
 0.11858361E+03  0.17463669E-24
 0.11894836E+03  0.17463683E-24
 0.11931423E+03  0.17463708E-24
 0.11968122E+03  0.17463745E-24
 0.12004934E+03  0.17463794E-24
 0.12041860E+03  0.17463855E-24
 0.12078899E+03  0.17463928E-24
 0.12116052E+03  0.17464012E-24
 0.12153319E+03  0.17464109E-24
 0.12190701E+03  0.17464217E-24
 0.12228198E+03  0.17464337E-24
 0.12265810E+03  0.17464469E-24
 0.12303538E+03  0.17464613E-24
 0.12341382E+03  0.17464769E-24
 0.12379342E+03  0.17464937E-24
 0.12417419E+03  0.17465117E-24
 0.12455613E+03  0.17465309E-24
 0.12493925E+03  0.17465514E-24
 0.12532355E+03  0.17465730E-24
 0.12570902E+03  0.17465958E-24
 0.12609569E+03  0.17466198E-24
 0.12648354E+03  0.17466451E-24
 0.12687259E+03  0.17466716E-24
 0.12726283E+03  0.17466993E-24
 0.12765427E+03  0.17467282E-24
 0.12804692E+03  0.17467583E-24
 0.12844077E+03  0.17467897E-24
 0.12883584E+03  0.17468223E-24
 0.12923212E+03  0.17468561E-24
 0.12962962E+03  0.17468912E-24
 0.13002834E+03  0.17469275E-24
 0.13042829E+03  0.17469650E-24
 0.13082947E+03  0.17470038E-24
 0.13123188E+03  0.17470438E-24
 0.13163553E+03  0.17470851E-24
 0.13204042E+03  0.17471276E-24
 0.13244656E+03  0.17471714E-24
 0.13285395E+03  0.17472165E-24
 0.13326259E+03  0.17472628E-24
 0.13367248E+03  0.17473104E-24
 0.13408364E+03  0.17473592E-24
 0.13449606E+03  0.17474093E-24
 0.13490975E+03  0.17474607E-24
 0.13532472E+03  0.17475133E-24
 0.13574096E+03  0.17475673E-24
 0.13615848E+03  0.17476225E-24
 0.13657728E+03  0.17476790E-24
 0.13699737E+03  0.17477368E-24
 0.13741876E+03  0.17477959E-24
 0.13784144E+03  0.17478563E-24
 0.13826542E+03  0.17479180E-24
 0.13869070E+03  0.17479810E-24
 0.13911730E+03  0.17480453E-24
 0.13954520E+03  0.17481110E-24
 0.13997442E+03  0.17481779E-24
 0.14040496E+03  0.17482462E-24
 0.14083683E+03  0.17483158E-24
 0.14127002E+03  0.17483867E-24
 0.14170455E+03  0.17484589E-24
 0.14214041E+03  0.17485325E-24
 0.14257762E+03  0.17486074E-24
 0.14301617E+03  0.17486837E-24
 0.14345606E+03  0.17487613E-24
 0.14389731E+03  0.17488403E-24
 0.14433992E+03  0.17489206E-24
 0.14478389E+03  0.17490023E-24
 0.14522922E+03  0.17490854E-24
 0.14567593E+03  0.17491698E-24
 0.14612401E+03  0.17492556E-24
 0.14657346E+03  0.17493428E-24
 0.14702430E+03  0.17494314E-24
 0.14747653E+03  0.17495213E-24
 0.14793015E+03  0.17496127E-24
 0.14838516E+03  0.17497054E-24
 0.14884157E+03  0.17497996E-24
 0.14929939E+03  0.17498952E-24
 0.14975861E+03  0.17499921E-24
 0.15021925E+03  0.17500905E-24
 0.15068130E+03  0.17501903E-24
 0.15114477E+03  0.17502916E-24
 0.15160967E+03  0.17503943E-24
 0.15207600E+03  0.17504984E-24
 0.15254377E+03  0.17506039E-24
 0.15301297E+03  0.17507109E-24
 0.15348362E+03  0.17508194E-24
 0.15395571E+03  0.17509293E-24
 0.15442926E+03  0.17510407E-24
 0.15490426E+03  0.17511535E-24
 0.15538072E+03  0.17512679E-24
 0.15585865E+03  0.17513837E-24
 0.15633805E+03  0.17515010E-24
 0.15681892E+03  0.17516197E-24
 0.15730128E+03  0.17517400E-24
 0.15778511E+03  0.17518618E-24
 0.15827044E+03  0.17519851E-24
 0.15875725E+03  0.17521099E-24
 0.15924557E+03  0.17522362E-24
 0.15973539E+03  0.17523641E-24
 0.16022671E+03  0.17524935E-24
 0.16071954E+03  0.17526244E-24
 0.16121389E+03  0.17527569E-24
 0.16170976E+03  0.17528909E-24
 0.16220716E+03  0.17530265E-24
 0.16270609E+03  0.17531636E-24
 0.16320655E+03  0.17533023E-24
 0.16370855E+03  0.17534426E-24
 0.16421209E+03  0.17535845E-24
 0.16471719E+03  0.17537280E-24
 0.16522383E+03  0.17538730E-24
 0.16573204E+03  0.17540197E-24
 0.16624181E+03  0.17541679E-24
 0.16675314E+03  0.17543178E-24
 0.16726605E+03  0.17544693E-24
 0.16778054E+03  0.17546224E-24
 0.16829661E+03  0.17547772E-24
 0.16881426E+03  0.17549336E-24
 0.16933351E+03  0.17550917E-24
 0.16985436E+03  0.17552514E-24
 0.17037681E+03  0.17554128E-24
 0.17090086E+03  0.17555758E-24
 0.17142653E+03  0.17557406E-24
 0.17195381E+03  0.17559070E-24
 0.17248272E+03  0.17560751E-24
 0.17301325E+03  0.17562449E-24
 0.17354541E+03  0.17564164E-24
 0.17407921E+03  0.17565897E-24
 0.17461466E+03  0.17567646E-24
 0.17515175E+03  0.17569413E-24
 0.17569049E+03  0.17571197E-24
 0.17623089E+03  0.17572999E-24
 0.17677295E+03  0.17574818E-24
 0.17731668E+03  0.17576655E-24
 0.17786208E+03  0.17578510E-24
 0.17840916E+03  0.17580382E-24
 0.17895792E+03  0.17582273E-24
 0.17950837E+03  0.17584181E-24
 0.18006051E+03  0.17586107E-24
 0.18061435E+03  0.17588052E-24
 0.18116989E+03  0.17590014E-24
 0.18172715E+03  0.17591995E-24
 0.18228611E+03  0.17593994E-24
 0.18284680E+03  0.17596012E-24
 0.18340921E+03  0.17598048E-24
 0.18397335E+03  0.17600103E-24
 0.18453923E+03  0.17602177E-24
 0.18510684E+03  0.17604269E-24
 0.18567621E+03  0.17606380E-24
 0.18624732E+03  0.17608511E-24
 0.18682019E+03  0.17610660E-24
 0.18739482E+03  0.17612829E-24
 0.18797122E+03  0.17615017E-24
 0.18854939E+03  0.17617224E-24
 0.18912935E+03  0.17619451E-24
 0.18971108E+03  0.17621697E-24
 0.19029460E+03  0.17623963E-24
 0.19087992E+03  0.17626248E-24
 0.19146704E+03  0.17628554E-24
 0.19205597E+03  0.17630880E-24
 0.19264671E+03  0.17633225E-24
 0.19323926E+03  0.17635591E-24
 0.19383364E+03  0.17637977E-24
 0.19442984E+03  0.17640384E-24
 0.19502788E+03  0.17642811E-24
 0.19562776E+03  0.17645258E-24
 0.19622948E+03  0.17647727E-24
 0.19683305E+03  0.17650216E-24
 0.19743849E+03  0.17652726E-24
 0.19804578E+03  0.17655258E-24
 0.19865494E+03  0.17657810E-24
 0.19926597E+03  0.17660384E-24
 0.19987889E+03  0.17662979E-24
 0.20049369E+03  0.17665596E-24
 0.20111038E+03  0.17668234E-24
 0.20172896E+03  0.17670895E-24
 0.20234945E+03  0.17673577E-24
 0.20297185E+03  0.17676282E-24
 0.20359616E+03  0.17679009E-24
 0.20422240E+03  0.17681758E-24
 0.20485056E+03  0.17684530E-24
 0.20548065E+03  0.17687324E-24
 0.20611268E+03  0.17690142E-24
 0.20674665E+03  0.17692982E-24
 0.20738257E+03  0.17695846E-24
 0.20802045E+03  0.17698733E-24
 0.20866029E+03  0.17701644E-24
 0.20930210E+03  0.17704579E-24
 0.20994589E+03  0.17707538E-24
 0.21059165E+03  0.17710522E-24
 0.21123940E+03  0.17713530E-24
 0.21188914E+03  0.17716563E-24
 0.21254088E+03  0.17719621E-24
 0.21319463E+03  0.17722704E-24
 0.21385039E+03  0.17725814E-24
 0.21450816E+03  0.17728950E-24
 0.21516796E+03  0.17732112E-24
 0.21582978E+03  0.17735302E-24
 0.21649364E+03  0.17738519E-24
 0.21715955E+03  0.17741765E-24
 0.21782750E+03  0.17745040E-24
 0.21849750E+03  0.17748345E-24
 0.21916957E+03  0.17751680E-24
 0.21984371E+03  0.17755048E-24
 0.22051991E+03  0.17758448E-24
 0.22119820E+03  0.17761883E-24
 0.22187858E+03  0.17765355E-24
 0.22256104E+03  0.17768865E-24
 0.22324561E+03  0.17772416E-24
 0.22393228E+03  0.17776012E-24
 0.22462107E+03  0.17779657E-24
 0.22531197E+03  0.17783356E-24
 0.22600500E+03  0.17787116E-24
 0.22670016E+03  0.17790945E-24
 0.22739745E+03  0.17794855E-24
 0.22809689E+03  0.17798863E-24
 0.22879849E+03  0.17802990E-24
 0.22950224E+03  0.17807267E-24
 0.23020816E+03  0.17811740E-24
 0.23091624E+03  0.17816476E-24
 0.23162651E+03  0.17821581E-24
 0.23233896E+03  0.17827230E-24
 0.23305360E+03  0.17833719E-24
 0.23377044E+03  0.17841602E-24
 0.23448949E+03  0.17851994E-24
 0.23521074E+03  0.17867444E-24
 0.23593422E+03  0.17894882E-24
 0.23665992E+03  0.17959191E-24
 0.23738785E+03  0.18212194E-24
 0.23811802E+03  0.24164263E-24
 0.23885044E+03  0.18989591E-24
 0.23958511E+03  0.18056663E-24
 0.24032204E+03  0.17939735E-24
 0.24106123E+03  0.17906492E-24
 0.24180270E+03  0.17894466E-24
 0.24254646E+03  0.17890224E-24
 0.24329249E+03  0.17889503E-24
 0.24404083E+03  0.17890609E-24
 0.24479146E+03  0.17892764E-24
 0.24554441E+03  0.17895567E-24
 0.24629967E+03  0.17898797E-24
 0.24705725E+03  0.17902324E-24
 0.24781716E+03  0.17906066E-24
 0.24857941E+03  0.17909972E-24
 0.24934401E+03  0.17914005E-24
 0.25011095E+03  0.17918141E-24
 0.25088026E+03  0.17922365E-24
 0.25165193E+03  0.17926662E-24
 0.25242598E+03  0.17931025E-24
 0.25320240E+03  0.17935446E-24
 0.25398122E+03  0.17939921E-24
 0.25476243E+03  0.17944446E-24
 0.25554604E+03  0.17949016E-24
 0.25633206E+03  0.17953631E-24
 0.25712050E+03  0.17958289E-24
 0.25791137E+03  0.17962987E-24
 0.25870467E+03  0.17967725E-24
 0.25950041E+03  0.17972502E-24
 0.26029859E+03  0.17977316E-24
 0.26109924E+03  0.17982169E-24
 0.26190234E+03  0.17987058E-24
 0.26270792E+03  0.17991984E-24
 0.26351597E+03  0.17996946E-24
 0.26432650E+03  0.18001945E-24
 0.26513954E+03  0.18006980E-24
 0.26595507E+03  0.18012051E-24
 0.26677311E+03  0.18017157E-24
 0.26759366E+03  0.18022300E-24
 0.26841674E+03  0.18027478E-24
 0.26924236E+03  0.18032693E-24
 0.27007051E+03  0.18037943E-24
 0.27090121E+03  0.18043230E-24
 0.27173446E+03  0.18048552E-24
 0.27257028E+03  0.18053911E-24
 0.27340866E+03  0.18059306E-24
 0.27424963E+03  0.18064737E-24
 0.27509318E+03  0.18070205E-24
 0.27593933E+03  0.18075709E-24
 0.27678808E+03  0.18081251E-24
 0.27763944E+03  0.18086829E-24
 0.27849342E+03  0.18092444E-24
 0.27935003E+03  0.18098097E-24
 0.28020927E+03  0.18103787E-24
 0.28107115E+03  0.18109514E-24
 0.28193569E+03  0.18115279E-24
 0.28280288E+03  0.18121082E-24
 0.28367274E+03  0.18126924E-24
 0.28454528E+03  0.18132803E-24
 0.28542050E+03  0.18138721E-24
 0.28629841E+03  0.18144677E-24
 0.28717903E+03  0.18150672E-24
 0.28806235E+03  0.18156707E-24
 0.28894839E+03  0.18162780E-24
 0.28983715E+03  0.18168893E-24
 0.29072865E+03  0.18175045E-24
 0.29162289E+03  0.18181237E-24
 0.29251988E+03  0.18187469E-24
 0.29341963E+03  0.18193741E-24
 0.29432215E+03  0.18200053E-24
 0.29522744E+03  0.18206406E-24
 0.29613552E+03  0.18212800E-24
 0.29704639E+03  0.18219235E-24
 0.29796006E+03  0.18225711E-24
 0.29887654E+03  0.18232228E-24
 0.29979584E+03  0.18238787E-24
 0.30071797E+03  0.18245387E-24
 0.30164294E+03  0.18252030E-24
 0.30257075E+03  0.18258715E-24
 0.30350142E+03  0.18265442E-24
 0.30443494E+03  0.18272212E-24
 0.30537134E+03  0.18279025E-24
 0.30631062E+03  0.18285881E-24
 0.30725279E+03  0.18292780E-24
 0.30819785E+03  0.18299722E-24
 0.30914583E+03  0.18306709E-24
 0.31009672E+03  0.18313740E-24
 0.31105053E+03  0.18320814E-24
 0.31200728E+03  0.18327933E-24
 0.31296697E+03  0.18335097E-24
 0.31392961E+03  0.18342306E-24
 0.31489521E+03  0.18349560E-24
 0.31586378E+03  0.18356859E-24
 0.31683534E+03  0.18364204E-24
 0.31780988E+03  0.18371595E-24
 0.31878741E+03  0.18379031E-24
 0.31976796E+03  0.18386515E-24
 0.32075152E+03  0.18394044E-24
 0.32173811E+03  0.18401621E-24
 0.32272773E+03  0.18409244E-24
 0.32372039E+03  0.18416915E-24
 0.32471611E+03  0.18424633E-24
 0.32571489E+03  0.18432399E-24
 0.32671674E+03  0.18440213E-24
 0.32772168E+03  0.18448075E-24
 0.32872970E+03  0.18455986E-24
 0.32974083E+03  0.18463945E-24
 0.33075506E+03  0.18471954E-24
 0.33177242E+03  0.18480012E-24
 0.33279290E+03  0.18488119E-24
 0.33381653E+03  0.18496276E-24
 0.33484330E+03  0.18504483E-24
 0.33587323E+03  0.18512741E-24
 0.33690633E+03  0.18521048E-24
 0.33794261E+03  0.18529407E-24
 0.33898207E+03  0.18537817E-24
 0.34002473E+03  0.18546278E-24
 0.34107060E+03  0.18554790E-24
 0.34211968E+03  0.18563355E-24
 0.34317199E+03  0.18571972E-24
 0.34422754E+03  0.18580640E-24
 0.34528634E+03  0.18589362E-24
 0.34634839E+03  0.18598137E-24
 0.34741371E+03  0.18606964E-24
 0.34848230E+03  0.18615845E-24
 0.34955418E+03  0.18624780E-24
 0.35062936E+03  0.18633769E-24
 0.35170785E+03  0.18642812E-24
 0.35278965E+03  0.18651910E-24
 0.35387478E+03  0.18661063E-24
 0.35496325E+03  0.18670270E-24
 0.35605507E+03  0.18679533E-24
 0.35715024E+03  0.18688852E-24
 0.35824879E+03  0.18698227E-24
 0.35935071E+03  0.18707658E-24
 0.36045602E+03  0.18717145E-24
 0.36156473E+03  0.18726689E-24
 0.36267685E+03  0.18736291E-24
 0.36379240E+03  0.18745949E-24
 0.36491137E+03  0.18755666E-24
 0.36603379E+03  0.18765440E-24
 0.36715965E+03  0.18775273E-24
 0.36828898E+03  0.18785164E-24
 0.36942179E+03  0.18795114E-24
 0.37055808E+03  0.18805123E-24
 0.37169786E+03  0.18815192E-24
 0.37284115E+03  0.18825320E-24
 0.37398796E+03  0.18835508E-24
 0.37513829E+03  0.18845757E-24
 0.37629216E+03  0.18856067E-24
 0.37744959E+03  0.18866437E-24
 0.37861057E+03  0.18876869E-24
 0.37977512E+03  0.18887362E-24
 0.38094325E+03  0.18897917E-24
 0.38211498E+03  0.18908534E-24
 0.38329031E+03  0.18919214E-24
 0.38446926E+03  0.18929956E-24
 0.38565183E+03  0.18940762E-24
 0.38683804E+03  0.18951631E-24
 0.38802790E+03  0.18962564E-24
 0.38922142E+03  0.18973561E-24
 0.39041861E+03  0.18984622E-24
 0.39161948E+03  0.18995748E-24
 0.39282405E+03  0.19006939E-24
 0.39403232E+03  0.19018195E-24
 0.39524431E+03  0.19029517E-24
 0.39646002E+03  0.19040905E-24
 0.39767948E+03  0.19052360E-24
 0.39890268E+03  0.19063881E-24
 0.40012965E+03  0.19075469E-24
 0.40136039E+03  0.19087124E-24
 0.40259492E+03  0.19098847E-24
 0.40383324E+03  0.19110638E-24
 0.40507538E+03  0.19122497E-24
 0.40632133E+03  0.19134425E-24
 0.40757112E+03  0.19146422E-24
 0.40882475E+03  0.19158488E-24
 0.41008224E+03  0.19170624E-24
 0.41134359E+03  0.19182830E-24
 0.41260883E+03  0.19195106E-24
 0.41387795E+03  0.19207453E-24
 0.41515098E+03  0.19219871E-24
 0.41642793E+03  0.19232360E-24
 0.41770880E+03  0.19244921E-24
 0.41899361E+03  0.19257554E-24
 0.42028238E+03  0.19270260E-24
 0.42157511E+03  0.19283038E-24
 0.42287181E+03  0.19295890E-24
 0.42417251E+03  0.19308815E-24
 0.42547720E+03  0.19321814E-24
 0.42678591E+03  0.19334887E-24
 0.42809864E+03  0.19348035E-24
 0.42941541E+03  0.19361258E-24
 0.43073623E+03  0.19374556E-24
 0.43206111E+03  0.19387930E-24
 0.43339007E+03  0.19401379E-24
 0.43472312E+03  0.19414906E-24
 0.43606027E+03  0.19428509E-24
 0.43740153E+03  0.19442190E-24
 0.43874691E+03  0.19455948E-24
 0.44009643E+03  0.19469784E-24
 0.44145011E+03  0.19483698E-24
 0.44280795E+03  0.19497692E-24
 0.44416996E+03  0.19511765E-24
 0.44553616E+03  0.19525917E-24
 0.44690657E+03  0.19540150E-24
 0.44828119E+03  0.19554463E-24
 0.44966004E+03  0.19568857E-24
 0.45104313E+03  0.19583333E-24
 0.45243047E+03  0.19597892E-24
 0.45382209E+03  0.19612533E-24
 0.45521798E+03  0.19627258E-24
 0.45661816E+03  0.19642067E-24
 0.45802266E+03  0.19656963E-24
 0.45943147E+03  0.19671945E-24
 0.46084462E+03  0.19687016E-24
 0.46226211E+03  0.19702179E-24
 0.46368396E+03  0.19717437E-24
 0.46511019E+03  0.19732796E-24
 0.46654080E+03  0.19748268E-24
 0.46797581E+03  0.19763873E-24
 0.46941524E+03  0.19779650E-24
 0.47085910E+03  0.19795699E-24
 0.47230739E+03  0.19812304E-24
 0.47376014E+03  0.19830625E-24
 0.47521736E+03  0.19860240E-24
 0.47667906E+03  0.48022630E-24
 0.47814526E+03  0.19890544E-24
 0.47961597E+03  0.19894378E-24
 0.48109120E+03  0.19908321E-24
 0.48257096E+03  0.19923857E-24
 0.48405528E+03  0.19939920E-24
 0.48554417E+03  0.19956245E-24
 0.48703763E+03  0.19972741E-24
 0.48853569E+03  0.19989372E-24
 0.49003836E+03  0.20006120E-24
 0.49154565E+03  0.20022974E-24
 0.49305757E+03  0.20039932E-24
 0.49457415E+03  0.20056989E-24
 0.49609539E+03  0.20074144E-24
 0.49762131E+03  0.20091396E-24
 0.49915192E+03  0.20108745E-24
 0.50068724E+03  0.20126191E-24
 0.50222728E+03  0.20143732E-24
 0.50377206E+03  0.20161371E-24
 0.50532159E+03  0.20179106E-24
 0.50687589E+03  0.20196938E-24
 0.50843497E+03  0.20214868E-24
 0.50999884E+03  0.20232895E-24
 0.51156753E+03  0.20251020E-24
 0.51314103E+03  0.20269244E-24
 0.51471938E+03  0.20287566E-24
 0.51630259E+03  0.20305988E-24
 0.51789066E+03  0.20324509E-24
 0.51948362E+03  0.20343130E-24
 0.52108148E+03  0.20361851E-24
 0.52268425E+03  0.20380673E-24
 0.52429195E+03  0.20399596E-24
 0.52590460E+03  0.20418621E-24
 0.52752221E+03  0.20437749E-24
 0.52914479E+03  0.20456978E-24
 0.53077236E+03  0.20476311E-24
 0.53240495E+03  0.20495747E-24
 0.53404255E+03  0.20515287E-24
 0.53568519E+03  0.20534931E-24
 0.53733288E+03  0.20554680E-24
 0.53898564E+03  0.20574535E-24
 0.54064348E+03  0.20594495E-24
 0.54230642E+03  0.20614561E-24
 0.54397448E+03  0.20634734E-24
 0.54564767E+03  0.20655014E-24
 0.54732600E+03  0.20675401E-24
 0.54900950E+03  0.20695897E-24
 0.55069818E+03  0.20716500E-24
 0.55239205E+03  0.20737213E-24
 0.55409112E+03  0.20758036E-24
 0.55579543E+03  0.20778968E-24
 0.55750498E+03  0.20800010E-24
 0.55921978E+03  0.20821164E-24
 0.56093986E+03  0.20842428E-24
 0.56266524E+03  0.20863805E-24
 0.56439591E+03  0.20885293E-24
 0.56613192E+03  0.20906895E-24
 0.56787326E+03  0.20928609E-24
 0.56961995E+03  0.20950437E-24
 0.57137202E+03  0.20972380E-24
 0.57312948E+03  0.20994437E-24
 0.57489235E+03  0.21016609E-24
 0.57666064E+03  0.21038897E-24
 0.57843436E+03  0.21061301E-24
 0.58021354E+03  0.21083822E-24
 0.58199820E+03  0.21106460E-24
 0.58378834E+03  0.21129215E-24
 0.58558399E+03  0.21152089E-24
 0.58738517E+03  0.21175081E-24
 0.58919188E+03  0.21198192E-24
 0.59100415E+03  0.21221423E-24
 0.59282199E+03  0.21244774E-24
 0.59464543E+03  0.21268245E-24
 0.59647448E+03  0.21291838E-24
 0.59830915E+03  0.21315552E-24
 0.60014946E+03  0.21339388E-24
 0.60199543E+03  0.21363347E-24
 0.60384709E+03  0.21387429E-24
 0.60570443E+03  0.21411635E-24
 0.60756750E+03  0.21435964E-24
 0.60943629E+03  0.21460419E-24
 0.61131083E+03  0.21484998E-24
 0.61319113E+03  0.21509703E-24
 0.61507722E+03  0.21534535E-24
 0.61696911E+03  0.21559493E-24
 0.61886682E+03  0.21584578E-24
 0.62077037E+03  0.21609791E-24
 0.62267977E+03  0.21635133E-24
 0.62459504E+03  0.21660603E-24
 0.62651621E+03  0.21686202E-24
 0.62844328E+03  0.21711931E-24
 0.63037629E+03  0.21737791E-24
 0.63231523E+03  0.21763781E-24
 0.63426014E+03  0.21789903E-24
 0.63621104E+03  0.21816157E-24
 0.63816793E+03  0.21842543E-24
 0.64013085E+03  0.21869062E-24
 0.64209980E+03  0.21895715E-24
 0.64407481E+03  0.21922502E-24
 0.64605589E+03  0.21949424E-24
 0.64804307E+03  0.21976480E-24
 0.65003635E+03  0.22003673E-24
 0.65203577E+03  0.22031001E-24
 0.65404134E+03  0.22058466E-24
 0.65605308E+03  0.22086069E-24
 0.65807101E+03  0.22113810E-24
 0.66009514E+03  0.22141688E-24
 0.66212550E+03  0.22169706E-24
 0.66416210E+03  0.22197864E-24
 0.66620497E+03  0.22226161E-24
 0.66825412E+03  0.22254599E-24
 0.67030958E+03  0.22283178E-24
 0.67237136E+03  0.22311899E-24
 0.67443947E+03  0.22340763E-24
 0.67651395E+03  0.22369769E-24
 0.67859481E+03  0.22398918E-24
 0.68068208E+03  0.22428212E-24
 0.68277576E+03  0.22457650E-24
 0.68487588E+03  0.22487234E-24
 0.68698246E+03  0.22516963E-24
 0.68909552E+03  0.22546839E-24
 0.69121508E+03  0.22576863E-24
 0.69334116E+03  0.22607034E-24
 0.69547378E+03  0.22637355E-24
 0.69761296E+03  0.22667826E-24
 0.69975872E+03  0.22698449E-24
 0.70191107E+03  0.22729227E-24
 0.70407005E+03  0.22760165E-24
 0.70623567E+03  0.22791275E-24
 0.70840795E+03  0.22822589E-24
 0.71058691E+03  0.22854239E-24
 0.71277258E+03  0.22887270E-24
 0.71496497E+03  0.63942040E-24
 0.71716410E+03  0.22950753E-24
 0.71936999E+03  0.22981211E-24
 0.72158267E+03  0.23013067E-24
 0.72380216E+03  0.23045260E-24
 0.72602847E+03  0.23077661E-24
 0.72826163E+03  0.23110239E-24
 0.73050166E+03  0.23142983E-24
 0.73274858E+03  0.23175890E-24
 0.73500241E+03  0.23208958E-24
 0.73726317E+03  0.23242187E-24
 0.73953089E+03  0.23275576E-24
 0.74180558E+03  0.23309126E-24
 0.74408727E+03  0.23342837E-24
 0.74637598E+03  0.23376710E-24
 0.74867172E+03  0.23410744E-24
 0.75097453E+03  0.23444942E-24
 0.75328442E+03  0.23479302E-24
 0.75560142E+03  0.23513826E-24
 0.75792554E+03  0.23548515E-24
 0.76025681E+03  0.23583368E-24
 0.76259525E+03  0.23618386E-24
 0.76494089E+03  0.23653571E-24
 0.76729374E+03  0.23688922E-24
 0.76965382E+03  0.23724440E-24
 0.77202117E+03  0.23760127E-24
 0.77439580E+03  0.23795981E-24
 0.77677773E+03  0.23832005E-24
 0.77916699E+03  0.23868198E-24
 0.78156359E+03  0.23904561E-24
 0.78396757E+03  0.23941095E-24
 0.78637895E+03  0.23977801E-24
 0.78879774E+03  0.24014678E-24
 0.79122397E+03  0.24051729E-24
 0.79365766E+03  0.24088952E-24
 0.79609884E+03  0.24126350E-24
 0.79854752E+03  0.24163922E-24
 0.80100374E+03  0.24201669E-24
 0.80346752E+03  0.24239592E-24
 0.80593887E+03  0.24277691E-24
 0.80841782E+03  0.24315967E-24
 0.81090440E+03  0.24354421E-24
 0.81339863E+03  0.24393053E-24
 0.81590052E+03  0.24431864E-24
 0.81841012E+03  0.24470854E-24
 0.82092743E+03  0.24510025E-24
 0.82345249E+03  0.24549376E-24
 0.82598531E+03  0.24588909E-24
 0.82852592E+03  0.24628623E-24
 0.83107435E+03  0.24668521E-24
 0.83363062E+03  0.24708601E-24
 0.83619475E+03  0.24748866E-24
 0.83876676E+03  0.24789315E-24
 0.84134669E+03  0.24829950E-24
 0.84393456E+03  0.24870770E-24
 0.84653038E+03  0.24911777E-24
 0.84913419E+03  0.24952970E-24
 0.85174600E+03  0.24994352E-24
 0.85436585E+03  0.25035922E-24
 0.85699376E+03  0.25077681E-24
 0.85962975E+03  0.25119630E-24
 0.86227385E+03  0.25161769E-24
 0.86492608E+03  0.25204100E-24
 0.86758647E+03  0.25246622E-24
 0.87025504E+03  0.25289336E-24
 0.87293182E+03  0.25332243E-24
 0.87561684E+03  0.25375344E-24
 0.87831011E+03  0.25418639E-24
 0.88101167E+03  0.25462130E-24
 0.88372154E+03  0.25505815E-24
 0.88643974E+03  0.25549697E-24
 0.88916630E+03  0.25593776E-24
 0.89190125E+03  0.25638053E-24
 0.89464461E+03  0.25682528E-24
 0.89739641E+03  0.25727202E-24
 0.90015667E+03  0.25772075E-24
 0.90292543E+03  0.25817149E-24
 0.90570270E+03  0.25862423E-24
 0.90848851E+03  0.25907899E-24
 0.91128289E+03  0.25953578E-24
 0.91408587E+03  0.25999460E-24
 0.91689747E+03  0.26045545E-24
 0.91971771E+03  0.26091834E-24
 0.92254664E+03  0.26138329E-24
 0.92538426E+03  0.26185030E-24
 0.92823061E+03  0.26231937E-24
 0.93108571E+03  0.26279052E-24
 0.93394960E+03  0.26326375E-24
 0.93682230E+03  0.26373908E-24
 0.93970383E+03  0.26421652E-24
 0.94259423E+03  0.26469612E-24
 0.94549351E+03  0.26517799E-24
 0.94840172E+03  0.26566260E-24
 0.95131886E+03  0.26615614E-24
 0.95424499E+03  0.26667522E-24
 0.95718011E+03  0.26712725E-24
 0.96012426E+03  0.26761785E-24
 0.96307746E+03  0.26811181E-24
 0.96603975E+03  0.26860817E-24
 0.96901115E+03  0.26910676E-24
 0.97199169E+03  0.26960755E-24
 0.97498140E+03  0.27011053E-24
 0.97798031E+03  0.27061569E-24
 0.98098844E+03  0.27112306E-24
 0.98400582E+03  0.27163262E-24
 0.98703248E+03  0.27214438E-24
 0.99006845E+03  0.27265835E-24
 0.99311376E+03  0.27317454E-24
 0.99616844E+03  0.27369296E-24
 0.99923251E+03  0.27421360E-24
 0.10023060E+04  0.27473648E-24
 0.10053890E+04  0.27526161E-24
 0.10084814E+04  0.27578899E-24
 0.10115833E+04  0.27631862E-24
 0.10146948E+04  0.27685053E-24
 0.10178159E+04  0.27738470E-24
 0.10209465E+04  0.27792116E-24
 0.10240868E+04  0.27845990E-24
 0.10272368E+04  0.27900094E-24
 0.10303964E+04  0.27954428E-24
 0.10335658E+04  0.28008992E-24
 0.10367449E+04  0.28063789E-24
 0.10399337E+04  0.28118818E-24
 0.10431324E+04  0.28174080E-24
 0.10463410E+04  0.28229575E-24
 0.10495594E+04  0.28285306E-24
 0.10527876E+04  0.28341271E-24
 0.10560259E+04  0.28397473E-24
 0.10592741E+04  0.28453911E-24
 0.10625322E+04  0.28510587E-24
 0.10658004E+04  0.28567501E-24
 0.10690787E+04  0.28624654E-24
 0.10723670E+04  0.28682046E-24
 0.10756655E+04  0.28739680E-24
 0.10789741E+04  0.28797554E-24
 0.10822928E+04  0.28855670E-24
 0.10856218E+04  0.28914029E-24
 0.10889610E+04  0.28972632E-24
 0.10923105E+04  0.29031478E-24
 0.10956703E+04  0.29090570E-24
 0.10990404E+04  0.29149907E-24
 0.11024209E+04  0.29209491E-24
 0.11058118E+04  0.29269322E-24
 0.11092131E+04  0.29329401E-24
 0.11126249E+04  0.29389728E-24
 0.11160472E+04  0.29450305E-24
 0.11194800E+04  0.29511133E-24
 0.11229234E+04  0.29572211E-24
 0.11263773E+04  0.29633542E-24
 0.11298419E+04  0.29695124E-24
 0.11333171E+04  0.29756960E-24
 0.11368030E+04  0.29819051E-24
 0.11402997E+04  0.29881396E-24
 0.11438071E+04  0.29943997E-24
 0.11473253E+04  0.30006854E-24
 0.11508543E+04  0.30069968E-24
 0.11543942E+04  0.30133341E-24
 0.11579449E+04  0.30196972E-24
 0.11615066E+04  0.30260863E-24
 0.11650792E+04  0.30325014E-24
 0.11686628E+04  0.30389427E-24
 0.11722575E+04  0.30454102E-24
 0.11758632E+04  0.30519041E-24
 0.11794800E+04  0.30584246E-24
 0.11831079E+04  0.30649721E-24
 0.11867469E+04  0.30715497E-24
 0.11903972E+04  0.30782508E-24
 0.11940587E+04  0.30847959E-24
 0.11977314E+04  0.30914257E-24
 0.12014155E+04  0.30981028E-24
 0.12051109E+04  0.31048087E-24
 0.12088176E+04  0.31115420E-24
 0.12125358E+04  0.31183025E-24
 0.12162654E+04  0.31250903E-24
 0.12200064E+04  0.31319053E-24
 0.12237590E+04  0.31387477E-24
 0.12275231E+04  0.31456174E-24
 0.12312988E+04  0.31525146E-24
 0.12350861E+04  0.31594394E-24
 0.12388850E+04  0.31663919E-24
 0.12426957E+04  0.31733720E-24
 0.12465180E+04  0.31803800E-24
 0.12503521E+04  0.31874158E-24
 0.12541981E+04  0.31944796E-24
 0.12580558E+04  0.32015715E-24
 0.12619254E+04  0.32086915E-24
 0.12658069E+04  0.32158396E-24
 0.12697003E+04  0.32230161E-24
 0.12736058E+04  0.32302210E-24
 0.12775232E+04  0.32374543E-24
 0.12814527E+04  0.32447162E-24
 0.12853942E+04  0.32520067E-24
 0.12893479E+04  0.32593260E-24
 0.12933138E+04  0.32666740E-24
 0.12972918E+04  0.32740509E-24
 0.13012821E+04  0.32814568E-24
 0.13052847E+04  0.32888917E-24
 0.13092995E+04  0.32963558E-24
 0.13133268E+04  0.33038491E-24
 0.13173664E+04  0.33113717E-24
 0.13214184E+04  0.33189237E-24
 0.13254829E+04  0.33265052E-24
 0.13295599E+04  0.33341163E-24
 0.13336494E+04  0.33417570E-24
 0.13377515E+04  0.33494274E-24
 0.13418663E+04  0.33571277E-24
 0.13459937E+04  0.33648579E-24
 0.13501337E+04  0.33726181E-24
 0.13542866E+04  0.33804084E-24
 0.13584522E+04  0.33882289E-24
 0.13626306E+04  0.33960796E-24
 0.13668218E+04  0.34039607E-24
 0.13710260E+04  0.34118722E-24
 0.13752431E+04  0.34198143E-24
 0.13794731E+04  0.34277869E-24
 0.13837162E+04  0.34357903E-24
 0.13879723E+04  0.34438245E-24
 0.13922415E+04  0.34518896E-24
 0.13965238E+04  0.34599856E-24
 0.14008193E+04  0.34681127E-24
 0.14051281E+04  0.34762710E-24
 0.14094500E+04  0.34844606E-24
 0.14137853E+04  0.34926815E-24
 0.14181339E+04  0.35009341E-24
 0.14224959E+04  0.35092188E-24
 0.14268713E+04  0.35175416E-24
 0.14312601E+04  0.35259287E-24
 0.14356625E+04  0.35342611E-24
 0.14400784E+04  0.35426701E-24
 0.14445079E+04  0.35511124E-24
 0.14489510E+04  0.35595870E-24
 0.14534077E+04  0.35680939E-24
 0.14578782E+04  0.35766330E-24
 0.14623624E+04  0.35852046E-24
 0.14668604E+04  0.35938085E-24
 0.14713723E+04  0.36024450E-24
 0.14758980E+04  0.36111141E-24
 0.14804377E+04  0.36198160E-24
 0.14849913E+04  0.36285506E-24
 0.14895589E+04  0.36373182E-24
 0.14941406E+04  0.36461187E-24
 0.14987364E+04  0.36549524E-24
 0.15033463E+04  0.36638192E-24
 0.15079703E+04  0.36727194E-24
 0.15126086E+04  0.36816529E-24
 0.15172612E+04  0.36906199E-24
 0.15219281E+04  0.36996204E-24
 0.15266093E+04  0.37086546E-24
 0.15313050E+04  0.37177226E-24
 0.15360150E+04  0.37268245E-24
 0.15407396E+04  0.37359603E-24
 0.15454787E+04  0.37451302E-24
 0.15502324E+04  0.37543342E-24
 0.15550007E+04  0.37635725E-24
 0.15597836E+04  0.37728451E-24
 0.15645813E+04  0.37821521E-24
 0.15693937E+04  0.37914937E-24
 0.15742210E+04  0.38008700E-24
 0.15790630E+04  0.38102810E-24
 0.15839200E+04  0.38197268E-24
 0.15887919E+04  0.38292076E-24
 0.15936788E+04  0.38387234E-24
 0.15985807E+04  0.38482744E-24
 0.16034978E+04  0.38578606E-24
 0.16084299E+04  0.38674822E-24
 0.16133772E+04  0.38771392E-24
 0.16183397E+04  0.38868317E-24
 0.16233175E+04  0.38965599E-24
 0.16283106E+04  0.39063238E-24
 0.16333190E+04  0.39161236E-24
 0.16383429E+04  0.39259594E-24
 0.16433822E+04  0.39358312E-24
 0.16484370E+04  0.39457392E-24
 0.16535074E+04  0.39556835E-24
 0.16585933E+04  0.39656643E-24
 0.16636949E+04  0.39756831E-24
 0.16688122E+04  0.39859008E-24
 0.16739452E+04  0.39958262E-24
 0.16790941E+04  0.40059522E-24
 0.16842587E+04  0.40161159E-24
 0.16894393E+04  0.40263167E-24
 0.16946357E+04  0.40365547E-24
 0.16998482E+04  0.40468299E-24
 0.17050767E+04  0.40571424E-24
 0.17103213E+04  0.40674924E-24
 0.17155820E+04  0.40778798E-24
 0.17208588E+04  0.40883049E-24
 0.17261520E+04  0.40987677E-24
 0.17314614E+04  0.41092684E-24
 0.17367871E+04  0.41198070E-24
 0.17421292E+04  0.41303836E-24
 0.17474877E+04  0.41409984E-24
 0.17528628E+04  0.41516516E-24
 0.17582543E+04  0.41623430E-24
 0.17636625E+04  0.41730730E-24
 0.17690872E+04  0.41838415E-24
 0.17745287E+04  0.41946488E-24
 0.17799869E+04  0.42054949E-24
 0.17854619E+04  0.42163799E-24
 0.17909537E+04  0.42273040E-24
 0.17964624E+04  0.42382672E-24
 0.18019881E+04  0.42492697E-24
 0.18075308E+04  0.42603115E-24
 0.18130905E+04  0.42713929E-24
 0.18186673E+04  0.42825138E-24
 0.18242612E+04  0.42936744E-24
 0.18298724E+04  0.43048749E-24
 0.18355008E+04  0.43161153E-24
 0.18411466E+04  0.43273958E-24
 0.18468097E+04  0.43387164E-24
 0.18524902E+04  0.43500773E-24
 0.18581882E+04  0.43614786E-24
 0.18639037E+04  0.43729204E-24
 0.18696368E+04  0.43844029E-24
 0.18753876E+04  0.43959261E-24
 0.18811560E+04  0.44074901E-24
 0.18869422E+04  0.44190951E-24
 0.18927461E+04  0.44307413E-24
 0.18985679E+04  0.44424289E-24
 0.19044077E+04  0.44541631E-24
 0.19102653E+04  0.44659292E-24
 0.19161411E+04  0.44777390E-24
 0.19220348E+04  0.44895921E-24
 0.19279467E+04  0.45014871E-24
 0.19338768E+04  0.45134241E-24
 0.19398252E+04  0.45254031E-24
 0.19457918E+04  0.45374243E-24
 0.19517768E+04  0.45494877E-24
 0.19577802E+04  0.45615936E-24
 0.19638020E+04  0.45737419E-24
 0.19698424E+04  0.45859329E-24
 0.19759013E+04  0.45981666E-24
 0.19819789E+04  0.46104433E-24
 0.19880752E+04  0.46227629E-24
 0.19941903E+04  0.46351256E-24
 0.20003241E+04  0.46475316E-24
 0.20064768E+04  0.46599810E-24
 0.20126484E+04  0.46724738E-24
 0.20188391E+04  0.46850103E-24
 0.20250487E+04  0.46975905E-24
 0.20312775E+04  0.47102146E-24
 0.20375254E+04  0.47228826E-24
 0.20437926E+04  0.47355948E-24
 0.20500790E+04  0.47483512E-24
 0.20563847E+04  0.47611520E-24
 0.20627099E+04  0.47739973E-24
 0.20690545E+04  0.47868872E-24
 0.20754186E+04  0.47998218E-24
 0.20818023E+04  0.48128013E-24
 0.20882056E+04  0.48258258E-24
 0.20946286E+04  0.48388955E-24
 0.21010714E+04  0.48520104E-24
 0.21075340E+04  0.48651707E-24
 0.21140165E+04  0.48783765E-24
 0.21205189E+04  0.48916280E-24
 0.21270413E+04  0.49049253E-24
 0.21335838E+04  0.49182685E-24
 0.21401464E+04  0.49316584E-24
 0.21467292E+04  0.49450987E-24
 0.21533322E+04  0.49585749E-24
 0.21599556E+04  0.49721028E-24
 0.21665993E+04  0.49856774E-24
 0.21732634E+04  0.49992988E-24
 0.21799481E+04  0.50129670E-24
 0.21866533E+04  0.50266822E-24
 0.21933791E+04  0.50404445E-24
 0.22001256E+04  0.50542540E-24
 0.22068929E+04  0.50681109E-24
 0.22136810E+04  0.50820154E-24
 0.22204900E+04  0.50959674E-24
 0.22273199E+04  0.51099673E-24
 0.22341708E+04  0.51240150E-24
 0.22410428E+04  0.51381108E-24
 0.22479359E+04  0.51522549E-24
 0.22548503E+04  0.51664472E-24
 0.22617859E+04  0.51806880E-24
 0.22687428E+04  0.51949774E-24
 0.22757211E+04  0.52093214E-24
 0.22827209E+04  0.52237933E-24
 0.22897422E+04  0.52383140E-24
 0.22967852E+04  0.52528837E-24
 0.23038497E+04  0.52675025E-24
 0.23109361E+04  0.52821706E-24
 0.23180442E+04  0.52968880E-24
 0.23251741E+04  0.53116550E-24
 0.23323261E+04  0.53264716E-24
 0.23395000E+04  0.53413380E-24
 0.23466959E+04  0.53562544E-24
 0.23539140E+04  0.53712209E-24
 0.23611543E+04  0.53862377E-24
 0.23684169E+04  0.54013048E-24
 0.23757018E+04  0.54164227E-24
 0.23830091E+04  0.54318079E-24
 0.23903389E+04  0.54468102E-24
 0.23976913E+04  0.54620802E-24
 0.24050662E+04  0.54774015E-24
 0.24124639E+04  0.54927740E-24
 0.24198843E+04  0.55081980E-24
 0.24273275E+04  0.55236735E-24
 0.24347936E+04  0.55392008E-24
 0.24422827E+04  0.55547799E-24
 0.24497948E+04  0.55704111E-24
 0.24573300E+04  0.55860944E-24
 0.24648884E+04  0.56018300E-24
 0.24724701E+04  0.56176181E-24
 0.24800750E+04  0.56334588E-24
 0.24877034E+04  0.56493523E-24
 0.24953552E+04  0.56652988E-24
 0.25030306E+04  0.56812983E-24
 0.25107295E+04  0.56973510E-24
 0.25184522E+04  0.57134572E-24
 0.25261986E+04  0.57296169E-24
 0.25339688E+04  0.57458303E-24
 0.25417630E+04  0.57620975E-24
 0.25495811E+04  0.57784188E-24
 0.25574232E+04  0.57947942E-24
 0.25652895E+04  0.58112239E-24
 0.25731799E+04  0.58277082E-24
 0.25810947E+04  0.58442470E-24
 0.25890338E+04  0.58608407E-24
 0.25969973E+04  0.58774894E-24
 0.26049852E+04  0.58941931E-24
 0.26129978E+04  0.59109523E-24
 0.26210350E+04  0.59277971E-24
 0.26290970E+04  0.59446369E-24
 0.26371837E+04  0.59615626E-24
 0.26452953E+04  0.59785444E-24
 0.26534318E+04  0.59955822E-24
 0.26615934E+04  0.60126763E-24
 0.26697801E+04  0.60298269E-24
 0.26779920E+04  0.60470340E-24
 0.26862291E+04  0.60642978E-24
 0.26944915E+04  0.60816186E-24
 0.27027794E+04  0.60989964E-24
 0.27110928E+04  0.61164315E-24
 0.27194317E+04  0.61339240E-24
 0.27277963E+04  0.61514741E-24
 0.27361866E+04  0.61690819E-24
 0.27446027E+04  0.61867477E-24
 0.27530448E+04  0.62044715E-24
 0.27615127E+04  0.62222536E-24
 0.27700067E+04  0.62400940E-24
 0.27785269E+04  0.62579931E-24
 0.27870732E+04  0.62759510E-24
 0.27956459E+04  0.62939678E-24
 0.28042449E+04  0.63120437E-24
 0.28128704E+04  0.63301788E-24
 0.28215223E+04  0.63483735E-24
 0.28302010E+04  0.63666277E-24
 0.28389062E+04  0.63849418E-24
 0.28476383E+04  0.64033158E-24
 0.28563972E+04  0.64217505E-24
 0.28651831E+04  0.64402447E-24
 0.28739960E+04  0.64587995E-24
 0.28828360E+04  0.64774152E-24
 0.28917032E+04  0.64960918E-24
 0.29005977E+04  0.65148294E-24
 0.29095195E+04  0.65336282E-24
 0.29184688E+04  0.65524884E-24
 0.29274456E+04  0.65714102E-24
 0.29364500E+04  0.65903937E-24
 0.29454821E+04  0.66094392E-24
 0.29545420E+04  0.66285468E-24
 0.29636297E+04  0.66477167E-24
 0.29727454E+04  0.66669491E-24
 0.29818892E+04  0.66862441E-24
 0.29910610E+04  0.67056020E-24
 0.30002611E+04  0.67250229E-24
 0.30094895E+04  0.67445071E-24
 0.30187463E+04  0.67640546E-24
 0.30280315E+04  0.67836658E-24
 0.30373453E+04  0.68033407E-24
 0.30466877E+04  0.68230796E-24
 0.30560589E+04  0.68428826E-24
 0.30654589E+04  0.68627500E-24
 0.30748878E+04  0.68826820E-24
 0.30843457E+04  0.69026786E-24
 0.30938327E+04  0.69227404E-24
 0.31033489E+04  0.69428670E-24
 0.31128944E+04  0.69630588E-24
 0.31224692E+04  0.69833162E-24
 0.31320735E+04  0.70036393E-24
 0.31417073E+04  0.70240283E-24
 0.31513708E+04  0.70444833E-24
 0.31610639E+04  0.70650047E-24
 0.31707869E+04  0.70855924E-24
 0.31805398E+04  0.71062468E-24
 0.31903227E+04  0.71269681E-24
 0.32001357E+04  0.71477564E-24
 0.32099788E+04  0.71686120E-24
 0.32198523E+04  0.71895350E-24
 0.32297561E+04  0.72105256E-24
 0.32396903E+04  0.72315841E-24
 0.32496552E+04  0.72527106E-24
 0.32596506E+04  0.72739054E-24
 0.32696769E+04  0.72951686E-24
 0.32797339E+04  0.73165004E-24
 0.32898219E+04  0.73379011E-24
 0.32999410E+04  0.73593708E-24
 0.33100911E+04  0.73809098E-24
 0.33202725E+04  0.74025183E-24
 0.33304852E+04  0.74241965E-24
 0.33407293E+04  0.74459446E-24
 0.33510049E+04  0.74677624E-24
 0.33613121E+04  0.74896508E-24
 0.33716510E+04  0.75116096E-24
 0.33820217E+04  0.75336391E-24
 0.33924243E+04  0.75557395E-24
 0.34028590E+04  0.75779111E-24
 0.34133257E+04  0.76001540E-24
 0.34238246E+04  0.76224684E-24
 0.34343558E+04  0.76448546E-24
 0.34449194E+04  0.76673127E-24
 0.34555154E+04  0.76898430E-24
 0.34661441E+04  0.77124457E-24
 0.34768055E+04  0.77351210E-24
 0.34874996E+04  0.77578692E-24
 0.34982267E+04  0.77806903E-24
 0.35089867E+04  0.78035847E-24
 0.35197799E+04  0.78265526E-24
 0.35306062E+04  0.78495942E-24
 0.35414659E+04  0.78727097E-24
 0.35523589E+04  0.78958993E-24
 0.35632855E+04  0.79191632E-24
 0.35742456E+04  0.79425088E-24
 0.35852395E+04  0.79659150E-24
 0.35962672E+04  0.79894033E-24
 0.36073288E+04  0.80129669E-24
 0.36184244E+04  0.80366058E-24
 0.36295542E+04  0.80603205E-24
 0.36407182E+04  0.80841111E-24
 0.36519165E+04  0.81079778E-24
 0.36631493E+04  0.81319208E-24
 0.36744166E+04  0.81559405E-24
 0.36857186E+04  0.81800369E-24
 0.36970553E+04  0.82042104E-24
 0.37084270E+04  0.82284612E-24
 0.37198336E+04  0.82527894E-24
 0.37312752E+04  0.82771954E-24
 0.37427521E+04  0.83016793E-24
 0.37542643E+04  0.83262414E-24
 0.37658119E+04  0.83508820E-24
 0.37773950E+04  0.83756012E-24
 0.37890137E+04  0.84003993E-24
 0.38006682E+04  0.84252765E-24
 0.38123585E+04  0.84502362E-24
 0.38240848E+04  0.84752693E-24
 0.38358471E+04  0.85003853E-24
 0.38476456E+04  0.85255814E-24
 0.38594804E+04  0.85508577E-24
 0.38713516E+04  0.85762147E-24
 0.38832594E+04  0.86016524E-24
 0.38952037E+04  0.86271712E-24
 0.39071848E+04  0.86527712E-24
 0.39192028E+04  0.86784528E-24
 0.39312577E+04  0.87042161E-24
 0.39433497E+04  0.87300614E-24
 0.39554788E+04  0.87559889E-24
 0.39676453E+04  0.87819990E-24
 0.39798493E+04  0.88080918E-24
 0.39920907E+04  0.88342675E-24
 0.40043698E+04  0.88605265E-24
 0.40166867E+04  0.88868690E-24
 0.40290414E+04  0.89132952E-24
 0.40414342E+04  0.89398054E-24
 0.40538651E+04  0.89664002E-24
 0.40663342E+04  0.89930788E-24
 0.40788417E+04  0.90198424E-24
 0.40913876E+04  0.90466910E-24
 0.41039721E+04  0.90736249E-24
 0.41165954E+04  0.91006443E-24
 0.41292574E+04  0.91277494E-24
 0.41419584E+04  0.91549405E-24
 0.41546985E+04  0.91822179E-24
 0.41674778E+04  0.92095819E-24
 0.41802963E+04  0.92370326E-24
 0.41931543E+04  0.92645703E-24
 0.42060519E+04  0.92921954E-24
 0.42189891E+04  0.93199080E-24
 0.42319661E+04  0.93477084E-24
 0.42449830E+04  0.93755970E-24
 0.42580400E+04  0.94035739E-24
 0.42711371E+04  0.94316394E-24
 0.42842745E+04  0.94597938E-24
 0.42974524E+04  0.94880373E-24
 0.43106707E+04  0.95163703E-24
 0.43239297E+04  0.95447929E-24
 0.43372295E+04  0.95733055E-24
 0.43505702E+04  0.96019083E-24
 0.43639519E+04  0.96306016E-24
 0.43773748E+04  0.96593857E-24
 0.43908390E+04  0.96882608E-24
 0.44043446E+04  0.97172272E-24
 0.44178918E+04  0.97462852E-24
 0.44314806E+04  0.97754351E-24
 0.44451112E+04  0.98046771E-24
 0.44587837E+04  0.98340115E-24
 0.44724983E+04  0.98634386E-24
 0.44862551E+04  0.98929587E-24
 0.45000541E+04  0.99225720E-24
 0.45138957E+04  0.99522788E-24
 0.45277798E+04  0.99820870E-24
 0.45417066E+04  0.10011974E-23
 0.45556762E+04  0.10041963E-23
 0.45696888E+04  0.10072047E-23
 0.45837446E+04  0.10102226E-23
 0.45978435E+04  0.10132500E-23
 0.46119858E+04  0.10162869E-23
 0.46261716E+04  0.10193334E-23
 0.46404011E+04  0.10223895E-23
 0.46546743E+04  0.10254553E-23
 0.46689914E+04  0.10285307E-23
 0.46833526E+04  0.10316159E-23
 0.46977579E+04  0.10347107E-23
 0.47122075E+04  0.10378153E-23
 0.47267016E+04  0.10409297E-23
 0.47412403E+04  0.10440539E-23
 0.47558236E+04  0.10471880E-23
 0.47704519E+04  0.10503319E-23
 0.47851251E+04  0.10534857E-23
 0.47998435E+04  0.10566494E-23
 0.48146071E+04  0.10598232E-23
 0.48294162E+04  0.10630069E-23
 0.48442708E+04  0.10662006E-23
 0.48591711E+04  0.10694043E-23
 0.48741172E+04  0.10726182E-23
 0.48891093E+04  0.10758422E-23
 0.49041475E+04  0.10790763E-23
 0.49192319E+04  0.10823205E-23
 0.49343628E+04  0.10855750E-23
 0.49495402E+04  0.10888397E-23
 0.49647643E+04  0.10921147E-23
 0.49800352E+04  0.10954000E-23
 0.49953531E+04  0.10986956E-23
 0.50107181E+04  0.11020016E-23
 0.50261303E+04  0.11053179E-23
 0.50415900E+04  0.11086447E-23
 0.50570972E+04  0.11119819E-23
 0.50726521E+04  0.11153296E-23
 0.50882549E+04  0.11186879E-23
 0.51039056E+04  0.11220566E-23
 0.51196045E+04  0.11254360E-23
 0.51353517E+04  0.11288259E-23
 0.51511473E+04  0.11322265E-23
 0.51669915E+04  0.11356378E-23
 0.51828844E+04  0.11390598E-23
 0.51988262E+04  0.11424925E-23
 0.52148171E+04  0.11459360E-23
 0.52308571E+04  0.11493903E-23
 0.52469465E+04  0.11528555E-23
 0.52630854E+04  0.11563315E-23
 0.52792739E+04  0.11598184E-23
 0.52955122E+04  0.11633162E-23
 0.53118004E+04  0.11668250E-23
 0.53281387E+04  0.11703448E-23
 0.53445273E+04  0.11738757E-23
 0.53609663E+04  0.11774176E-23
 0.53774559E+04  0.11809706E-23
 0.53939962E+04  0.11845348E-23
 0.54105874E+04  0.11881101E-23
 0.54272296E+04  0.11916966E-23
 0.54439230E+04  0.11952944E-23
 0.54606677E+04  0.11989034E-23
 0.54774639E+04  0.12025238E-23
 0.54943118E+04  0.12061554E-23
 0.55112116E+04  0.12097985E-23
 0.55281633E+04  0.12134529E-23
 0.55451671E+04  0.12171188E-23
 0.55622233E+04  0.12207962E-23
 0.55793319E+04  0.12244851E-23
 0.55964931E+04  0.12281855E-23
 0.56137071E+04  0.12318975E-23
 0.56309741E+04  0.12356211E-23
 0.56482942E+04  0.12393564E-23
 0.56656675E+04  0.12431034E-23
 0.56830943E+04  0.12468621E-23
 0.57005747E+04  0.12506325E-23
 0.57181088E+04  0.12544148E-23
 0.57356969E+04  0.12582088E-23
 0.57533391E+04  0.12620147E-23
 0.57710356E+04  0.12658325E-23
 0.57887865E+04  0.12696623E-23
 0.58065919E+04  0.12735040E-23
 0.58244522E+04  0.12773578E-23
 0.58423674E+04  0.12812236E-23
 0.58603377E+04  0.12851014E-23
 0.58783632E+04  0.12889914E-23
 0.58964443E+04  0.12928936E-23
 0.59145809E+04  0.12968079E-23
 0.59327733E+04  0.13007345E-23
 0.59510217E+04  0.13046733E-23
 0.59693262E+04  0.13086244E-23
 0.59876870E+04  0.13125879E-23
 0.60061042E+04  0.13165638E-23
 0.60245781E+04  0.13205520E-23
 0.60431089E+04  0.13245527E-23
 0.60616966E+04  0.13285659E-23
 0.60803416E+04  0.13325917E-23
 0.60990438E+04  0.13366300E-23
 0.61178036E+04  0.13406809E-23
 0.61366211E+04  0.13447444E-23
 0.61554965E+04  0.13488207E-23
 0.61744299E+04  0.13529096E-23
 0.61934216E+04  0.13570113E-23
 0.62124717E+04  0.13611258E-23
 0.62315804E+04  0.13652532E-23
 0.62507478E+04  0.13693934E-23
 0.62699742E+04  0.13735465E-23
 0.62892598E+04  0.13777126E-23
 0.63086046E+04  0.13818917E-23
 0.63280090E+04  0.13860838E-23
 0.63474731E+04  0.13902889E-23
 0.63669970E+04  0.13945072E-23
 0.63865810E+04  0.13987387E-23
 0.64062252E+04  0.14029833E-23
 0.64259298E+04  0.14072411E-23
 0.64456951E+04  0.14115123E-23
 0.64655211E+04  0.14157967E-23
 0.64854081E+04  0.14200945E-23
 0.65053563E+04  0.14244057E-23
 0.65253659E+04  0.14287303E-23
 0.65454370E+04  0.14330684E-23
 0.65655698E+04  0.14374200E-23
 0.65857646E+04  0.14417852E-23
 0.66060215E+04  0.14461639E-23
 0.66263406E+04  0.14505563E-23
 0.66467223E+04  0.14549624E-23
 0.66671667E+04  0.14593822E-23
 0.66876740E+04  0.14638157E-23
 0.67082443E+04  0.14682631E-23
 0.67288779E+04  0.14727243E-23
 0.67495750E+04  0.14771994E-23
 0.67703357E+04  0.14816884E-23
 0.67911603E+04  0.14861914E-23
 0.68120489E+04  0.14907084E-23
 0.68330018E+04  0.14952395E-23
 0.68540192E+04  0.14997847E-23
 0.68751012E+04  0.15043440E-23
 0.68962480E+04  0.15089175E-23
 0.69174599E+04  0.15135053E-23
 0.69387370E+04  0.15181073E-23
 0.69600796E+04  0.15227236E-23
 0.69814878E+04  0.15273543E-23
 0.70029619E+04  0.15319994E-23
 0.70245020E+04  0.15366589E-23
 0.70461083E+04  0.15413330E-23
 0.70677812E+04  0.15460215E-23
 0.70895207E+04  0.15507247E-23
 0.71113270E+04  0.15554425E-23
 0.71332004E+04  0.15601749E-23
 0.71551412E+04  0.15649221E-23
 0.71771494E+04  0.15696840E-23
 0.71992252E+04  0.15744607E-23
 0.72213690E+04  0.15792523E-23
 0.72435809E+04  0.15840587E-23
 0.72658612E+04  0.15888801E-23
 0.72882099E+04  0.15937165E-23
 0.73106274E+04  0.15985679E-23
 0.73331139E+04  0.16034344E-23
 0.73556695E+04  0.16083160E-23
 0.73782945E+04  0.16132128E-23
 0.74009891E+04  0.16181248E-23
 0.74237535E+04  0.16230521E-23
 0.74465879E+04  0.16279946E-23
 0.74694925E+04  0.16329525E-23
 0.74924676E+04  0.16379259E-23
 0.75155134E+04  0.16429146E-23
 0.75386300E+04  0.16479189E-23
 0.75618178E+04  0.16529387E-23
 0.75850769E+04  0.16579741E-23
 0.76084075E+04  0.16630251E-23
 0.76318099E+04  0.16680918E-23
 0.76552842E+04  0.16731743E-23
 0.76788308E+04  0.16782725E-23
 0.77024498E+04  0.16833865E-23
 0.77261414E+04  0.16885165E-23
 0.77499060E+04  0.16936623E-23
 0.77737436E+04  0.16988241E-23
 0.77976545E+04  0.17040020E-23
 0.78216390E+04  0.17091959E-23
 0.78456972E+04  0.17144059E-23
 0.78698295E+04  0.17196321E-23
 0.78940359E+04  0.17248746E-23
 0.79183169E+04  0.17301333E-23
 0.79426725E+04  0.17354083E-23
 0.79671030E+04  0.17406997E-23
 0.79916087E+04  0.17460074E-23
 0.80161898E+04  0.17513317E-23
 0.80408464E+04  0.17566725E-23
 0.80655789E+04  0.17620298E-23
 0.80903875E+04  0.17674038E-23
 0.81152724E+04  0.17727944E-23
 0.81402338E+04  0.17782018E-23
 0.81652720E+04  0.17836259E-23
 0.81903872E+04  0.17890668E-23
 0.82155797E+04  0.17945247E-23
 0.82408496E+04  0.17999994E-23
 0.82661973E+04  0.18054911E-23
 0.82916230E+04  0.18109999E-23
 0.83171268E+04  0.18165257E-23
 0.83427091E+04  0.18220687E-23
 0.83683701E+04  0.18276288E-23
 0.83941100E+04  0.18332062E-23
 0.84199291E+04  0.18388009E-23
 0.84458276E+04  0.18444129E-23
 0.84718058E+04  0.18500423E-23
 0.84978639E+04  0.18556891E-23
 0.85240021E+04  0.18613535E-23
 0.85502207E+04  0.18670354E-23
 0.85765200E+04  0.18727349E-23
 0.86029001E+04  0.18784521E-23
 0.86293614E+04  0.18841870E-23
 0.86559041E+04  0.18899397E-23
 0.86825285E+04  0.18957102E-23
 0.87092347E+04  0.19014986E-23
 0.87360231E+04  0.19073049E-23
 0.87628938E+04  0.19131292E-23
 0.87898472E+04  0.19189715E-23
 0.88168836E+04  0.19248320E-23
 0.88440030E+04  0.19307106E-23
 0.88712059E+04  0.19366074E-23
 0.88984925E+04  0.19425225E-23
 0.89258630E+04  0.19484558E-23
 0.89533177E+04  0.19544076E-23
 0.89808568E+04  0.19603778E-23
 0.90084807E+04  0.19663665E-23
 0.90361895E+04  0.19723737E-23
 0.90639835E+04  0.19783996E-23
 0.90918630E+04  0.19844441E-23
 0.91198283E+04  0.19905073E-23
 0.91478796E+04  0.19965893E-23
 0.91760172E+04  0.20026901E-23
 0.92042413E+04  0.20088098E-23
 0.92325522E+04  0.20149485E-23
 0.92609503E+04  0.20211061E-23
 0.92894356E+04  0.20272828E-23
 0.93180086E+04  0.20334787E-23
 0.93466695E+04  0.20396937E-23
 0.93754185E+04  0.20459280E-23
 0.94042560E+04  0.20521815E-23
 0.94331821E+04  0.20584544E-23
 0.94621973E+04  0.20647467E-23
 0.94913016E+04  0.20710585E-23
 0.95204955E+04  0.20773899E-23
 0.95497792E+04  0.20837408E-23
 0.95791530E+04  0.20901114E-23
 0.96086171E+04  0.20965017E-23
 0.96381718E+04  0.21029117E-23
 0.96678175E+04  0.21093416E-23
 0.96975543E+04  0.21157914E-23
 0.97273826E+04  0.21222612E-23
 0.97573027E+04  0.21287509E-23
 0.97873147E+04  0.21352608E-23
 0.98174191E+04  0.21417907E-23
 0.98476161E+04  0.21483409E-23
 0.98779060E+04  0.21549114E-23
 0.99082890E+04  0.21615021E-23
 0.99387655E+04  0.21681133E-23
 0.99693357E+04  0.21747449E-23
 0.10000000E+05  0.21813970E-23
