 0.10000000E+01  0.52348530E-20
 0.10030759E+01  0.50168122E-20
 0.10061612E+01  0.48088168E-20
 0.10092560E+01  0.46103967E-20
 0.10123603E+01  0.44211041E-20
 0.10154742E+01  0.42405122E-20
 0.10185976E+01  0.40682140E-20
 0.10217307E+01  0.39038217E-20
 0.10248734E+01  0.37469658E-20
 0.10280258E+01  0.35972939E-20
 0.10311878E+01  0.34544702E-20
 0.10343596E+01  0.33181748E-20
 0.10375412E+01  0.31881025E-20
 0.10407325E+01  0.30639626E-20
 0.10439336E+01  0.29454781E-20
 0.10471446E+01  0.28323847E-20
 0.10503655E+01  0.27244308E-20
 0.10535963E+01  0.26213763E-20
 0.10568370E+01  0.25229927E-20
 0.10600877E+01  0.24290618E-20
 0.10633483E+01  0.23393760E-20
 0.10666191E+01  0.22537372E-20
 0.10698998E+01  0.21719567E-20
 0.10731907E+01  0.20938545E-20
 0.10764917E+01  0.20192592E-20
 0.10798028E+01  0.19480074E-20
 0.10831241E+01  0.18799432E-20
 0.10864557E+01  0.18149181E-20
 0.10897974E+01  0.17527908E-20
 0.10931495E+01  0.16934262E-20
 0.10965119E+01  0.16366957E-20
 0.10998846E+01  0.15824770E-20
 0.11032677E+01  0.15306530E-20
 0.11066612E+01  0.14811125E-20
 0.11100651E+01  0.14337493E-20
 0.11134795E+01  0.13884624E-20
 0.11169044E+01  0.13451553E-20
 0.11203398E+01  0.13037360E-20
 0.11237859E+01  0.12641170E-20
 0.11272425E+01  0.12262148E-20
 0.11307097E+01  0.11899498E-20
 0.11341876E+01  0.11552462E-20
 0.11376762E+01  0.11220316E-20
 0.11411755E+01  0.10902372E-20
 0.11446856E+01  0.10597971E-20
 0.11482065E+01  0.10306488E-20
 0.11517382E+01  0.10027327E-20
 0.11552808E+01  0.97599176E-21
 0.11588343E+01  0.95037180E-21
 0.11623987E+01  0.92582112E-21
 0.11659741E+01  0.90229045E-21
 0.11695605E+01  0.87973280E-21
 0.11731579E+01  0.85810341E-21
 0.11767663E+01  0.83735958E-21
 0.11803859E+01  0.81746065E-21
 0.11840166E+01  0.79836782E-21
 0.11876585E+01  0.78004412E-21
 0.11913115E+01  0.76245432E-21
 0.11949758E+01  0.74556482E-21
 0.11986514E+01  0.72934359E-21
 0.12023383E+01  0.71376011E-21
 0.12060365E+01  0.69878527E-21
 0.12097461E+01  0.68439134E-21
 0.12134671E+01  0.67055187E-21
 0.12171996E+01  0.65724165E-21
 0.12209435E+01  0.64443664E-21
 0.12246989E+01  0.63211393E-21
 0.12284659E+01  0.62025168E-21
 0.12322445E+01  0.60882907E-21
 0.12360347E+01  0.59782625E-21
 0.12398366E+01  0.58722428E-21
 0.12436502E+01  0.57700513E-21
 0.12474755E+01  0.56715160E-21
 0.12513125E+01  0.55764727E-21
 0.12551614E+01  0.54847653E-21
 0.12590221E+01  0.53962445E-21
 0.12628946E+01  0.53107684E-21
 0.12667791E+01  0.52282012E-21
 0.12706756E+01  0.51484140E-21
 0.12745840E+01  0.50712833E-21
 0.12785044E+01  0.49966919E-21
 0.12824369E+01  0.49245276E-21
 0.12863815E+01  0.48546838E-21
 0.12903382E+01  0.47870584E-21
 0.12943071E+01  0.47215546E-21
 0.12982882E+01  0.46580795E-21
 0.13022816E+01  0.45965451E-21
 0.13062872E+01  0.45368670E-21
 0.13103052E+01  0.44789649E-21
 0.13143355E+01  0.44227623E-21
 0.13183782E+01  0.43681861E-21
 0.13224333E+01  0.43151668E-21
 0.13265010E+01  0.42636378E-21
 0.13305811E+01  0.42135358E-21
 0.13346738E+01  0.41648004E-21
 0.13387790E+01  0.41173740E-21
 0.13428969E+01  0.40712015E-21
 0.13470275E+01  0.40262306E-21
 0.13511708E+01  0.39824112E-21
 0.13553268E+01  0.39396956E-21
 0.13594956E+01  0.38980383E-21
 0.13636772E+01  0.38573959E-21
 0.13678716E+01  0.38177268E-21
 0.13720790E+01  0.37789917E-21
 0.13762993E+01  0.37411527E-21
 0.13805326E+01  0.37041740E-21
 0.13847790E+01  0.36680211E-21
 0.13890384E+01  0.36326613E-21
 0.13933108E+01  0.35980633E-21
 0.13975965E+01  0.35641974E-21
 0.14018953E+01  0.35310349E-21
 0.14062073E+01  0.34985487E-21
 0.14105326E+01  0.34667129E-21
 0.14148712E+01  0.34355027E-21
 0.14192231E+01  0.34048945E-21
 0.14235885E+01  0.33748656E-21
 0.14279672E+01  0.33453946E-21
 0.14323594E+01  0.33164609E-21
 0.14367652E+01  0.32880447E-21
 0.14411845E+01  0.32601274E-21
 0.14456173E+01  0.32326910E-21
 0.14500639E+01  0.32057185E-21
 0.14545241E+01  0.31791934E-21
 0.14589980E+01  0.31531001E-21
 0.14634856E+01  0.31274238E-21
 0.14679871E+01  0.31021501E-21
 0.14725024E+01  0.30772655E-21
 0.14770316E+01  0.30527569E-21
 0.14815748E+01  0.30286118E-21
 0.14861319E+01  0.30048185E-21
 0.14907030E+01  0.29813655E-21
 0.14952882E+01  0.29582420E-21
 0.14998875E+01  0.29354375E-21
 0.15045009E+01  0.29129422E-21
 0.15091286E+01  0.28907465E-21
 0.15137704E+01  0.28688413E-21
 0.15184266E+01  0.28472179E-21
 0.15230970E+01  0.28258681E-21
 0.15277819E+01  0.28047838E-21
 0.15324811E+01  0.27839574E-21
 0.15371948E+01  0.27633816E-21
 0.15419230E+01  0.27430495E-21
 0.15466657E+01  0.27229543E-21
 0.15514231E+01  0.27030897E-21
 0.15561950E+01  0.26834494E-21
 0.15609817E+01  0.26640277E-21
 0.15657830E+01  0.26448189E-21
 0.15705991E+01  0.26258175E-21
 0.15754301E+01  0.26070185E-21
 0.15802759E+01  0.25884168E-21
 0.15851366E+01  0.25700077E-21
 0.15900122E+01  0.25517866E-21
 0.15949029E+01  0.25337491E-21
 0.15998086E+01  0.25158910E-21
 0.16047294E+01  0.24982084E-21
 0.16096653E+01  0.24806972E-21
 0.16146164E+01  0.24633538E-21
 0.16195827E+01  0.24461746E-21
 0.16245643E+01  0.24291562E-21
 0.16295613E+01  0.24122952E-21
 0.16345736E+01  0.23955885E-21
 0.16396013E+01  0.23790330E-21
 0.16446445E+01  0.23626258E-21
 0.16497031E+01  0.23463641E-21
 0.16547774E+01  0.23302451E-21
 0.16598673E+01  0.23142661E-21
 0.16649728E+01  0.22984248E-21
 0.16700940E+01  0.22827186E-21
 0.16752310E+01  0.22671452E-21
 0.16803837E+01  0.22517024E-21
 0.16855524E+01  0.22363878E-21
 0.16907369E+01  0.22211996E-21
 0.16959373E+01  0.22061355E-21
 0.17011538E+01  0.21911936E-21
 0.17063863E+01  0.21763722E-21
 0.17116349E+01  0.21616692E-21
 0.17168997E+01  0.21470829E-21
 0.17221806E+01  0.21326117E-21
 0.17274778E+01  0.21182539E-21
 0.17327913E+01  0.21040078E-21
 0.17381211E+01  0.20898719E-21
 0.17434673E+01  0.20758448E-21
 0.17488300E+01  0.20619248E-21
 0.17542091E+01  0.20481107E-21
 0.17596048E+01  0.20344011E-21
 0.17650171E+01  0.20207945E-21
 0.17704460E+01  0.20072899E-21
 0.17758917E+01  0.19938857E-21
 0.17813541E+01  0.19805810E-21
 0.17868333E+01  0.19673744E-21
 0.17923293E+01  0.19542648E-21
 0.17978423E+01  0.19412512E-21
 0.18033722E+01  0.19283323E-21
 0.18089191E+01  0.19155072E-21
 0.18144831E+01  0.19027749E-21
 0.18200642E+01  0.18901342E-21
 0.18256624E+01  0.18775842E-21
 0.18312779E+01  0.18651240E-21
 0.18369106E+01  0.18527527E-21
 0.18425607E+01  0.18404692E-21
 0.18482282E+01  0.18282728E-21
 0.18539131E+01  0.18161626E-21
 0.18596154E+01  0.18041376E-21
 0.18653353E+01  0.17921971E-21
 0.18710728E+01  0.17803403E-21
 0.18768280E+01  0.17685664E-21
 0.18826009E+01  0.17568745E-21
 0.18883915E+01  0.17452639E-21
 0.18941999E+01  0.17337339E-21
 0.19000262E+01  0.17222838E-21
 0.19058704E+01  0.17109128E-21
 0.19117326E+01  0.16996202E-21
 0.19176128E+01  0.16884053E-21
 0.19235111E+01  0.16772675E-21
 0.19294276E+01  0.16662060E-21
 0.19353622E+01  0.16552203E-21
 0.19413151E+01  0.16443097E-21
 0.19472863E+01  0.16334735E-21
 0.19532759E+01  0.16227111E-21
 0.19592839E+01  0.16120220E-21
 0.19653104E+01  0.16014055E-21
 0.19713554E+01  0.15908610E-21
 0.19774190E+01  0.15803879E-21
 0.19835012E+01  0.15699858E-21
 0.19896022E+01  0.15596539E-21
 0.19957219E+01  0.15493918E-21
 0.20018605E+01  0.15391989E-21
 0.20080179E+01  0.15290747E-21
 0.20141943E+01  0.15190186E-21
 0.20203897E+01  0.15090300E-21
 0.20266041E+01  0.14991086E-21
 0.20328377E+01  0.14892538E-21
 0.20390904E+01  0.14794650E-21
 0.20453623E+01  0.14697418E-21
 0.20516536E+01  0.14600837E-21
 0.20579642E+01  0.14504902E-21
 0.20642942E+01  0.14409608E-21
 0.20706437E+01  0.14314951E-21
 0.20770127E+01  0.14220925E-21
 0.20834013E+01  0.14127526E-21
 0.20898095E+01  0.14034750E-21
 0.20962375E+01  0.13942592E-21
 0.21026852E+01  0.13851047E-21
 0.21091528E+01  0.13760111E-21
 0.21156402E+01  0.13669781E-21
 0.21221476E+01  0.13580050E-21
 0.21286750E+01  0.13490916E-21
 0.21352226E+01  0.13402373E-21
 0.21417902E+01  0.13314419E-21
 0.21483780E+01  0.13227047E-21
 0.21549861E+01  0.13140255E-21
 0.21616146E+01  0.13054039E-21
 0.21682634E+01  0.12968394E-21
 0.21749327E+01  0.12883316E-21
 0.21816224E+01  0.12798801E-21
 0.21883328E+01  0.12714846E-21
 0.21950638E+01  0.12631446E-21
 0.22018155E+01  0.12548598E-21
 0.22085880E+01  0.12466297E-21
 0.22153813E+01  0.12384541E-21
 0.22221955E+01  0.12303325E-21
 0.22290306E+01  0.12222646E-21
 0.22358868E+01  0.12142500E-21
 0.22427641E+01  0.12062883E-21
 0.22496625E+01  0.11983791E-21
 0.22565822E+01  0.11905222E-21
 0.22635231E+01  0.11827171E-21
 0.22704854E+01  0.11749635E-21
 0.22774691E+01  0.11672611E-21
 0.22844742E+01  0.11596094E-21
 0.22915009E+01  0.11520082E-21
 0.22985493E+01  0.11444572E-21
 0.23056193E+01  0.11369559E-21
 0.23127110E+01  0.11295040E-21
 0.23198246E+01  0.11221012E-21
 0.23269601E+01  0.11147473E-21
 0.23341175E+01  0.11074417E-21
 0.23412969E+01  0.11001843E-21
 0.23484984E+01  0.10929747E-21
 0.23557220E+01  0.10858125E-21
 0.23629679E+01  0.10786975E-21
 0.23702360E+01  0.10716294E-21
 0.23775265E+01  0.10646078E-21
 0.23848395E+01  0.10576324E-21
 0.23921749E+01  0.10507029E-21
 0.23995329E+01  0.10438190E-21
 0.24069135E+01  0.10369804E-21
 0.24143168E+01  0.10301868E-21
 0.24217429E+01  0.10234378E-21
 0.24291919E+01  0.10167333E-21
 0.24366637E+01  0.10100729E-21
 0.24441586E+01  0.10034563E-21
 0.24516764E+01  0.99688319E-22
 0.24592175E+01  0.99035332E-22
 0.24667817E+01  0.98386639E-22
 0.24743691E+01  0.97742211E-22
 0.24819799E+01  0.97102020E-22
 0.24896142E+01  0.96466037E-22
 0.24972719E+01  0.95834236E-22
 0.25049531E+01  0.95206588E-22
 0.25126580E+01  0.94583066E-22
 0.25203866E+01  0.93963642E-22
 0.25281389E+01  0.93348290E-22
 0.25359151E+01  0.92736981E-22
 0.25437152E+01  0.92129691E-22
 0.25515393E+01  0.91526391E-22
 0.25593875E+01  0.90927056E-22
 0.25672598E+01  0.90331659E-22
 0.25751563E+01  0.89740174E-22
 0.25830772E+01  0.89152576E-22
 0.25910223E+01  0.88568839E-22
 0.25989920E+01  0.87988937E-22
 0.26069861E+01  0.87412845E-22
 0.26150048E+01  0.86840537E-22
 0.26230482E+01  0.86271990E-22
 0.26311163E+01  0.85707177E-22
 0.26392092E+01  0.85146075E-22
 0.26473271E+01  0.84588659E-22
 0.26554699E+01  0.84034904E-22
 0.26636377E+01  0.83484787E-22
 0.26718307E+01  0.82938283E-22
 0.26800489E+01  0.82395369E-22
 0.26882923E+01  0.81856020E-22
 0.26965611E+01  0.81320214E-22
 0.27048554E+01  0.80787928E-22
 0.27131751E+01  0.80259137E-22
 0.27215205E+01  0.79733819E-22
 0.27298915E+01  0.79211951E-22
 0.27382882E+01  0.78693511E-22
 0.27467108E+01  0.78178475E-22
 0.27551593E+01  0.77666822E-22
 0.27636338E+01  0.77158529E-22
 0.27721343E+01  0.76653573E-22
 0.27806610E+01  0.76151934E-22
 0.27892139E+01  0.75653589E-22
 0.27977932E+01  0.75158516E-22
 0.28063988E+01  0.74666694E-22
 0.28150309E+01  0.74178102E-22
 0.28236895E+01  0.73692718E-22
 0.28323748E+01  0.73210521E-22
 0.28410868E+01  0.72731491E-22
 0.28498255E+01  0.72255606E-22
 0.28585912E+01  0.71782846E-22
 0.28673838E+01  0.71313190E-22
 0.28762035E+01  0.70846618E-22
 0.28850503E+01  0.70383109E-22
 0.28939243E+01  0.69922643E-22
 0.29028256E+01  0.69465201E-22
 0.29117543E+01  0.69010763E-22
 0.29207104E+01  0.68559308E-22
 0.29296941E+01  0.68110817E-22
 0.29387054E+01  0.67665271E-22
 0.29477444E+01  0.67222650E-22
 0.29568113E+01  0.66782935E-22
 0.29659060E+01  0.66346107E-22
 0.29750287E+01  0.65912148E-22
 0.29841795E+01  0.65481037E-22
 0.29933584E+01  0.65052756E-22
 0.30025656E+01  0.64627288E-22
 0.30118010E+01  0.64204613E-22
 0.30210649E+01  0.63784712E-22
 0.30303573E+01  0.63367569E-22
 0.30396782E+01  0.62953164E-22
 0.30490278E+01  0.62541480E-22
 0.30584062E+01  0.62132498E-22
 0.30678134E+01  0.61726202E-22
 0.30772496E+01  0.61322573E-22
 0.30867148E+01  0.60921593E-22
 0.30962091E+01  0.60523246E-22
 0.31057326E+01  0.60127515E-22
 0.31152853E+01  0.59734381E-22
 0.31248675E+01  0.59343828E-22
 0.31344792E+01  0.58955839E-22
 0.31441204E+01  0.58570397E-22
 0.31537913E+01  0.58187485E-22
 0.31634919E+01  0.57807087E-22
 0.31732223E+01  0.57429187E-22
 0.31829827E+01  0.57053767E-22
 0.31927731E+01  0.56680812E-22
 0.32025936E+01  0.56310305E-22
 0.32124443E+01  0.55942230E-22
 0.32223254E+01  0.55576572E-22
 0.32322368E+01  0.55213314E-22
 0.32421787E+01  0.54852441E-22
 0.32521512E+01  0.54493937E-22
 0.32621543E+01  0.54137786E-22
 0.32721882E+01  0.53783973E-22
 0.32822530E+01  0.53432482E-22
 0.32923488E+01  0.53083300E-22
 0.33024756E+01  0.52736409E-22
 0.33126335E+01  0.52391795E-22
 0.33228227E+01  0.52049444E-22
 0.33330432E+01  0.51709340E-22
 0.33432952E+01  0.51371469E-22
 0.33535787E+01  0.51035815E-22
 0.33638938E+01  0.50702365E-22
 0.33742407E+01  0.50371104E-22
 0.33846194E+01  0.50042017E-22
 0.33950300E+01  0.49715091E-22
 0.34054726E+01  0.49390310E-22
 0.34159474E+01  0.49067662E-22
 0.34264543E+01  0.48747132E-22
 0.34369936E+01  0.48428705E-22
 0.34475653E+01  0.48112369E-22
 0.34581695E+01  0.47798109E-22
 0.34688064E+01  0.47485913E-22
 0.34794759E+01  0.47175765E-22
 0.34901783E+01  0.46867653E-22
 0.35009136E+01  0.46561564E-22
 0.35116819E+01  0.46257485E-22
 0.35224834E+01  0.45955401E-22
 0.35333180E+01  0.45655300E-22
 0.35441860E+01  0.45357169E-22
 0.35550874E+01  0.45060995E-22
 0.35660224E+01  0.44766765E-22
 0.35769909E+01  0.44474466E-22
 0.35879932E+01  0.44184086E-22
 0.35990294E+01  0.43895613E-22
 0.36100995E+01  0.43609032E-22
 0.36212037E+01  0.43324333E-22
 0.36323420E+01  0.43041503E-22
 0.36435145E+01  0.42760529E-22
 0.36547215E+01  0.42481399E-22
 0.36659629E+01  0.42204102E-22
 0.36772389E+01  0.41928625E-22
 0.36885495E+01  0.41654956E-22
 0.36998950E+01  0.41383083E-22
 0.37112753E+01  0.41112995E-22
 0.37226907E+01  0.40844680E-22
 0.37341412E+01  0.40578126E-22
 0.37456268E+01  0.40313321E-22
 0.37571479E+01  0.40050255E-22
 0.37687043E+01  0.39788915E-22
 0.37802963E+01  0.39529291E-22
 0.37919240E+01  0.39271371E-22
 0.38035874E+01  0.39015144E-22
 0.38152867E+01  0.38760599E-22
 0.38270220E+01  0.38507724E-22
 0.38387933E+01  0.38256510E-22
 0.38506009E+01  0.38006944E-22
 0.38624448E+01  0.37759016E-22
 0.38743251E+01  0.37512716E-22
 0.38862420E+01  0.37268032E-22
 0.38981955E+01  0.37024954E-22
 0.39101858E+01  0.36783472E-22
 0.39222130E+01  0.36543575E-22
 0.39342772E+01  0.36305252E-22
 0.39463785E+01  0.36068494E-22
 0.39585170E+01  0.35833290E-22
 0.39706928E+01  0.35599629E-22
 0.39829061E+01  0.35367502E-22
 0.39951569E+01  0.35136899E-22
 0.40074455E+01  0.34907809E-22
 0.40197718E+01  0.34680223E-22
 0.40321361E+01  0.34454130E-22
 0.40445383E+01  0.34229522E-22
 0.40569788E+01  0.34006388E-22
 0.40694575E+01  0.33784718E-22
 0.40819745E+01  0.33564504E-22
 0.40945301E+01  0.33345734E-22
 0.41071243E+01  0.33128401E-22
 0.41197572E+01  0.32912494E-22
 0.41324290E+01  0.32698004E-22
 0.41451398E+01  0.32484922E-22
 0.41578896E+01  0.32273238E-22
 0.41706787E+01  0.32062944E-22
 0.41835071E+01  0.31854030E-22
 0.41963750E+01  0.31646487E-22
 0.42092825E+01  0.31440306E-22
 0.42222296E+01  0.31235479E-22
 0.42352166E+01  0.31031996E-22
 0.42482435E+01  0.30829848E-22
 0.42613105E+01  0.30629027E-22
 0.42744177E+01  0.30429524E-22
 0.42875652E+01  0.30231331E-22
 0.43007531E+01  0.30034438E-22
 0.43139816E+01  0.29838838E-22
 0.43272508E+01  0.29644521E-22
 0.43405608E+01  0.29451480E-22
 0.43539118E+01  0.29259706E-22
 0.43673038E+01  0.29069190E-22
 0.43807370E+01  0.28879925E-22
 0.43942115E+01  0.28691901E-22
 0.44077275E+01  0.28505112E-22
 0.44212851E+01  0.28319549E-22
 0.44348843E+01  0.28135204E-22
 0.44485254E+01  0.27952068E-22
 0.44622084E+01  0.27770134E-22
 0.44759335E+01  0.27589395E-22
 0.44897009E+01  0.27409841E-22
 0.45035105E+01  0.27231466E-22
 0.45173627E+01  0.27054262E-22
 0.45312575E+01  0.26878221E-22
 0.45451950E+01  0.26703334E-22
 0.45591753E+01  0.26529596E-22
 0.45731987E+01  0.26356998E-22
 0.45872652E+01  0.26185533E-22
 0.46013750E+01  0.26015193E-22
 0.46155282E+01  0.25845971E-22
 0.46297249E+01  0.25677859E-22
 0.46439653E+01  0.25510851E-22
 0.46582494E+01  0.25344938E-22
 0.46725776E+01  0.25180115E-22
 0.46869497E+01  0.25016373E-22
 0.47013661E+01  0.24853706E-22
 0.47158269E+01  0.24692107E-22
 0.47303321E+01  0.24531567E-22
 0.47448819E+01  0.24372082E-22
 0.47594765E+01  0.24213643E-22
 0.47741160E+01  0.24056244E-22
 0.47888005E+01  0.23899878E-22
 0.48035301E+01  0.23744538E-22
 0.48183051E+01  0.23590217E-22
 0.48331255E+01  0.23436909E-22
 0.48479915E+01  0.23284607E-22
 0.48629033E+01  0.23133305E-22
 0.48778609E+01  0.22982996E-22
 0.48928645E+01  0.22833673E-22
 0.49079142E+01  0.22685330E-22
 0.49230103E+01  0.22537960E-22
 0.49381528E+01  0.22391557E-22
 0.49533418E+01  0.22246116E-22
 0.49685776E+01  0.22101628E-22
 0.49838602E+01  0.21958089E-22
 0.49991899E+01  0.21815492E-22
 0.50145667E+01  0.21673830E-22
 0.50299908E+01  0.21533099E-22
 0.50454623E+01  0.21393290E-22
 0.50609814E+01  0.21254399E-22
 0.50765483E+01  0.21116420E-22
 0.50921630E+01  0.20979346E-22
 0.51078258E+01  0.20843171E-22
 0.51235368E+01  0.20707890E-22
 0.51392960E+01  0.20573497E-22
 0.51551038E+01  0.20439986E-22
 0.51709601E+01  0.20307351E-22
 0.51868653E+01  0.20175586E-22
 0.52028193E+01  0.20044686E-22
 0.52188225E+01  0.19914644E-22
 0.52348748E+01  0.19785456E-22
 0.52509766E+01  0.19657116E-22
 0.52671278E+01  0.19529618E-22
 0.52833288E+01  0.19402957E-22
 0.52995795E+01  0.19277126E-22
 0.53158803E+01  0.19152122E-22
 0.53322312E+01  0.19027937E-22
 0.53486324E+01  0.18904568E-22
 0.53650840E+01  0.18782008E-22
 0.53815862E+01  0.18660252E-22
 0.53981392E+01  0.18539295E-22
 0.54147431E+01  0.18419132E-22
 0.54313981E+01  0.18299758E-22
 0.54481043E+01  0.18181166E-22
 0.54648619E+01  0.18063353E-22
 0.54816711E+01  0.17946313E-22
 0.54985319E+01  0.17830040E-22
 0.55154446E+01  0.17714531E-22
 0.55324093E+01  0.17599780E-22
 0.55494262E+01  0.17485781E-22
 0.55664955E+01  0.17372531E-22
 0.55836172E+01  0.17260023E-22
 0.56007916E+01  0.17148254E-22
 0.56180189E+01  0.17037218E-22
 0.56352991E+01  0.16926911E-22
 0.56526325E+01  0.16817328E-22
 0.56700192E+01  0.16708463E-22
 0.56874594E+01  0.16600313E-22
 0.57049532E+01  0.16492872E-22
 0.57225008E+01  0.16386137E-22
 0.57401024E+01  0.16280101E-22
 0.57577581E+01  0.16174762E-22
 0.57754682E+01  0.16070113E-22
 0.57932327E+01  0.15966151E-22
 0.58110519E+01  0.15862871E-22
 0.58289258E+01  0.15760269E-22
 0.58468548E+01  0.15658340E-22
 0.58648389E+01  0.15557080E-22
 0.58828783E+01  0.15456484E-22
 0.59009732E+01  0.15356548E-22
 0.59191237E+01  0.15257268E-22
 0.59373301E+01  0.15158639E-22
 0.59555925E+01  0.15060657E-22
 0.59739111E+01  0.14963318E-22
 0.59922860E+01  0.14866618E-22
 0.60107174E+01  0.14770552E-22
 0.60292055E+01  0.14675117E-22
 0.60477505E+01  0.14580307E-22
 0.60663525E+01  0.14486120E-22
 0.60850117E+01  0.14392550E-22
 0.61037284E+01  0.14299595E-22
 0.61225026E+01  0.14207249E-22
 0.61413345E+01  0.14115509E-22
 0.61602244E+01  0.14024371E-22
 0.61791724E+01  0.13933830E-22
 0.61981786E+01  0.13843884E-22
 0.62172433E+01  0.13754528E-22
 0.62363667E+01  0.13665758E-22
 0.62555489E+01  0.13577570E-22
 0.62747901E+01  0.13489961E-22
 0.62940904E+01  0.13402927E-22
 0.63134501E+01  0.13316464E-22
 0.63328694E+01  0.13230568E-22
 0.63523484E+01  0.13145235E-22
 0.63718874E+01  0.13060462E-22
 0.63914864E+01  0.12976246E-22
 0.64111457E+01  0.12892581E-22
 0.64308655E+01  0.12809466E-22
 0.64506459E+01  0.12726896E-22
 0.64704871E+01  0.12644867E-22
 0.64903894E+01  0.12563377E-22
 0.65103530E+01  0.12482421E-22
 0.65303779E+01  0.12401996E-22
 0.65504644E+01  0.12322099E-22
 0.65706127E+01  0.12242726E-22
 0.65908230E+01  0.12163874E-22
 0.66110954E+01  0.12085538E-22
 0.66314302E+01  0.12007717E-22
 0.66518275E+01  0.11930406E-22
 0.66722876E+01  0.11853603E-22
 0.66928106E+01  0.11777303E-22
 0.67133968E+01  0.11701503E-22
 0.67340462E+01  0.11626201E-22
 0.67547592E+01  0.11551393E-22
 0.67755359E+01  0.11477075E-22
 0.67963764E+01  0.11403245E-22
 0.68172811E+01  0.11329900E-22
 0.68382501E+01  0.11257035E-22
 0.68592836E+01  0.11184648E-22
 0.68803818E+01  0.11112736E-22
 0.69015449E+01  0.11041296E-22
 0.69227730E+01  0.10970324E-22
 0.69440665E+01  0.10899818E-22
 0.69654255E+01  0.10829775E-22
 0.69868501E+01  0.10760190E-22
 0.70083407E+01  0.10691063E-22
 0.70298973E+01  0.10622388E-22
 0.70515203E+01  0.10554164E-22
 0.70732098E+01  0.10486388E-22
 0.70949660E+01  0.10419056E-22
 0.71167891E+01  0.10352165E-22
 0.71386793E+01  0.10285714E-22
 0.71606369E+01  0.10219698E-22
 0.71826620E+01  0.10154115E-22
 0.72047548E+01  0.10088962E-22
 0.72269156E+01  0.10024237E-22
 0.72491446E+01  0.99599360E-23
 0.72714419E+01  0.98960568E-23
 0.72938079E+01  0.98325966E-23
 0.73162426E+01  0.97695527E-23
 0.73387463E+01  0.97069221E-23
 0.73613192E+01  0.96447024E-23
 0.73839616E+01  0.95828907E-23
 0.74066736E+01  0.95214843E-23
 0.74294555E+01  0.94604807E-23
 0.74523074E+01  0.93998772E-23
 0.74752297E+01  0.93396711E-23
 0.74982224E+01  0.92798599E-23
 0.75212859E+01  0.92204409E-23
 0.75444203E+01  0.91614115E-23
 0.75676259E+01  0.91027693E-23
 0.75909028E+01  0.90445117E-23
 0.76142514E+01  0.89866361E-23
 0.76376717E+01  0.89291400E-23
 0.76611641E+01  0.88720210E-23
 0.76847288E+01  0.88152766E-23
 0.77083659E+01  0.87589043E-23
 0.77320757E+01  0.87029017E-23
 0.77558585E+01  0.86472663E-23
 0.77797144E+01  0.85919957E-23
 0.78036437E+01  0.85370876E-23
 0.78276466E+01  0.84825396E-23
 0.78517233E+01  0.84283492E-23
 0.78758741E+01  0.83745142E-23
 0.79000992E+01  0.83210322E-23
 0.79243988E+01  0.82679009E-23
 0.79487731E+01  0.82151180E-23
 0.79732224E+01  0.81626812E-23
 0.79977469E+01  0.81105882E-23
 0.80223468E+01  0.80588369E-23
 0.80470224E+01  0.80074248E-23
 0.80717739E+01  0.79563499E-23
 0.80966016E+01  0.79056099E-23
 0.81215056E+01  0.78552025E-23
 0.81464861E+01  0.78051257E-23
 0.81715436E+01  0.77553772E-23
 0.81966781E+01  0.77059550E-23
 0.82218899E+01  0.76568567E-23
 0.82471793E+01  0.76080804E-23
 0.82725464E+01  0.75596239E-23
 0.82979916E+01  0.75114851E-23
 0.83235150E+01  0.74636619E-23
 0.83491170E+01  0.74161523E-23
 0.83747977E+01  0.73689542E-23
 0.84005574E+01  0.73220655E-23
 0.84263963E+01  0.72754843E-23
 0.84523147E+01  0.72292084E-23
 0.84783128E+01  0.71832359E-23
 0.85043909E+01  0.71375649E-23
 0.85305492E+01  0.70921932E-23
 0.85567880E+01  0.70471190E-23
 0.85831074E+01  0.70023404E-23
 0.86095078E+01  0.69578552E-23
 0.86359895E+01  0.69136618E-23
 0.86625525E+01  0.68697580E-23
 0.86891973E+01  0.68261421E-23
 0.87159241E+01  0.67828121E-23
 0.87427330E+01  0.67397662E-23
 0.87696244E+01  0.66970024E-23
 0.87965985E+01  0.66545190E-23
 0.88236556E+01  0.66123141E-23
 0.88507959E+01  0.65703859E-23
 0.88780197E+01  0.65287325E-23
 0.89053272E+01  0.64873522E-23
 0.89327188E+01  0.64462431E-23
 0.89601945E+01  0.64054036E-23
 0.89877548E+01  0.63648317E-23
 0.90153999E+01  0.63245258E-23
 0.90431300E+01  0.62844841E-23
 0.90709454E+01  0.62447048E-23
 0.90988463E+01  0.62051863E-23
 0.91268331E+01  0.61659269E-23
 0.91549059E+01  0.61269247E-23
 0.91830651E+01  0.60881783E-23
 0.92113109E+01  0.60496858E-23
 0.92396436E+01  0.60114456E-23
 0.92680634E+01  0.59734560E-23
 0.92965707E+01  0.59357155E-23
 0.93251656E+01  0.58982223E-23
 0.93538485E+01  0.58609749E-23
 0.93826196E+01  0.58239716E-23
 0.94114792E+01  0.57872108E-23
 0.94404276E+01  0.57506910E-23
 0.94694650E+01  0.57144105E-23
 0.94985917E+01  0.56783678E-23
 0.95278080E+01  0.56425614E-23
 0.95571142E+01  0.56069896E-23
 0.95865105E+01  0.55716509E-23
 0.96159973E+01  0.55365438E-23
 0.96455747E+01  0.55016669E-23
 0.96752431E+01  0.54670184E-23
 0.97050028E+01  0.54325971E-23
 0.97348540E+01  0.53984014E-23
 0.97647970E+01  0.53644297E-23
 0.97948322E+01  0.53306807E-23
 0.98249597E+01  0.52971528E-23
 0.98551799E+01  0.52638447E-23
 0.98854930E+01  0.52307549E-23
 0.99158994E+01  0.51978818E-23
 0.99463993E+01  0.51652243E-23
 0.99769930E+01  0.51327807E-23
 0.10007681E+02  0.51005497E-23
 0.10038463E+02  0.50685299E-23
 0.10069340E+02  0.50367199E-23
 0.10100312E+02  0.50051184E-23
 0.10131379E+02  0.49737240E-23
 0.10162542E+02  0.49425352E-23
 0.10193800E+02  0.49115509E-23
 0.10225155E+02  0.48807695E-23
 0.10256606E+02  0.48501899E-23
 0.10288154E+02  0.48198106E-23
 0.10319799E+02  0.47896304E-23
 0.10351541E+02  0.47596479E-23
 0.10383381E+02  0.47298619E-23
 0.10415319E+02  0.47002710E-23
 0.10447355E+02  0.46708740E-23
 0.10479489E+02  0.46416696E-23
 0.10511723E+02  0.46126566E-23
 0.10544055E+02  0.45838336E-23
 0.10576487E+02  0.45551995E-23
 0.10609019E+02  0.45267530E-23
 0.10641651E+02  0.44984928E-23
 0.10674383E+02  0.44704178E-23
 0.10707216E+02  0.44425267E-23
 0.10740150E+02  0.44148184E-23
 0.10773185E+02  0.43872915E-23
 0.10806322E+02  0.43599450E-23
 0.10839560E+02  0.43327777E-23
 0.10872901E+02  0.43057883E-23
 0.10906345E+02  0.42789757E-23
 0.10939891E+02  0.42523388E-23
 0.10973541E+02  0.42258764E-23
 0.11007294E+02  0.41995873E-23
 0.11041151E+02  0.41734704E-23
 0.11075112E+02  0.41475246E-23
 0.11109177E+02  0.41217487E-23
 0.11143347E+02  0.40961417E-23
 0.11177623E+02  0.40707025E-23
 0.11212004E+02  0.40454299E-23
 0.11246490E+02  0.40203228E-23
 0.11281083E+02  0.39953801E-23
 0.11315782E+02  0.39706008E-23
 0.11350587E+02  0.39459839E-23
 0.11385500E+02  0.39215282E-23
 0.11420520E+02  0.38972326E-23
 0.11455648E+02  0.38730962E-23
 0.11490884E+02  0.38491178E-23
 0.11526229E+02  0.38252966E-23
 0.11561682E+02  0.38016313E-23
 0.11597244E+02  0.37781210E-23
 0.11632915E+02  0.37547647E-23
 0.11668696E+02  0.37315613E-23
 0.11704588E+02  0.37085100E-23
 0.11740589E+02  0.36856095E-23
 0.11776702E+02  0.36628591E-23
 0.11812925E+02  0.36402576E-23
 0.11849260E+02  0.36178042E-23
 0.11885707E+02  0.35954978E-23
 0.11922265E+02  0.35733374E-23
 0.11958937E+02  0.35513222E-23
 0.11995721E+02  0.35294512E-23
 0.12032618E+02  0.35077233E-23
 0.12069628E+02  0.34861378E-23
 0.12106753E+02  0.34646936E-23
 0.12143991E+02  0.34433898E-23
 0.12181345E+02  0.34222255E-23
 0.12218813E+02  0.34011998E-23
 0.12256396E+02  0.33803117E-23
 0.12294095E+02  0.33595604E-23
 0.12331910E+02  0.33389450E-23
 0.12369841E+02  0.33184646E-23
 0.12407889E+02  0.32981183E-23
 0.12446054E+02  0.32779052E-23
 0.12484336E+02  0.32578244E-23
 0.12522736E+02  0.32378751E-23
 0.12561254E+02  0.32180564E-23
 0.12599891E+02  0.31983675E-23
 0.12638646E+02  0.31788074E-23
 0.12677521E+02  0.31593755E-23
 0.12716515E+02  0.31400707E-23
 0.12755630E+02  0.31208923E-23
 0.12794864E+02  0.31018395E-23
 0.12834219E+02  0.30829114E-23
 0.12873696E+02  0.30641072E-23
 0.12913293E+02  0.30454261E-23
 0.12953013E+02  0.30268673E-23
 0.12992854E+02  0.30084300E-23
 0.13032818E+02  0.29901133E-23
 0.13072906E+02  0.29719166E-23
 0.13113116E+02  0.29538390E-23
 0.13153450E+02  0.29358797E-23
 0.13193908E+02  0.29180379E-23
 0.13234491E+02  0.29003130E-23
 0.13275198E+02  0.28827041E-23
 0.13316031E+02  0.28652104E-23
 0.13356989E+02  0.28478312E-23
 0.13398073E+02  0.28305658E-23
 0.13439284E+02  0.28134133E-23
 0.13480621E+02  0.27963732E-23
 0.13522086E+02  0.27794445E-23
 0.13563678E+02  0.27626267E-23
 0.13605398E+02  0.27459189E-23
 0.13647246E+02  0.27293204E-23
 0.13689223E+02  0.27128306E-23
 0.13731329E+02  0.26964487E-23
 0.13773565E+02  0.26801740E-23
 0.13815930E+02  0.26640059E-23
 0.13858426E+02  0.26479435E-23
 0.13901052E+02  0.26319862E-23
 0.13943810E+02  0.26161334E-23
 0.13986699E+02  0.26003842E-23
 0.14029720E+02  0.25847382E-23
 0.14072874E+02  0.25691945E-23
 0.14116160E+02  0.25537525E-23
 0.14159579E+02  0.25384116E-23
 0.14203132E+02  0.25231711E-23
 0.14246819E+02  0.25080302E-23
 0.14290640E+02  0.24929885E-23
 0.14334596E+02  0.24780451E-23
 0.14378687E+02  0.24631996E-23
 0.14422914E+02  0.24484511E-23
 0.14467277E+02  0.24337992E-23
 0.14511776E+02  0.24192431E-23
 0.14556412E+02  0.24047822E-23
 0.14601186E+02  0.23904160E-23
 0.14646097E+02  0.23761437E-23
 0.14691146E+02  0.23619648E-23
 0.14736334E+02  0.23478787E-23
 0.14781661E+02  0.23338847E-23
 0.14827127E+02  0.23199823E-23
 0.14872734E+02  0.23061708E-23
 0.14918480E+02  0.22924496E-23
 0.14964367E+02  0.22788183E-23
 0.15010395E+02  0.22652760E-23
 0.15056565E+02  0.22518224E-23
 0.15102877E+02  0.22384568E-23
 0.15149331E+02  0.22251786E-23
 0.15195929E+02  0.22119872E-23
 0.15242669E+02  0.21988821E-23
 0.15289553E+02  0.21858628E-23
 0.15336582E+02  0.21729286E-23
 0.15383755E+02  0.21600789E-23
 0.15431073E+02  0.21473134E-23
 0.15478537E+02  0.21346313E-23
 0.15526147E+02  0.21220322E-23
 0.15573903E+02  0.21095154E-23
 0.15621806E+02  0.20970806E-23
 0.15669857E+02  0.20847270E-23
 0.15718055E+02  0.20724542E-23
 0.15766401E+02  0.20602617E-23
 0.15814897E+02  0.20481490E-23
 0.15863541E+02  0.20361154E-23
 0.15912335E+02  0.20241605E-23
 0.15961279E+02  0.20122839E-23
 0.16010374E+02  0.20004848E-23
 0.16059619E+02  0.19887629E-23
 0.16109016E+02  0.19771177E-23
 0.16158565E+02  0.19655486E-23
 0.16208267E+02  0.19540552E-23
 0.16258121E+02  0.19426369E-23
 0.16308129E+02  0.19312933E-23
 0.16358290E+02  0.19200238E-23
 0.16408606E+02  0.19088280E-23
 0.16459077E+02  0.18977055E-23
 0.16509702E+02  0.18866556E-23
 0.16560484E+02  0.18756780E-23
 0.16611422E+02  0.18647721E-23
 0.16662516E+02  0.18539376E-23
 0.16713768E+02  0.18431739E-23
 0.16765177E+02  0.18324805E-23
 0.16816744E+02  0.18218571E-23
 0.16868470E+02  0.18113031E-23
 0.16920355E+02  0.18008181E-23
 0.16972400E+02  0.17904016E-23
 0.17024604E+02  0.17800533E-23
 0.17076970E+02  0.17697725E-23
 0.17129496E+02  0.17595590E-23
 0.17182184E+02  0.17494123E-23
 0.17235034E+02  0.17393318E-23
 0.17288046E+02  0.17293173E-23
 0.17341222E+02  0.17193682E-23
 0.17394561E+02  0.17094841E-23
 0.17448064E+02  0.16996647E-23
 0.17501732E+02  0.16899094E-23
 0.17555565E+02  0.16802179E-23
 0.17609563E+02  0.16705897E-23
 0.17663728E+02  0.16610244E-23
 0.17718059E+02  0.16515217E-23
 0.17772557E+02  0.16420811E-23
 0.17827223E+02  0.16327021E-23
 0.17882057E+02  0.16233845E-23
 0.17937060E+02  0.16141277E-23
 0.17992231E+02  0.16049315E-23
 0.18047573E+02  0.15957953E-23
 0.18103085E+02  0.15867188E-23
 0.18158767E+02  0.15777017E-23
 0.18214621E+02  0.15687434E-23
 0.18270647E+02  0.15598438E-23
 0.18326845E+02  0.15510022E-23
 0.18383215E+02  0.15422184E-23
 0.18439759E+02  0.15334921E-23
 0.18496478E+02  0.15248227E-23
 0.18553370E+02  0.15162100E-23
 0.18610438E+02  0.15076536E-23
 0.18667681E+02  0.14991530E-23
 0.18725100E+02  0.14907081E-23
 0.18782696E+02  0.14823182E-23
 0.18840468E+02  0.14739832E-23
 0.18898419E+02  0.14657027E-23
 0.18956548E+02  0.14574762E-23
 0.19014856E+02  0.14493035E-23
 0.19073343E+02  0.14411842E-23
 0.19132009E+02  0.14331179E-23
 0.19190857E+02  0.14251044E-23
 0.19249885E+02  0.14171431E-23
 0.19309095E+02  0.14092339E-23
 0.19368487E+02  0.14013764E-23
 0.19428062E+02  0.13935701E-23
 0.19487820E+02  0.13858149E-23
 0.19547762E+02  0.13781103E-23
 0.19607888E+02  0.13704561E-23
 0.19668199E+02  0.13628518E-23
 0.19728695E+02  0.13552972E-23
 0.19789378E+02  0.13477920E-23
 0.19850247E+02  0.13403358E-23
 0.19911304E+02  0.13329283E-23
 0.19972548E+02  0.13255691E-23
 0.20033981E+02  0.13182581E-23
 0.20095603E+02  0.13109948E-23
 0.20157414E+02  0.13037789E-23
 0.20219415E+02  0.12966101E-23
 0.20281607E+02  0.12894882E-23
 0.20343991E+02  0.12824128E-23
 0.20406566E+02  0.12753836E-23
 0.20469333E+02  0.12684002E-23
 0.20532294E+02  0.12614625E-23
 0.20595449E+02  0.12545701E-23
 0.20658797E+02  0.12477228E-23
 0.20722341E+02  0.12409201E-23
 0.20786080E+02  0.12341619E-23
 0.20850015E+02  0.12274477E-23
 0.20914147E+02  0.12207775E-23
 0.20978475E+02  0.12141508E-23
 0.21043002E+02  0.12075673E-23
 0.21107728E+02  0.12010269E-23
 0.21172652E+02  0.11945291E-23
 0.21237776E+02  0.11880738E-23
 0.21303100E+02  0.11816606E-23
 0.21368626E+02  0.11752894E-23
 0.21434353E+02  0.11689597E-23
 0.21500282E+02  0.11626713E-23
 0.21566413E+02  0.11564240E-23
 0.21632749E+02  0.11502175E-23
 0.21699288E+02  0.11440515E-23
 0.21766032E+02  0.11379258E-23
 0.21832981E+02  0.11318400E-23
 0.21900136E+02  0.11257940E-23
 0.21967498E+02  0.11197875E-23
 0.22035067E+02  0.11138202E-23
 0.22102844E+02  0.11078918E-23
 0.22170829E+02  0.11020022E-23
 0.22239023E+02  0.10961510E-23
 0.22307427E+02  0.10903380E-23
 0.22376042E+02  0.10845629E-23
 0.22444867E+02  0.10788256E-23
 0.22513904E+02  0.10731257E-23
 0.22583154E+02  0.10674630E-23
 0.22652617E+02  0.10618373E-23
 0.22722293E+02  0.10562483E-23
 0.22792183E+02  0.10506958E-23
 0.22862289E+02  0.10451796E-23
 0.22932610E+02  0.10396993E-23
 0.23003147E+02  0.10342548E-23
 0.23073902E+02  0.10288459E-23
 0.23144874E+02  0.10234723E-23
 0.23216064E+02  0.10181338E-23
 0.23287474E+02  0.10128301E-23
 0.23359102E+02  0.10075610E-23
 0.23430952E+02  0.10023263E-23
 0.23503022E+02  0.99712580E-24
 0.23575314E+02  0.99195924E-24
 0.23647828E+02  0.98682640E-24
 0.23720566E+02  0.98172707E-24
 0.23793527E+02  0.97666102E-24
 0.23866712E+02  0.97162805E-24
 0.23940123E+02  0.96662792E-24
 0.24013759E+02  0.96166044E-24
 0.24087622E+02  0.95672538E-24
 0.24161712E+02  0.95182253E-24
 0.24236030E+02  0.94695168E-24
 0.24310577E+02  0.94211263E-24
 0.24385353E+02  0.93730517E-24
 0.24460359E+02  0.93252908E-24
 0.24535595E+02  0.92778417E-24
 0.24611063E+02  0.92307023E-24
 0.24686763E+02  0.91838706E-24
 0.24762696E+02  0.91373446E-24
 0.24838863E+02  0.90911223E-24
 0.24915264E+02  0.90452016E-24
 0.24991900E+02  0.89995808E-24
 0.25068771E+02  0.89542577E-24
 0.25145879E+02  0.89092304E-24
 0.25223224E+02  0.88644971E-24
 0.25300807E+02  0.88200557E-24
 0.25378629E+02  0.87759044E-24
 0.25456690E+02  0.87320413E-24
 0.25534991E+02  0.86884646E-24
 0.25613533E+02  0.86451722E-24
 0.25692317E+02  0.86021625E-24
 0.25771343E+02  0.85594335E-24
 0.25850612E+02  0.85169834E-24
 0.25930124E+02  0.84748104E-24
 0.26009882E+02  0.84329127E-24
 0.26089885E+02  0.83912885E-24
 0.26170133E+02  0.83499360E-24
 0.26250629E+02  0.83088534E-24
 0.26331372E+02  0.82680390E-24
 0.26412364E+02  0.82274911E-24
 0.26493604E+02  0.81872078E-24
 0.26575095E+02  0.81471875E-24
 0.26656836E+02  0.81074284E-24
 0.26738829E+02  0.80679289E-24
 0.26821074E+02  0.80286873E-24
 0.26903571E+02  0.79897018E-24
 0.26986323E+02  0.79509709E-24
 0.27069329E+02  0.79124928E-24
 0.27152591E+02  0.78742659E-24
 0.27236108E+02  0.78362885E-24
 0.27319882E+02  0.77985591E-24
 0.27403915E+02  0.77610760E-24
 0.27488205E+02  0.77238377E-24
 0.27572755E+02  0.76868424E-24
 0.27657565E+02  0.76500887E-24
 0.27742636E+02  0.76135750E-24
 0.27827968E+02  0.75772997E-24
 0.27913563E+02  0.75412612E-24
 0.27999421E+02  0.75054581E-24
 0.28085543E+02  0.74698887E-24
 0.28171930E+02  0.74345516E-24
 0.28258583E+02  0.73994452E-24
 0.28345503E+02  0.73645681E-24
 0.28432689E+02  0.73299188E-24
 0.28520144E+02  0.72954957E-24
 0.28607868E+02  0.72612974E-24
 0.28695862E+02  0.72273224E-24
 0.28784126E+02  0.71935693E-24
 0.28872662E+02  0.71600367E-24
 0.28961470E+02  0.71267231E-24
 0.29050552E+02  0.70936270E-24
 0.29139907E+02  0.70607472E-24
 0.29229537E+02  0.70280820E-24
 0.29319443E+02  0.69956303E-24
 0.29409626E+02  0.69633905E-24
 0.29500085E+02  0.69313613E-24
 0.29590824E+02  0.68995414E-24
 0.29681841E+02  0.68679293E-24
 0.29773138E+02  0.68365237E-24
 0.29864716E+02  0.68053234E-24
 0.29956575E+02  0.67743268E-24
 0.30048718E+02  0.67435328E-24
 0.30141143E+02  0.67129400E-24
 0.30233853E+02  0.66825471E-24
 0.30326848E+02  0.66523528E-24
 0.30420129E+02  0.66223558E-24
 0.30513697E+02  0.65925548E-24
 0.30607553E+02  0.65629485E-24
 0.30701697E+02  0.65335358E-24
 0.30796131E+02  0.65043153E-24
 0.30890856E+02  0.64752858E-24
 0.30985872E+02  0.64464460E-24
 0.31081180E+02  0.64177948E-24
 0.31176781E+02  0.63893308E-24
 0.31272677E+02  0.63610529E-24
 0.31368867E+02  0.63329599E-24
 0.31465353E+02  0.63050505E-24
 0.31562136E+02  0.62773237E-24
 0.31659217E+02  0.62497781E-24
 0.31756596E+02  0.62224127E-24
 0.31854275E+02  0.61952262E-24
 0.31952254E+02  0.61682174E-24
 0.32050535E+02  0.61413854E-24
 0.32149118E+02  0.61147288E-24
 0.32248004E+02  0.60882466E-24
 0.32347194E+02  0.60619376E-24
 0.32446689E+02  0.60358007E-24
 0.32546491E+02  0.60098348E-24
 0.32646599E+02  0.59840388E-24
 0.32747015E+02  0.59584116E-24
 0.32847741E+02  0.59329520E-24
 0.32948776E+02  0.59076591E-24
 0.33050121E+02  0.58825317E-24
 0.33151779E+02  0.58575687E-24
 0.33253749E+02  0.58327692E-24
 0.33356033E+02  0.58081319E-24
 0.33458631E+02  0.57836560E-24
 0.33561545E+02  0.57593403E-24
 0.33664776E+02  0.57351838E-24
 0.33768324E+02  0.57111854E-24
 0.33872190E+02  0.56873442E-24
 0.33976376E+02  0.56636592E-24
 0.34080883E+02  0.56401292E-24
 0.34185711E+02  0.56167534E-24
 0.34290861E+02  0.55935307E-24
 0.34396335E+02  0.55704602E-24
 0.34502133E+02  0.55475408E-24
 0.34608257E+02  0.55247716E-24
 0.34714707E+02  0.55021515E-24
 0.34821485E+02  0.54796798E-24
 0.34928590E+02  0.54573553E-24
 0.35036026E+02  0.54351771E-24
 0.35143792E+02  0.54131444E-24
 0.35251889E+02  0.53912561E-24
 0.35360319E+02  0.53695113E-24
 0.35469082E+02  0.53479091E-24
 0.35578180E+02  0.53264486E-24
 0.35687613E+02  0.53051288E-24
 0.35797383E+02  0.52839489E-24
 0.35907491E+02  0.52629079E-24
 0.36017937E+02  0.52420050E-24
 0.36128724E+02  0.52212393E-24
 0.36239850E+02  0.52006098E-24
 0.36351319E+02  0.51801158E-24
 0.36463130E+02  0.51597563E-24
 0.36575286E+02  0.51395304E-24
 0.36687786E+02  0.51194374E-24
 0.36800633E+02  0.50994763E-24
 0.36913826E+02  0.50796463E-24
 0.37027368E+02  0.50599466E-24
 0.37141259E+02  0.50403762E-24
 0.37255500E+02  0.50209345E-24
 0.37370093E+02  0.50016205E-24
 0.37485038E+02  0.49824335E-24
 0.37600336E+02  0.49633726E-24
 0.37715990E+02  0.49444370E-24
 0.37831999E+02  0.49256259E-24
 0.37948365E+02  0.49069385E-24
 0.38065088E+02  0.48883740E-24
 0.38182171E+02  0.48699316E-24
 0.38299614E+02  0.48516106E-24
 0.38417418E+02  0.48334102E-24
 0.38535585E+02  0.48153295E-24
 0.38654115E+02  0.47973678E-24
 0.38773009E+02  0.47795244E-24
 0.38892270E+02  0.47617985E-24
 0.39011897E+02  0.47441893E-24
 0.39131892E+02  0.47266961E-24
 0.39252256E+02  0.47093182E-24
 0.39372990E+02  0.46920548E-24
 0.39494096E+02  0.46749052E-24
 0.39615574E+02  0.46578686E-24
 0.39737426E+02  0.46409443E-24
 0.39859653E+02  0.46241316E-24
 0.39982255E+02  0.46074299E-24
 0.40105235E+02  0.45908383E-24
 0.40228593E+02  0.45743561E-24
 0.40352331E+02  0.45579828E-24
 0.40476449E+02  0.45417175E-24
 0.40600948E+02  0.45255597E-24
 0.40725831E+02  0.45095085E-24
 0.40851098E+02  0.44935634E-24
 0.40976750E+02  0.44777236E-24
 0.41102789E+02  0.44619884E-24
 0.41229215E+02  0.44463573E-24
 0.41356030E+02  0.44308295E-24
 0.41483236E+02  0.44154044E-24
 0.41610832E+02  0.44000814E-24
 0.41738821E+02  0.43848597E-24
 0.41867204E+02  0.43697387E-24
 0.41995982E+02  0.43547178E-24
 0.42125155E+02  0.43397964E-24
 0.42254726E+02  0.43249738E-24
 0.42384696E+02  0.43102493E-24
 0.42515065E+02  0.42956225E-24
 0.42645835E+02  0.42810925E-24
 0.42777008E+02  0.42666589E-24
 0.42908584E+02  0.42523210E-24
 0.43040565E+02  0.42380782E-24
 0.43172951E+02  0.42239299E-24
 0.43305745E+02  0.42098755E-24
 0.43438947E+02  0.41959145E-24
 0.43572559E+02  0.41820461E-24
 0.43706582E+02  0.41682698E-24
 0.43841018E+02  0.41545851E-24
 0.43975866E+02  0.41409913E-24
 0.44111130E+02  0.41274879E-24
 0.44246810E+02  0.41140743E-24
 0.44382906E+02  0.41007500E-24
 0.44519422E+02  0.40875143E-24
 0.44656357E+02  0.40743667E-24
 0.44793714E+02  0.40613067E-24
 0.44931493E+02  0.40483337E-24
 0.45069696E+02  0.40354471E-24
 0.45208324E+02  0.40226464E-24
 0.45347378E+02  0.40099311E-24
 0.45486860E+02  0.39973006E-24
 0.45626772E+02  0.39847544E-24
 0.45767113E+02  0.39722919E-24
 0.45907886E+02  0.39599126E-24
 0.46049092E+02  0.39476161E-24
 0.46190733E+02  0.39354017E-24
 0.46332809E+02  0.39232690E-24
 0.46475322E+02  0.39112174E-24
 0.46618273E+02  0.38992464E-24
 0.46761665E+02  0.38873556E-24
 0.46905497E+02  0.38755444E-24
 0.47049772E+02  0.38638123E-24
 0.47194490E+02  0.38521588E-24
 0.47339654E+02  0.38405835E-24
 0.47485264E+02  0.38290858E-24
 0.47631321E+02  0.38176652E-24
 0.47777829E+02  0.38063213E-24
 0.47924786E+02  0.37950535E-24
 0.48072196E+02  0.37838615E-24
 0.48220060E+02  0.37727447E-24
 0.48368378E+02  0.37617027E-24
 0.48517152E+02  0.37507349E-24
 0.48666384E+02  0.37398410E-24
 0.48816075E+02  0.37290204E-24
 0.48966226E+02  0.37182728E-24
 0.49116839E+02  0.37075975E-24
 0.49267916E+02  0.36969943E-24
 0.49419457E+02  0.36864626E-24
 0.49571464E+02  0.36760020E-24
 0.49723939E+02  0.36656121E-24
 0.49876882E+02  0.36552924E-24
 0.50030297E+02  0.36450424E-24
 0.50184183E+02  0.36348618E-24
 0.50338542E+02  0.36247501E-24
 0.50493376E+02  0.36147069E-24
 0.50648687E+02  0.36047317E-24
 0.50804475E+02  0.35948241E-24
 0.50960742E+02  0.35849838E-24
 0.51117490E+02  0.35752102E-24
 0.51274720E+02  0.35655030E-24
 0.51432434E+02  0.35558618E-24
 0.51590633E+02  0.35462862E-24
 0.51749319E+02  0.35367757E-24
 0.51908492E+02  0.35273299E-24
 0.52068155E+02  0.35179485E-24
 0.52228309E+02  0.35086310E-24
 0.52388956E+02  0.34993770E-24
 0.52550097E+02  0.34901863E-24
 0.52711734E+02  0.34810582E-24
 0.52873868E+02  0.34719926E-24
 0.53036500E+02  0.34629890E-24
 0.53199633E+02  0.34540469E-24
 0.53363268E+02  0.34451661E-24
 0.53527405E+02  0.34363462E-24
 0.53692048E+02  0.34275867E-24
 0.53857197E+02  0.34188874E-24
 0.54022854E+02  0.34102477E-24
 0.54189021E+02  0.34016675E-24
 0.54355699E+02  0.33931462E-24
 0.54522889E+02  0.33846836E-24
 0.54690594E+02  0.33762793E-24
 0.54858814E+02  0.33679329E-24
 0.55027552E+02  0.33596441E-24
 0.55196809E+02  0.33514125E-24
 0.55366587E+02  0.33432377E-24
 0.55536886E+02  0.33351195E-24
 0.55707710E+02  0.33270575E-24
 0.55879059E+02  0.33190513E-24
 0.56050935E+02  0.33111006E-24
 0.56223340E+02  0.33032050E-24
 0.56396275E+02  0.32953643E-24
 0.56569742E+02  0.32875780E-24
 0.56743742E+02  0.32798459E-24
 0.56918278E+02  0.32721676E-24
 0.57093350E+02  0.32645428E-24
 0.57268961E+02  0.32569712E-24
 0.57445113E+02  0.32494525E-24
 0.57621806E+02  0.32419862E-24
 0.57799042E+02  0.32345722E-24
 0.57976824E+02  0.32272101E-24
 0.58155152E+02  0.32198996E-24
 0.58334029E+02  0.32126403E-24
 0.58513456E+02  0.32054320E-24
 0.58693435E+02  0.31982743E-24
 0.58873968E+02  0.31911670E-24
 0.59055056E+02  0.31841097E-24
 0.59236701E+02  0.31771022E-24
 0.59418905E+02  0.31701441E-24
 0.59601669E+02  0.31632352E-24
 0.59784995E+02  0.31563751E-24
 0.59968885E+02  0.31495636E-24
 0.60153341E+02  0.31428004E-24
 0.60338364E+02  0.31360851E-24
 0.60523956E+02  0.31294175E-24
 0.60710119E+02  0.31227974E-24
 0.60896855E+02  0.31162243E-24
 0.61084165E+02  0.31096982E-24
 0.61272051E+02  0.31032185E-24
 0.61460516E+02  0.30967852E-24
 0.61649559E+02  0.30903979E-24
 0.61839185E+02  0.30840563E-24
 0.62029393E+02  0.30777602E-24
 0.62220187E+02  0.30715092E-24
 0.62411567E+02  0.30653032E-24
 0.62603536E+02  0.30591419E-24
 0.62796096E+02  0.30530250E-24
 0.62989248E+02  0.30469522E-24
 0.63182994E+02  0.30409233E-24
 0.63377336E+02  0.30349380E-24
 0.63572275E+02  0.30289961E-24
 0.63767815E+02  0.30230973E-24
 0.63963955E+02  0.30172413E-24
 0.64160699E+02  0.30114280E-24
 0.64358049E+02  0.30056569E-24
 0.64556005E+02  0.29999280E-24
 0.64754570E+02  0.29942410E-24
 0.64953746E+02  0.29885956E-24
 0.65153534E+02  0.29829915E-24
 0.65353937E+02  0.29774286E-24
 0.65554957E+02  0.29719066E-24
 0.65756594E+02  0.29664252E-24
 0.65958852E+02  0.29609842E-24
 0.66161732E+02  0.29555834E-24
 0.66365237E+02  0.29502226E-24
 0.66569367E+02  0.29449015E-24
 0.66774125E+02  0.29396199E-24
 0.66979512E+02  0.29343775E-24
 0.67185532E+02  0.29291742E-24
 0.67392185E+02  0.29240096E-24
 0.67599474E+02  0.29188837E-24
 0.67807400E+02  0.29137961E-24
 0.68015966E+02  0.29087467E-24
 0.68225173E+02  0.29037352E-24
 0.68435024E+02  0.28987614E-24
 0.68645521E+02  0.28938251E-24
 0.68856665E+02  0.28889261E-24
 0.69068458E+02  0.28840641E-24
 0.69280903E+02  0.28792390E-24
 0.69494001E+02  0.28744505E-24
 0.69707755E+02  0.28696985E-24
 0.69922166E+02  0.28649827E-24
 0.70137236E+02  0.28603030E-24
 0.70352969E+02  0.28556590E-24
 0.70569364E+02  0.28510507E-24
 0.70786426E+02  0.28464778E-24
 0.71004155E+02  0.28419401E-24
 0.71222553E+02  0.28374375E-24
 0.71441624E+02  0.28329696E-24
 0.71661368E+02  0.28285364E-24
 0.71881788E+02  0.28241377E-24
 0.72102886E+02  0.28197731E-24
 0.72324665E+02  0.28154427E-24
 0.72547125E+02  0.28111460E-24
 0.72770270E+02  0.28068831E-24
 0.72994101E+02  0.28026537E-24
 0.73218620E+02  0.27984575E-24
 0.73443830E+02  0.27942945E-24
 0.73669733E+02  0.27901644E-24
 0.73896331E+02  0.27860671E-24
 0.74123625E+02  0.27820023E-24
 0.74351619E+02  0.27779700E-24
 0.74580314E+02  0.27739698E-24
 0.74809713E+02  0.27700017E-24
 0.75039817E+02  0.27660655E-24
 0.75270628E+02  0.27621609E-24
 0.75502150E+02  0.27582879E-24
 0.75734384E+02  0.27544462E-24
 0.75967332E+02  0.27506357E-24
 0.76200997E+02  0.27468562E-24
 0.76435380E+02  0.27431075E-24
 0.76670485E+02  0.27393895E-24
 0.76906312E+02  0.27357020E-24
 0.77142865E+02  0.27320449E-24
 0.77380146E+02  0.27284179E-24
 0.77618156E+02  0.27248210E-24
 0.77856898E+02  0.27212539E-24
 0.78096375E+02  0.27177165E-24
 0.78336589E+02  0.27142087E-24
 0.78577541E+02  0.27107303E-24
 0.78819234E+02  0.27072810E-24
 0.79061671E+02  0.27038609E-24
 0.79304853E+02  0.27004696E-24
 0.79548784E+02  0.26971072E-24
 0.79793465E+02  0.26937733E-24
 0.80038898E+02  0.26904680E-24
 0.80285086E+02  0.26871909E-24
 0.80532032E+02  0.26839420E-24
 0.80779737E+02  0.26807211E-24
 0.81028204E+02  0.26775281E-24
 0.81277435E+02  0.26743628E-24
 0.81527433E+02  0.26712252E-24
 0.81778200E+02  0.26681149E-24
 0.82029738E+02  0.26650320E-24
 0.82282050E+02  0.26619762E-24
 0.82535138E+02  0.26589475E-24
 0.82789004E+02  0.26559456E-24
 0.83043651E+02  0.26529705E-24
 0.83299082E+02  0.26500220E-24
 0.83555298E+02  0.26471000E-24
 0.83812302E+02  0.26442043E-24
 0.84070097E+02  0.26413348E-24
 0.84328684E+02  0.26384914E-24
 0.84588067E+02  0.26356739E-24
 0.84848248E+02  0.26328823E-24
 0.85109230E+02  0.26301163E-24
 0.85371013E+02  0.26273759E-24
 0.85633603E+02  0.26246609E-24
 0.85896999E+02  0.26219713E-24
 0.86161206E+02  0.26193068E-24
 0.86426226E+02  0.26166673E-24
 0.86692061E+02  0.26140528E-24
 0.86958713E+02  0.26114631E-24
 0.87226186E+02  0.26088981E-24
 0.87494481E+02  0.26063576E-24
 0.87763602E+02  0.26038416E-24
 0.88033550E+02  0.26013499E-24
 0.88304329E+02  0.25988824E-24
 0.88575940E+02  0.25964390E-24
 0.88848387E+02  0.25940196E-24
 0.89121672E+02  0.25916240E-24
 0.89395798E+02  0.25892522E-24
 0.89670767E+02  0.25869040E-24
 0.89946581E+02  0.25845793E-24
 0.90223244E+02  0.25822781E-24
 0.90500758E+02  0.25800001E-24
 0.90779126E+02  0.25777453E-24
 0.91058349E+02  0.25755136E-24
 0.91338432E+02  0.25733048E-24
 0.91619376E+02  0.25711190E-24
 0.91901184E+02  0.25689558E-24
 0.92183859E+02  0.25668154E-24
 0.92467404E+02  0.25646974E-24
 0.92751820E+02  0.25626019E-24
 0.93037112E+02  0.25605288E-24
 0.93323280E+02  0.25584779E-24
 0.93610330E+02  0.25564491E-24
 0.93898262E+02  0.25544423E-24
 0.94187079E+02  0.25524575E-24
 0.94476786E+02  0.25504945E-24
 0.94767383E+02  0.25485532E-24
 0.95058874E+02  0.25466336E-24
 0.95351261E+02  0.25447355E-24
 0.95644548E+02  0.25428589E-24
 0.95938737E+02  0.25410036E-24
 0.96233831E+02  0.25391695E-24
 0.96529833E+02  0.25373566E-24
 0.96826745E+02  0.25355648E-24
 0.97124570E+02  0.25337940E-24
 0.97423312E+02  0.25320440E-24
 0.97722972E+02  0.25303149E-24
 0.98023554E+02  0.25286064E-24
 0.98325060E+02  0.25269186E-24
 0.98627494E+02  0.25252513E-24
 0.98930858E+02  0.25236044E-24
 0.99235156E+02  0.25219779E-24
 0.99540389E+02  0.25203716E-24
 0.99846561E+02  0.25187855E-24
 0.10015367E+03  0.25172195E-24
 0.10046173E+03  0.25156735E-24
 0.10077074E+03  0.25141475E-24
 0.10108070E+03  0.25126413E-24
 0.10139161E+03  0.25111548E-24
 0.10170347E+03  0.25096880E-24
 0.10201630E+03  0.25082409E-24
 0.10233008E+03  0.25068132E-24
 0.10264484E+03  0.25054050E-24
 0.10296056E+03  0.25040162E-24
 0.10327725E+03  0.25026466E-24
 0.10359492E+03  0.25012963E-24
 0.10391356E+03  0.24999651E-24
 0.10423318E+03  0.24986529E-24
 0.10455379E+03  0.24973597E-24
 0.10487538E+03  0.24960854E-24
 0.10519796E+03  0.24948300E-24
 0.10552154E+03  0.24935933E-24
 0.10584611E+03  0.24923753E-24
 0.10617168E+03  0.24911759E-24
 0.10649824E+03  0.24899951E-24
 0.10682582E+03  0.24888327E-24
 0.10715440E+03  0.24876887E-24
 0.10748399E+03  0.24865631E-24
 0.10781460E+03  0.24854557E-24
 0.10814622E+03  0.24843665E-24
 0.10847886E+03  0.24832955E-24
 0.10881253E+03  0.24822425E-24
 0.10914722E+03  0.24812075E-24
 0.10948294E+03  0.24801904E-24
 0.10981969E+03  0.24791912E-24
 0.11015748E+03  0.24782098E-24
 0.11049631E+03  0.24772461E-24
 0.11083618E+03  0.24763001E-24
 0.11117710E+03  0.24753717E-24
 0.11151906E+03  0.24744609E-24
 0.11186208E+03  0.24735675E-24
 0.11220615E+03  0.24726916E-24
 0.11255128E+03  0.24718330E-24
 0.11289747E+03  0.24709918E-24
 0.11324473E+03  0.24701677E-24
 0.11359306E+03  0.24693609E-24
 0.11394245E+03  0.24685712E-24
 0.11429292E+03  0.24677986E-24
 0.11464447E+03  0.24670430E-24
 0.11499710E+03  0.24663043E-24
 0.11535082E+03  0.24655825E-24
 0.11570562E+03  0.24648776E-24
 0.11606151E+03  0.24641895E-24
 0.11641850E+03  0.24635181E-24
 0.11677659E+03  0.24628634E-24
 0.11713578E+03  0.24622253E-24
 0.11749607E+03  0.24616038E-24
 0.11785747E+03  0.24609989E-24
 0.11821998E+03  0.24604104E-24
 0.11858361E+03  0.24598383E-24
 0.11894836E+03  0.24592826E-24
 0.11931423E+03  0.24587432E-24
 0.11968122E+03  0.24582201E-24
 0.12004934E+03  0.24577132E-24
 0.12041860E+03  0.24572225E-24
 0.12078899E+03  0.24567479E-24
 0.12116052E+03  0.24562894E-24
 0.12153319E+03  0.24558469E-24
 0.12190701E+03  0.24554205E-24
 0.12228198E+03  0.24550099E-24
 0.12265810E+03  0.24546153E-24
 0.12303538E+03  0.24542365E-24
 0.12341382E+03  0.24538735E-24
 0.12379342E+03  0.24535262E-24
 0.12417419E+03  0.24531947E-24
 0.12455613E+03  0.24528789E-24
 0.12493925E+03  0.24525787E-24
 0.12532355E+03  0.24522941E-24
 0.12570902E+03  0.24520250E-24
 0.12609569E+03  0.24517714E-24
 0.12648354E+03  0.24515333E-24
 0.12687259E+03  0.24513107E-24
 0.12726283E+03  0.24511034E-24
 0.12765427E+03  0.24509114E-24
 0.12804692E+03  0.24507348E-24
 0.12844077E+03  0.24505735E-24
 0.12883584E+03  0.24504273E-24
 0.12923212E+03  0.24502964E-24
 0.12962962E+03  0.24501806E-24
 0.13002834E+03  0.24500800E-24
 0.13042829E+03  0.24499944E-24
 0.13082947E+03  0.24499239E-24
 0.13123188E+03  0.24498684E-24
 0.13163553E+03  0.24498279E-24
 0.13204042E+03  0.24498023E-24
 0.13244656E+03  0.24497917E-24
 0.13285395E+03  0.24497959E-24
 0.13326259E+03  0.24498150E-24
 0.13367248E+03  0.24498488E-24
 0.13408364E+03  0.24498975E-24
 0.13449606E+03  0.24499609E-24
 0.13490975E+03  0.24500390E-24
 0.13532472E+03  0.24501318E-24
 0.13574096E+03  0.24502393E-24
 0.13615848E+03  0.24503614E-24
 0.13657728E+03  0.24504981E-24
 0.13699737E+03  0.24506494E-24
 0.13741876E+03  0.24508152E-24
 0.13784144E+03  0.24509955E-24
 0.13826542E+03  0.24511903E-24
 0.13869070E+03  0.24513995E-24
 0.13911730E+03  0.24516232E-24
 0.13954520E+03  0.24518613E-24
 0.13997442E+03  0.24521137E-24
 0.14040496E+03  0.24523805E-24
 0.14083683E+03  0.24526616E-24
 0.14127002E+03  0.24529571E-24
 0.14170455E+03  0.24532668E-24
 0.14214041E+03  0.24535907E-24
 0.14257762E+03  0.24539289E-24
 0.14301617E+03  0.24542813E-24
 0.14345606E+03  0.24546478E-24
 0.14389731E+03  0.24550285E-24
 0.14433992E+03  0.24554233E-24
 0.14478389E+03  0.24558323E-24
 0.14522922E+03  0.24562553E-24
 0.14567593E+03  0.24566924E-24
 0.14612401E+03  0.24571436E-24
 0.14657346E+03  0.24576088E-24
 0.14702430E+03  0.24580880E-24
 0.14747653E+03  0.24585811E-24
 0.14793015E+03  0.24590883E-24
 0.14838516E+03  0.24596093E-24
 0.14884157E+03  0.24601444E-24
 0.14929939E+03  0.24606933E-24
 0.14975861E+03  0.24612561E-24
 0.15021925E+03  0.24618328E-24
 0.15068130E+03  0.24624234E-24
 0.15114477E+03  0.24630277E-24
 0.15160967E+03  0.24636460E-24
 0.15207600E+03  0.24642780E-24
 0.15254377E+03  0.24649238E-24
 0.15301297E+03  0.24655834E-24
 0.15348362E+03  0.24662568E-24
 0.15395571E+03  0.24669439E-24
 0.15442926E+03  0.24676447E-24
 0.15490426E+03  0.24683592E-24
 0.15538072E+03  0.24690875E-24
 0.15585865E+03  0.24698295E-24
 0.15633805E+03  0.24705851E-24
 0.15681892E+03  0.24713544E-24
 0.15730128E+03  0.24721373E-24
 0.15778511E+03  0.24729339E-24
 0.15827044E+03  0.24737441E-24
 0.15875725E+03  0.24745679E-24
 0.15924557E+03  0.24754054E-24
 0.15973539E+03  0.24762564E-24
 0.16022671E+03  0.24771210E-24
 0.16071954E+03  0.24779992E-24
 0.16121389E+03  0.24788910E-24
 0.16170976E+03  0.24797963E-24
 0.16220716E+03  0.24807152E-24
 0.16270609E+03  0.24816476E-24
 0.16320655E+03  0.24825935E-24
 0.16370855E+03  0.24835530E-24
 0.16421209E+03  0.24845260E-24
 0.16471719E+03  0.24855124E-24
 0.16522383E+03  0.24865124E-24
 0.16573204E+03  0.24875259E-24
 0.16624181E+03  0.24885528E-24
 0.16675314E+03  0.24895933E-24
 0.16726605E+03  0.24906472E-24
 0.16778054E+03  0.24917146E-24
 0.16829661E+03  0.24927954E-24
 0.16881426E+03  0.24938897E-24
 0.16933351E+03  0.24949975E-24
 0.16985436E+03  0.24961187E-24
 0.17037681E+03  0.24972533E-24
 0.17090086E+03  0.24984014E-24
 0.17142653E+03  0.24995629E-24
 0.17195381E+03  0.25007379E-24
 0.17248272E+03  0.25019263E-24
 0.17301325E+03  0.25031281E-24
 0.17354541E+03  0.25043434E-24
 0.17407921E+03  0.25055721E-24
 0.17461466E+03  0.25068142E-24
 0.17515175E+03  0.25080697E-24
 0.17569049E+03  0.25093387E-24
 0.17623089E+03  0.25106210E-24
 0.17677295E+03  0.25119168E-24
 0.17731668E+03  0.25132260E-24
 0.17786208E+03  0.25145487E-24
 0.17840916E+03  0.25158847E-24
 0.17895792E+03  0.25172342E-24
 0.17950837E+03  0.25185971E-24
 0.18006051E+03  0.25199734E-24
 0.18061435E+03  0.25213632E-24
 0.18116989E+03  0.25227664E-24
 0.18172715E+03  0.25241830E-24
 0.18228611E+03  0.25256130E-24
 0.18284680E+03  0.25270565E-24
 0.18340921E+03  0.25285134E-24
 0.18397335E+03  0.25299838E-24
 0.18453923E+03  0.25314676E-24
 0.18510684E+03  0.25329648E-24
 0.18567621E+03  0.25344755E-24
 0.18624732E+03  0.25359997E-24
 0.18682019E+03  0.25375373E-24
 0.18739482E+03  0.25390884E-24
 0.18797122E+03  0.25406530E-24
 0.18854939E+03  0.25422311E-24
 0.18912935E+03  0.25438226E-24
 0.18971108E+03  0.25454276E-24
 0.19029460E+03  0.25470461E-24
 0.19087992E+03  0.25486782E-24
 0.19146704E+03  0.25503237E-24
 0.19205597E+03  0.25519828E-24
 0.19264671E+03  0.25536553E-24
 0.19323926E+03  0.25553415E-24
 0.19383364E+03  0.25570411E-24
 0.19442984E+03  0.25587543E-24
 0.19502788E+03  0.25604811E-24
 0.19562776E+03  0.25622214E-24
 0.19622948E+03  0.25639753E-24
 0.19683305E+03  0.25657428E-24
 0.19743849E+03  0.25675239E-24
 0.19804578E+03  0.25693186E-24
 0.19865494E+03  0.25711269E-24
 0.19926597E+03  0.25729488E-24
 0.19987889E+03  0.25747844E-24
 0.20049369E+03  0.25766336E-24
 0.20111038E+03  0.25784965E-24
 0.20172896E+03  0.25803730E-24
 0.20234945E+03  0.25822633E-24
 0.20297185E+03  0.25841672E-24
 0.20359616E+03  0.25860848E-24
 0.20422240E+03  0.25880162E-24
 0.20485056E+03  0.25899613E-24
 0.20548065E+03  0.25919201E-24
 0.20611268E+03  0.25938927E-24
 0.20674665E+03  0.25958790E-24
 0.20738257E+03  0.25978792E-24
 0.20802045E+03  0.25998931E-24
 0.20866029E+03  0.26019209E-24
 0.20930210E+03  0.26039624E-24
 0.20994589E+03  0.26060179E-24
 0.21059165E+03  0.26080872E-24
 0.21123940E+03  0.26101703E-24
 0.21188914E+03  0.26122674E-24
 0.21254088E+03  0.26143783E-24
 0.21319463E+03  0.26165032E-24
 0.21385039E+03  0.26186420E-24
 0.21450816E+03  0.26207948E-24
 0.21516796E+03  0.26229615E-24
 0.21582978E+03  0.26251423E-24
 0.21649364E+03  0.26273370E-24
 0.21715955E+03  0.26295458E-24
 0.21782750E+03  0.26317686E-24
 0.21849750E+03  0.26340054E-24
 0.21916957E+03  0.26362564E-24
 0.21984371E+03  0.26385214E-24
 0.22051991E+03  0.26408005E-24
 0.22119820E+03  0.26430938E-24
 0.22187858E+03  0.26454013E-24
 0.22256104E+03  0.26477229E-24
 0.22324561E+03  0.26500587E-24
 0.22393228E+03  0.26524087E-24
 0.22462107E+03  0.26547730E-24
 0.22531197E+03  0.26571515E-24
 0.22600500E+03  0.26595443E-24
 0.22670016E+03  0.26619514E-24
 0.22739745E+03  0.26643728E-24
 0.22809689E+03  0.26668085E-24
 0.22879849E+03  0.26692586E-24
 0.22950224E+03  0.26717231E-24
 0.23020816E+03  0.26742020E-24
 0.23091624E+03  0.26766953E-24
 0.23162651E+03  0.26792031E-24
 0.23233896E+03  0.26817253E-24
 0.23305360E+03  0.26842621E-24
 0.23377044E+03  0.26868133E-24
 0.23448949E+03  0.26893792E-24
 0.23521074E+03  0.26919595E-24
 0.23593422E+03  0.26945545E-24
 0.23665992E+03  0.26971641E-24
 0.23738785E+03  0.26997883E-24
 0.23811802E+03  0.27024272E-24
 0.23885044E+03  0.27050808E-24
 0.23958511E+03  0.27077492E-24
 0.24032204E+03  0.27104322E-24
 0.24106123E+03  0.27131300E-24
 0.24180270E+03  0.27158427E-24
 0.24254646E+03  0.27185701E-24
 0.24329249E+03  0.27213124E-24
 0.24404083E+03  0.27240696E-24
 0.24479146E+03  0.27268417E-24
 0.24554441E+03  0.27296287E-24
 0.24629967E+03  0.27324306E-24
 0.24705725E+03  0.27352476E-24
 0.24781716E+03  0.27380796E-24
 0.24857941E+03  0.27409266E-24
 0.24934401E+03  0.27437886E-24
 0.25011095E+03  0.27466658E-24
 0.25088026E+03  0.27495581E-24
 0.25165193E+03  0.27524656E-24
 0.25242598E+03  0.27553883E-24
 0.25320240E+03  0.27583261E-24
 0.25398122E+03  0.27612793E-24
 0.25476243E+03  0.27642477E-24
 0.25554604E+03  0.27672314E-24
 0.25633206E+03  0.27702304E-24
 0.25712050E+03  0.27732448E-24
 0.25791137E+03  0.27762747E-24
 0.25870467E+03  0.27793199E-24
 0.25950041E+03  0.27823806E-24
 0.26029859E+03  0.27854569E-24
 0.26109924E+03  0.27885486E-24
 0.26190234E+03  0.27916559E-24
 0.26270792E+03  0.27947788E-24
 0.26351597E+03  0.27979173E-24
 0.26432650E+03  0.28010715E-24
 0.26513954E+03  0.28042414E-24
 0.26595507E+03  0.28074270E-24
 0.26677311E+03  0.28106284E-24
 0.26759366E+03  0.28138455E-24
 0.26841674E+03  0.28170785E-24
 0.26924236E+03  0.28203274E-24
 0.27007051E+03  0.28235921E-24
 0.27090121E+03  0.28268728E-24
 0.27173446E+03  0.28301694E-24
 0.27257028E+03  0.28334821E-24
 0.27340866E+03  0.28368108E-24
 0.27424963E+03  0.28401556E-24
 0.27509318E+03  0.28435164E-24
 0.27593933E+03  0.28468935E-24
 0.27678808E+03  0.28502867E-24
 0.27763944E+03  0.28536961E-24
 0.27849342E+03  0.28571218E-24
 0.27935003E+03  0.28605638E-24
 0.28020927E+03  0.28640221E-24
 0.28107115E+03  0.28674968E-24
 0.28193569E+03  0.28709879E-24
 0.28280288E+03  0.28744955E-24
 0.28367274E+03  0.28780195E-24
 0.28454528E+03  0.28815601E-24
 0.28542050E+03  0.28851172E-24
 0.28629841E+03  0.28886910E-24
 0.28717903E+03  0.28922813E-24
 0.28806235E+03  0.28958884E-24
 0.28894839E+03  0.28995122E-24
 0.28983715E+03  0.29031527E-24
 0.29072865E+03  0.29068101E-24
 0.29162289E+03  0.29104843E-24
 0.29251988E+03  0.29141753E-24
 0.29341963E+03  0.29178833E-24
 0.29432215E+03  0.29216083E-24
 0.29522744E+03  0.29253503E-24
 0.29613552E+03  0.29291093E-24
 0.29704639E+03  0.29328854E-24
 0.29796006E+03  0.29366787E-24
 0.29887654E+03  0.29404891E-24
 0.29979584E+03  0.29443168E-24
 0.30071797E+03  0.29481617E-24
 0.30164294E+03  0.29520239E-24
 0.30257075E+03  0.29559035E-24
 0.30350142E+03  0.29598005E-24
 0.30443494E+03  0.29637149E-24
 0.30537134E+03  0.29676468E-24
 0.30631062E+03  0.29715963E-24
 0.30725279E+03  0.29755633E-24
 0.30819785E+03  0.29795479E-24
 0.30914583E+03  0.29835502E-24
 0.31009672E+03  0.29875701E-24
 0.31105053E+03  0.29916079E-24
 0.31200728E+03  0.29956634E-24
 0.31296697E+03  0.29997368E-24
 0.31392961E+03  0.30038281E-24
 0.31489521E+03  0.30079373E-24
 0.31586378E+03  0.30120645E-24
 0.31683534E+03  0.30162098E-24
 0.31780988E+03  0.30203731E-24
 0.31878741E+03  0.30245546E-24
 0.31976796E+03  0.30287542E-24
 0.32075152E+03  0.30329721E-24
 0.32173811E+03  0.30372082E-24
 0.32272773E+03  0.30414626E-24
 0.32372039E+03  0.30457355E-24
 0.32471611E+03  0.30500267E-24
 0.32571489E+03  0.30543364E-24
 0.32671674E+03  0.30586647E-24
 0.32772168E+03  0.30630115E-24
 0.32872970E+03  0.30673769E-24
 0.32974083E+03  0.30717610E-24
 0.33075506E+03  0.30761638E-24
 0.33177242E+03  0.30805854E-24
 0.33279290E+03  0.30850258E-24
 0.33381653E+03  0.30894851E-24
 0.33484330E+03  0.30939633E-24
 0.33587323E+03  0.30984605E-24
 0.33690633E+03  0.31029767E-24
 0.33794261E+03  0.31075120E-24
 0.33898207E+03  0.31120664E-24
 0.34002473E+03  0.31166400E-24
 0.34107060E+03  0.31212329E-24
 0.34211968E+03  0.31258451E-24
 0.34317199E+03  0.31304766E-24
 0.34422754E+03  0.31351275E-24
 0.34528634E+03  0.31397978E-24
 0.34634839E+03  0.31444877E-24
 0.34741371E+03  0.31491972E-24
 0.34848230E+03  0.31539262E-24
 0.34955418E+03  0.31586750E-24
 0.35062936E+03  0.31634434E-24
 0.35170785E+03  0.31682317E-24
 0.35278965E+03  0.31730398E-24
 0.35387478E+03  0.31778678E-24
 0.35496325E+03  0.31827157E-24
 0.35605507E+03  0.31875837E-24
 0.35715024E+03  0.31924717E-24
 0.35824879E+03  0.31973799E-24
 0.35935071E+03  0.32023082E-24
 0.36045602E+03  0.32072568E-24
 0.36156473E+03  0.32122257E-24
 0.36267685E+03  0.32172149E-24
 0.36379240E+03  0.32222246E-24
 0.36491137E+03  0.32272547E-24
 0.36603379E+03  0.32323054E-24
 0.36715965E+03  0.32373767E-24
 0.36828898E+03  0.32424686E-24
 0.36942179E+03  0.32475812E-24
 0.37055808E+03  0.32527146E-24
 0.37169786E+03  0.32578689E-24
 0.37284115E+03  0.32630440E-24
 0.37398796E+03  0.32682401E-24
 0.37513829E+03  0.32734572E-24
 0.37629216E+03  0.32786954E-24
 0.37744959E+03  0.32839547E-24
 0.37861057E+03  0.32892352E-24
 0.37977512E+03  0.32945370E-24
 0.38094325E+03  0.32998601E-24
 0.38211498E+03  0.33052046E-24
 0.38329031E+03  0.33105706E-24
 0.38446926E+03  0.33159580E-24
 0.38565183E+03  0.33213671E-24
 0.38683804E+03  0.33267978E-24
 0.38802790E+03  0.33322502E-24
 0.38922142E+03  0.33377244E-24
 0.39041861E+03  0.33432204E-24
 0.39161948E+03  0.33487383E-24
 0.39282405E+03  0.33542782E-24
 0.39403232E+03  0.33598401E-24
 0.39524431E+03  0.33654241E-24
 0.39646002E+03  0.33710303E-24
 0.39767948E+03  0.33766587E-24
 0.39890268E+03  0.33823094E-24
 0.40012965E+03  0.33879824E-24
 0.40136039E+03  0.33936779E-24
 0.40259492E+03  0.33993959E-24
 0.40383324E+03  0.34051365E-24
 0.40507538E+03  0.34108997E-24
 0.40632133E+03  0.34166856E-24
 0.40757112E+03  0.34224942E-24
 0.40882475E+03  0.34283258E-24
 0.41008224E+03  0.34341802E-24
 0.41134359E+03  0.34400576E-24
 0.41260883E+03  0.34459580E-24
 0.41387795E+03  0.34518816E-24
 0.41515098E+03  0.34578283E-24
 0.41642793E+03  0.34637983E-24
 0.41770880E+03  0.34697917E-24
 0.41899361E+03  0.34758084E-24
 0.42028238E+03  0.34818486E-24
 0.42157511E+03  0.34879124E-24
 0.42287181E+03  0.34939998E-24
 0.42417251E+03  0.35001108E-24
 0.42547720E+03  0.35062456E-24
 0.42678591E+03  0.35124043E-24
 0.42809864E+03  0.35185869E-24
 0.42941541E+03  0.35247934E-24
 0.43073623E+03  0.35310240E-24
 0.43206111E+03  0.35372787E-24
 0.43339007E+03  0.35435576E-24
 0.43472312E+03  0.35498608E-24
 0.43606027E+03  0.35561884E-24
 0.43740153E+03  0.35625404E-24
 0.43874691E+03  0.35689169E-24
 0.44009643E+03  0.35753179E-24
 0.44145011E+03  0.35817437E-24
 0.44280795E+03  0.35881941E-24
 0.44416996E+03  0.35946694E-24
 0.44553616E+03  0.36011695E-24
 0.44690657E+03  0.36076946E-24
 0.44828119E+03  0.36142448E-24
 0.44966004E+03  0.36208200E-24
 0.45104313E+03  0.36274205E-24
 0.45243047E+03  0.36340462E-24
 0.45382209E+03  0.36406973E-24
 0.45521798E+03  0.36473738E-24
 0.45661816E+03  0.36540759E-24
 0.45802266E+03  0.36608035E-24
 0.45943147E+03  0.36675568E-24
 0.46084462E+03  0.36743358E-24
 0.46226211E+03  0.36811407E-24
 0.46368396E+03  0.36879715E-24
 0.46511019E+03  0.36948283E-24
 0.46654080E+03  0.37017111E-24
 0.46797581E+03  0.37086201E-24
 0.46941524E+03  0.37155554E-24
 0.47085910E+03  0.37225170E-24
 0.47230739E+03  0.37295050E-24
 0.47376014E+03  0.37365195E-24
 0.47521736E+03  0.37435605E-24
 0.47667906E+03  0.37506282E-24
 0.47814526E+03  0.37577227E-24
 0.47961597E+03  0.37648439E-24
 0.48109120E+03  0.37719921E-24
 0.48257096E+03  0.37791673E-24
 0.48405528E+03  0.37863696E-24
 0.48554417E+03  0.37935990E-24
 0.48703763E+03  0.38008557E-24
 0.48853569E+03  0.38081397E-24
 0.49003836E+03  0.38154511E-24
 0.49154565E+03  0.38227901E-24
 0.49305757E+03  0.38301566E-24
 0.49457415E+03  0.38375509E-24
 0.49609539E+03  0.38449729E-24
 0.49762131E+03  0.38524228E-24
 0.49915192E+03  0.38599006E-24
 0.50068724E+03  0.38674065E-24
 0.50222728E+03  0.38749405E-24
 0.50377206E+03  0.38825027E-24
 0.50532159E+03  0.38900932E-24
 0.50687589E+03  0.38977122E-24
 0.50843497E+03  0.39053596E-24
 0.50999884E+03  0.39130356E-24
 0.51156753E+03  0.39207403E-24
 0.51314103E+03  0.39284737E-24
 0.51471938E+03  0.39362361E-24
 0.51630259E+03  0.39440273E-24
 0.51789066E+03  0.39518476E-24
 0.51948362E+03  0.39596971E-24
 0.52108148E+03  0.39675757E-24
 0.52268425E+03  0.39754837E-24
 0.52429195E+03  0.39834211E-24
 0.52590460E+03  0.39913881E-24
 0.52752221E+03  0.39993846E-24
 0.52914479E+03  0.40074108E-24
 0.53077236E+03  0.40154668E-24
 0.53240495E+03  0.40235528E-24
 0.53404255E+03  0.40316687E-24
 0.53568519E+03  0.40398147E-24
 0.53733288E+03  0.40479908E-24
 0.53898564E+03  0.40561973E-24
 0.54064348E+03  0.40644341E-24
 0.54230642E+03  0.40727015E-24
 0.54397448E+03  0.40809993E-24
 0.54564767E+03  0.40893279E-24
 0.54732600E+03  0.40976872E-24
 0.54900950E+03  0.41060775E-24
 0.55069818E+03  0.41144986E-24
 0.55239205E+03  0.41229509E-24
 0.55409112E+03  0.41314343E-24
 0.55579543E+03  0.41399490E-24
 0.55750498E+03  0.41484951E-24
 0.55921978E+03  0.41570726E-24
 0.56093986E+03  0.41656817E-24
 0.56266524E+03  0.41743225E-24
 0.56439591E+03  0.41829951E-24
 0.56613192E+03  0.41916996E-24
 0.56787326E+03  0.42004360E-24
 0.56961995E+03  0.42092046E-24
 0.57137202E+03  0.42180054E-24
 0.57312948E+03  0.42268384E-24
 0.57489235E+03  0.42357039E-24
 0.57666064E+03  0.42446018E-24
 0.57843436E+03  0.42535324E-24
 0.58021354E+03  0.42624958E-24
 0.58199820E+03  0.42714919E-24
 0.58378834E+03  0.42805210E-24
 0.58558399E+03  0.42895831E-24
 0.58738517E+03  0.42986784E-24
 0.58919188E+03  0.43078070E-24
 0.59100415E+03  0.43169689E-24
 0.59282199E+03  0.43261643E-24
 0.59464543E+03  0.43353933E-24
 0.59647448E+03  0.43446559E-24
 0.59830915E+03  0.43539524E-24
 0.60014946E+03  0.43632828E-24
 0.60199543E+03  0.43726473E-24
 0.60384709E+03  0.43820458E-24
 0.60570443E+03  0.43914787E-24
 0.60756750E+03  0.44009458E-24
 0.60943629E+03  0.44104475E-24
 0.61131083E+03  0.44199838E-24
 0.61319113E+03  0.44295547E-24
 0.61507722E+03  0.44391605E-24
 0.61696911E+03  0.44488012E-24
 0.61886682E+03  0.44584769E-24
 0.62077037E+03  0.44681878E-24
 0.62267977E+03  0.44779340E-24
 0.62459504E+03  0.44877156E-24
 0.62651621E+03  0.44975326E-24
 0.62844328E+03  0.45073853E-24
 0.63037629E+03  0.45172737E-24
 0.63231523E+03  0.45271980E-24
 0.63426014E+03  0.45371583E-24
 0.63621104E+03  0.45471546E-24
 0.63816793E+03  0.45571872E-24
 0.64013085E+03  0.45672561E-24
 0.64209980E+03  0.45773614E-24
 0.64407481E+03  0.45875033E-24
 0.64605589E+03  0.45976819E-24
 0.64804307E+03  0.46078974E-24
 0.65003635E+03  0.46181497E-24
 0.65203577E+03  0.46284391E-24
 0.65404134E+03  0.46387656E-24
 0.65605308E+03  0.46491295E-24
 0.65807101E+03  0.46595308E-24
 0.66009514E+03  0.46699696E-24
 0.66212550E+03  0.46804461E-24
 0.66416210E+03  0.46909604E-24
 0.66620497E+03  0.47015126E-24
 0.66825412E+03  0.47121028E-24
 0.67030958E+03  0.47227312E-24
 0.67237136E+03  0.47333979E-24
 0.67443947E+03  0.47441030E-24
 0.67651395E+03  0.47548467E-24
 0.67859481E+03  0.47656290E-24
 0.68068208E+03  0.47764501E-24
 0.68277576E+03  0.47873102E-24
 0.68487588E+03  0.47982093E-24
 0.68698246E+03  0.48091476E-24
 0.68909552E+03  0.48201252E-24
 0.69121508E+03  0.48311422E-24
 0.69334116E+03  0.48421988E-24
 0.69547378E+03  0.48532952E-24
 0.69761296E+03  0.48644313E-24
 0.69975872E+03  0.48756075E-24
 0.70191107E+03  0.48868237E-24
 0.70407005E+03  0.48980802E-24
 0.70623567E+03  0.49093770E-24
 0.70840795E+03  0.49207144E-24
 0.71058691E+03  0.49320923E-24
 0.71277258E+03  0.49435111E-24
 0.71496497E+03  0.49549707E-24
 0.71716410E+03  0.49664714E-24
 0.71936999E+03  0.49780132E-24
 0.72158267E+03  0.49895964E-24
 0.72380216E+03  0.50012210E-24
 0.72602847E+03  0.50128872E-24
 0.72826163E+03  0.50245952E-24
 0.73050166E+03  0.50363449E-24
 0.73274858E+03  0.50481367E-24
 0.73500241E+03  0.50599707E-24
 0.73726317E+03  0.50718469E-24
 0.73953089E+03  0.50837655E-24
 0.74180558E+03  0.50957267E-24
 0.74408727E+03  0.51077306E-24
 0.74637598E+03  0.51197773E-24
 0.74867172E+03  0.51318670E-24
 0.75097453E+03  0.51439999E-24
 0.75328442E+03  0.51561760E-24
 0.75560142E+03  0.51683955E-24
 0.75792554E+03  0.51806586E-24
 0.76025681E+03  0.51929654E-24
 0.76259525E+03  0.52053161E-24
 0.76494089E+03  0.52177108E-24
 0.76729374E+03  0.52301495E-24
 0.76965382E+03  0.52426326E-24
 0.77202117E+03  0.52551601E-24
 0.77439580E+03  0.52677322E-24
 0.77677773E+03  0.52803491E-24
 0.77916699E+03  0.52930108E-24
 0.78156359E+03  0.53057175E-24
 0.78396757E+03  0.53184695E-24
 0.78637895E+03  0.53312667E-24
 0.78879774E+03  0.53441094E-24
 0.79122397E+03  0.53569978E-24
 0.79365766E+03  0.53699320E-24
 0.79609884E+03  0.53829121E-24
 0.79854752E+03  0.53959382E-24
 0.80100374E+03  0.54090107E-24
 0.80346752E+03  0.54221295E-24
 0.80593887E+03  0.54352949E-24
 0.80841782E+03  0.54485069E-24
 0.81090440E+03  0.54617659E-24
 0.81339863E+03  0.54750718E-24
 0.81590052E+03  0.54884250E-24
 0.81841012E+03  0.55018255E-24
 0.82092743E+03  0.55152734E-24
 0.82345249E+03  0.55287690E-24
 0.82598531E+03  0.55423124E-24
 0.82852592E+03  0.55559038E-24
 0.83107435E+03  0.55695434E-24
 0.83363062E+03  0.55832312E-24
 0.83619475E+03  0.55969674E-24
 0.83876676E+03  0.56107523E-24
 0.84134669E+03  0.56245859E-24
 0.84393456E+03  0.56384685E-24
 0.84653038E+03  0.56524002E-24
 0.84913419E+03  0.56663811E-24
 0.85174600E+03  0.56804115E-24
 0.85436585E+03  0.56944914E-24
 0.85699376E+03  0.57086211E-24
 0.85962975E+03  0.57228008E-24
 0.86227385E+03  0.57370305E-24
 0.86492608E+03  0.57513105E-24
 0.86758647E+03  0.57656409E-24
 0.87025504E+03  0.57800219E-24
 0.87293182E+03  0.57944537E-24
 0.87561684E+03  0.58089364E-24
 0.87831011E+03  0.58234702E-24
 0.88101167E+03  0.58380553E-24
 0.88372154E+03  0.58526918E-24
 0.88643974E+03  0.58673800E-24
 0.88916630E+03  0.58821199E-24
 0.89190125E+03  0.58969118E-24
 0.89464461E+03  0.59117559E-24
 0.89739641E+03  0.59266522E-24
 0.90015667E+03  0.59416010E-24
 0.90292543E+03  0.59566026E-24
 0.90570270E+03  0.59716569E-24
 0.90848851E+03  0.59867642E-24
 0.91128289E+03  0.60019248E-24
 0.91408587E+03  0.60171387E-24
 0.91689747E+03  0.60324062E-24
 0.91971771E+03  0.60477274E-24
 0.92254664E+03  0.60631025E-24
 0.92538426E+03  0.60785317E-24
 0.92823061E+03  0.60940152E-24
 0.93108571E+03  0.61095531E-24
 0.93394960E+03  0.61251456E-24
 0.93682230E+03  0.61407930E-24
 0.93970383E+03  0.61564954E-24
 0.94259423E+03  0.61722529E-24
 0.94549351E+03  0.61880658E-24
 0.94840172E+03  0.62039343E-24
 0.95131886E+03  0.62198585E-24
 0.95424499E+03  0.62358387E-24
 0.95718011E+03  0.62518749E-24
 0.96012426E+03  0.62679675E-24
 0.96307746E+03  0.62841165E-24
 0.96603975E+03  0.63003223E-24
 0.96901115E+03  0.63165849E-24
 0.97199169E+03  0.63329046E-24
 0.97498140E+03  0.63492815E-24
 0.97798031E+03  0.63657158E-24
 0.98098844E+03  0.63822078E-24
 0.98400582E+03  0.63987577E-24
 0.98703248E+03  0.64153655E-24
 0.99006845E+03  0.64320316E-24
 0.99311376E+03  0.64487561E-24
 0.99616844E+03  0.64655392E-24
 0.99923251E+03  0.64823811E-24
 0.10023060E+04  0.64992820E-24
 0.10053890E+04  0.65162421E-24
 0.10084814E+04  0.65332617E-24
 0.10115833E+04  0.65503408E-24
 0.10146948E+04  0.65674797E-24
 0.10178159E+04  0.65846786E-24
 0.10209465E+04  0.66019377E-24
 0.10240868E+04  0.66192572E-24
 0.10272368E+04  0.66366374E-24
 0.10303964E+04  0.66540783E-24
 0.10335658E+04  0.66715802E-24
 0.10367449E+04  0.66891434E-24
 0.10399337E+04  0.67067680E-24
 0.10431324E+04  0.67244542E-24
 0.10463410E+04  0.67422023E-24
 0.10495594E+04  0.67600124E-24
 0.10527876E+04  0.67778847E-24
 0.10560259E+04  0.67958195E-24
 0.10592741E+04  0.68138170E-24
 0.10625322E+04  0.68318774E-24
 0.10658004E+04  0.68500009E-24
 0.10690787E+04  0.68681876E-24
 0.10723670E+04  0.68864379E-24
 0.10756655E+04  0.69047519E-24
 0.10789741E+04  0.69231299E-24
 0.10822928E+04  0.69415720E-24
 0.10856218E+04  0.69600785E-24
 0.10889610E+04  0.69786496E-24
 0.10923105E+04  0.69972855E-24
 0.10956703E+04  0.70159864E-24
 0.10990404E+04  0.70347526E-24
 0.11024209E+04  0.70535842E-24
 0.11058118E+04  0.70724815E-24
 0.11092131E+04  0.70914448E-24
 0.11126249E+04  0.71104741E-24
 0.11160472E+04  0.71295698E-24
 0.11194800E+04  0.71487321E-24
 0.11229234E+04  0.71679611E-24
 0.11263773E+04  0.71872572E-24
 0.11298419E+04  0.72066206E-24
 0.11333171E+04  0.72260514E-24
 0.11368030E+04  0.72455499E-24
 0.11402997E+04  0.72651163E-24
 0.11438071E+04  0.72847509E-24
 0.11473253E+04  0.73044538E-24
 0.11508543E+04  0.73242254E-24
 0.11543942E+04  0.73440658E-24
 0.11579449E+04  0.73639753E-24
 0.11615066E+04  0.73839541E-24
 0.11650792E+04  0.74040024E-24
 0.11686628E+04  0.74241206E-24
 0.11722575E+04  0.74443087E-24
 0.11758632E+04  0.74645670E-24
 0.11794800E+04  0.74848959E-24
 0.11831079E+04  0.75052955E-24
 0.11867469E+04  0.75257660E-24
 0.11903972E+04  0.75463077E-24
 0.11940587E+04  0.75669208E-24
 0.11977314E+04  0.75876057E-24
 0.12014155E+04  0.76083624E-24
 0.12051109E+04  0.76291913E-24
 0.12088176E+04  0.76500926E-24
 0.12125358E+04  0.76710665E-24
 0.12162654E+04  0.76921134E-24
 0.12200064E+04  0.77132333E-24
 0.12237590E+04  0.77344267E-24
 0.12275231E+04  0.77556936E-24
 0.12312988E+04  0.77770345E-24
 0.12350861E+04  0.77984495E-24
 0.12388850E+04  0.78199388E-24
 0.12426957E+04  0.78415028E-24
 0.12465180E+04  0.78631416E-24
 0.12503521E+04  0.78848556E-24
 0.12541981E+04  0.79066449E-24
 0.12580558E+04  0.79285099E-24
 0.12619254E+04  0.79504507E-24
 0.12658069E+04  0.79724677E-24
 0.12697003E+04  0.79945611E-24
 0.12736058E+04  0.80167312E-24
 0.12775232E+04  0.80389782E-24
 0.12814527E+04  0.80613023E-24
 0.12853942E+04  0.80837039E-24
 0.12893479E+04  0.81061832E-24
 0.12933138E+04  0.81287404E-24
 0.12972918E+04  0.81513758E-24
 0.13012821E+04  0.81740898E-24
 0.13052847E+04  0.81968824E-24
 0.13092995E+04  0.82197541E-24
 0.13133268E+04  0.82427051E-24
 0.13173664E+04  0.82657356E-24
 0.13214184E+04  0.82888459E-24
 0.13254829E+04  0.83120363E-24
 0.13295599E+04  0.83353071E-24
 0.13336494E+04  0.83586584E-24
 0.13377515E+04  0.83820907E-24
 0.13418663E+04  0.84056041E-24
 0.13459937E+04  0.84291990E-24
 0.13501337E+04  0.84528756E-24
 0.13542866E+04  0.84766341E-24
 0.13584522E+04  0.85004750E-24
 0.13626306E+04  0.85243983E-24
 0.13668218E+04  0.85484045E-24
 0.13710260E+04  0.85724938E-24
 0.13752431E+04  0.85966665E-24
 0.13794731E+04  0.86209228E-24
 0.13837162E+04  0.86452631E-24
 0.13879723E+04  0.86696876E-24
 0.13922415E+04  0.86941966E-24
 0.13965238E+04  0.87187904E-24
 0.14008193E+04  0.87434693E-24
 0.14051281E+04  0.87682335E-24
 0.14094500E+04  0.87930834E-24
 0.14137853E+04  0.88180193E-24
 0.14181339E+04  0.88430413E-24
 0.14224959E+04  0.88681499E-24
 0.14268713E+04  0.88933453E-24
 0.14312601E+04  0.89186278E-24
 0.14356625E+04  0.89439978E-24
 0.14400784E+04  0.89694554E-24
 0.14445079E+04  0.89950010E-24
 0.14489510E+04  0.90206349E-24
 0.14534077E+04  0.90463573E-24
 0.14578782E+04  0.90721687E-24
 0.14623624E+04  0.90980692E-24
 0.14668604E+04  0.91240592E-24
 0.14713723E+04  0.91501390E-24
 0.14758980E+04  0.91763089E-24
 0.14804377E+04  0.92025692E-24
 0.14849913E+04  0.92289202E-24
 0.14895589E+04  0.92553622E-24
 0.14941406E+04  0.92818955E-24
 0.14987364E+04  0.93085204E-24
 0.15033463E+04  0.93352372E-24
 0.15079703E+04  0.93620463E-24
 0.15126086E+04  0.93889479E-24
 0.15172612E+04  0.94159424E-24
 0.15219281E+04  0.94430300E-24
 0.15266093E+04  0.94702112E-24
 0.15313050E+04  0.94974861E-24
 0.15360150E+04  0.95248552E-24
 0.15407396E+04  0.95523187E-24
 0.15454787E+04  0.95798769E-24
 0.15502324E+04  0.96075302E-24
 0.15550007E+04  0.96352789E-24
 0.15597836E+04  0.96631234E-24
 0.15645813E+04  0.96910638E-24
 0.15693937E+04  0.97191007E-24
 0.15742210E+04  0.97472342E-24
 0.15790630E+04  0.97754647E-24
 0.15839200E+04  0.98037926E-24
 0.15887919E+04  0.98322181E-24
 0.15936788E+04  0.98607417E-24
 0.15985807E+04  0.98893635E-24
 0.16034978E+04  0.99180841E-24
 0.16084299E+04  0.99469036E-24
 0.16133772E+04  0.99758224E-24
 0.16183397E+04  0.10004841E-23
 0.16233175E+04  0.10033959E-23
 0.16283106E+04  0.10063178E-23
 0.16333190E+04  0.10092498E-23
 0.16383429E+04  0.10121918E-23
 0.16433822E+04  0.10151440E-23
 0.16484370E+04  0.10181064E-23
 0.16535074E+04  0.10210789E-23
 0.16585933E+04  0.10240618E-23
 0.16636949E+04  0.10270548E-23
 0.16688122E+04  0.10300582E-23
 0.16739452E+04  0.10330719E-23
 0.16790941E+04  0.10360960E-23
 0.16842587E+04  0.10391305E-23
 0.16894393E+04  0.10421755E-23
 0.16946357E+04  0.10452310E-23
 0.16998482E+04  0.10482969E-23
 0.17050767E+04  0.10513734E-23
 0.17103213E+04  0.10544605E-23
 0.17155820E+04  0.10575583E-23
 0.17208588E+04  0.10606667E-23
 0.17261520E+04  0.10637858E-23
 0.17314614E+04  0.10669156E-23
 0.17367871E+04  0.10700562E-23
 0.17421292E+04  0.10732076E-23
 0.17474877E+04  0.10763698E-23
 0.17528628E+04  0.10795429E-23
 0.17582543E+04  0.10827270E-23
 0.17636625E+04  0.10859219E-23
 0.17690872E+04  0.10891279E-23
 0.17745287E+04  0.10923449E-23
 0.17799869E+04  0.10955730E-23
 0.17854619E+04  0.10988121E-23
 0.17909537E+04  0.11020624E-23
 0.17964624E+04  0.11053239E-23
 0.18019881E+04  0.11085966E-23
 0.18075308E+04  0.11118805E-23
 0.18130905E+04  0.11151758E-23
 0.18186673E+04  0.11184823E-23
 0.18242612E+04  0.11218003E-23
 0.18298724E+04  0.11251296E-23
 0.18355008E+04  0.11284704E-23
 0.18411466E+04  0.11318226E-23
 0.18468097E+04  0.11351864E-23
 0.18524902E+04  0.11385617E-23
 0.18581882E+04  0.11419487E-23
 0.18639037E+04  0.11453472E-23
 0.18696368E+04  0.11487575E-23
 0.18753876E+04  0.11521794E-23
 0.18811560E+04  0.11556131E-23
 0.18869422E+04  0.11590586E-23
 0.18927461E+04  0.11625160E-23
 0.18985679E+04  0.11659852E-23
 0.19044077E+04  0.11694663E-23
 0.19102653E+04  0.11729594E-23
 0.19161411E+04  0.11764645E-23
 0.19220348E+04  0.11799816E-23
 0.19279467E+04  0.11835108E-23
 0.19338768E+04  0.11870521E-23
 0.19398252E+04  0.11906056E-23
 0.19457918E+04  0.11941713E-23
 0.19517768E+04  0.11977492E-23
 0.19577802E+04  0.12013394E-23
 0.19638020E+04  0.12049419E-23
 0.19698424E+04  0.12085568E-23
 0.19759013E+04  0.12121841E-23
 0.19819789E+04  0.12158238E-23
 0.19880752E+04  0.12194760E-23
 0.19941903E+04  0.12231408E-23
 0.20003241E+04  0.12268181E-23
 0.20064768E+04  0.12305081E-23
 0.20126484E+04  0.12342107E-23
 0.20188391E+04  0.12379260E-23
 0.20250487E+04  0.12416541E-23
 0.20312775E+04  0.12453949E-23
 0.20375254E+04  0.12491486E-23
 0.20437926E+04  0.12529152E-23
 0.20500790E+04  0.12566947E-23
 0.20563847E+04  0.12604871E-23
 0.20627099E+04  0.12642926E-23
 0.20690545E+04  0.12681111E-23
 0.20754186E+04  0.12719426E-23
 0.20818023E+04  0.12757874E-23
 0.20882056E+04  0.12796453E-23
 0.20946286E+04  0.12835164E-23
 0.21010714E+04  0.12874008E-23
 0.21075340E+04  0.12912986E-23
 0.21140165E+04  0.12952097E-23
 0.21205189E+04  0.12991342E-23
 0.21270413E+04  0.13030721E-23
 0.21335838E+04  0.13070236E-23
 0.21401464E+04  0.13109886E-23
 0.21467292E+04  0.13149671E-23
 0.21533322E+04  0.13189594E-23
 0.21599556E+04  0.13229653E-23
 0.21665993E+04  0.13269849E-23
 0.21732634E+04  0.13310183E-23
 0.21799481E+04  0.13350655E-23
 0.21866533E+04  0.13391266E-23
 0.21933791E+04  0.13432016E-23
 0.22001256E+04  0.13472905E-23
 0.22068929E+04  0.13513935E-23
 0.22136810E+04  0.13555105E-23
 0.22204900E+04  0.13596417E-23
 0.22273199E+04  0.13637869E-23
 0.22341708E+04  0.13679464E-23
 0.22410428E+04  0.13721201E-23
 0.22479359E+04  0.13763081E-23
 0.22548503E+04  0.13805105E-23
 0.22617859E+04  0.13847273E-23
 0.22687428E+04  0.13889584E-23
 0.22757211E+04  0.13932041E-23
 0.22827209E+04  0.13974643E-23
 0.22897422E+04  0.14017391E-23
 0.22967852E+04  0.14060286E-23
 0.23038497E+04  0.14103327E-23
 0.23109361E+04  0.14146516E-23
 0.23180442E+04  0.14189852E-23
 0.23251741E+04  0.14233337E-23
 0.23323261E+04  0.14276970E-23
 0.23395000E+04  0.14320753E-23
 0.23466959E+04  0.14364686E-23
 0.23539140E+04  0.14408769E-23
 0.23611543E+04  0.14453003E-23
 0.23684169E+04  0.14497389E-23
 0.23757018E+04  0.14541926E-23
 0.23830091E+04  0.14586616E-23
 0.23903389E+04  0.14631458E-23
 0.23976913E+04  0.14676454E-23
 0.24050662E+04  0.14721604E-23
 0.24124639E+04  0.14766909E-23
 0.24198843E+04  0.14812368E-23
 0.24273275E+04  0.14857983E-23
 0.24347936E+04  0.14903754E-23
 0.24422827E+04  0.14949682E-23
 0.24497948E+04  0.14995767E-23
 0.24573300E+04  0.15042009E-23
 0.24648884E+04  0.15088410E-23
 0.24724701E+04  0.15134969E-23
 0.24800750E+04  0.15181687E-23
 0.24877034E+04  0.15228565E-23
 0.24953552E+04  0.15275604E-23
 0.25030306E+04  0.15322803E-23
 0.25107295E+04  0.15370164E-23
 0.25184522E+04  0.15417687E-23
 0.25261986E+04  0.15465372E-23
 0.25339688E+04  0.15513220E-23
 0.25417630E+04  0.15561232E-23
 0.25495811E+04  0.15609408E-23
 0.25574232E+04  0.15657749E-23
 0.25652895E+04  0.15706255E-23
 0.25731799E+04  0.15754927E-23
 0.25810947E+04  0.15803765E-23
 0.25890338E+04  0.15852770E-23
 0.25969973E+04  0.15901942E-23
 0.26049852E+04  0.15951283E-23
 0.26129978E+04  0.16000792E-23
 0.26210350E+04  0.16050471E-23
 0.26290970E+04  0.16100319E-23
 0.26371837E+04  0.16150337E-23
 0.26452953E+04  0.16200527E-23
 0.26534318E+04  0.16250888E-23
 0.26615934E+04  0.16301421E-23
 0.26697801E+04  0.16352127E-23
 0.26779920E+04  0.16403006E-23
 0.26862291E+04  0.16454059E-23
 0.26944915E+04  0.16505286E-23
 0.27027794E+04  0.16556688E-23
 0.27110928E+04  0.16608266E-23
 0.27194317E+04  0.16660020E-23
 0.27277963E+04  0.16711951E-23
 0.27361866E+04  0.16764059E-23
 0.27446027E+04  0.16816346E-23
 0.27530448E+04  0.16868811E-23
 0.27615127E+04  0.16921455E-23
 0.27700067E+04  0.16974278E-23
 0.27785269E+04  0.17027283E-23
 0.27870732E+04  0.17080468E-23
 0.27956459E+04  0.17133835E-23
 0.28042449E+04  0.17187384E-23
 0.28128704E+04  0.17241116E-23
 0.28215223E+04  0.17295031E-23
 0.28302010E+04  0.17349131E-23
 0.28389062E+04  0.17403415E-23
 0.28476383E+04  0.17457885E-23
 0.28563972E+04  0.17512540E-23
 0.28651831E+04  0.17567383E-23
 0.28739960E+04  0.17622412E-23
 0.28828360E+04  0.17677629E-23
 0.28917032E+04  0.17733035E-23
 0.29005977E+04  0.17788630E-23
 0.29095195E+04  0.17844415E-23
 0.29184688E+04  0.17900390E-23
 0.29274456E+04  0.17956556E-23
 0.29364500E+04  0.18012914E-23
 0.29454821E+04  0.18069464E-23
 0.29545420E+04  0.18126207E-23
 0.29636297E+04  0.18183144E-23
 0.29727454E+04  0.18240275E-23
 0.29818892E+04  0.18297601E-23
 0.29910610E+04  0.18355123E-23
 0.30002611E+04  0.18412841E-23
 0.30094895E+04  0.18470756E-23
 0.30187463E+04  0.18528869E-23
 0.30280315E+04  0.18587180E-23
 0.30373453E+04  0.18645689E-23
 0.30466877E+04  0.18704399E-23
 0.30560589E+04  0.18763309E-23
 0.30654589E+04  0.18822419E-23
 0.30748878E+04  0.18881732E-23
 0.30843457E+04  0.18941247E-23
 0.30938327E+04  0.19000964E-23
 0.31033489E+04  0.19060886E-23
 0.31128944E+04  0.19121012E-23
 0.31224692E+04  0.19181343E-23
 0.31320735E+04  0.19241880E-23
 0.31417073E+04  0.19302623E-23
 0.31513708E+04  0.19363573E-23
 0.31610639E+04  0.19424731E-23
 0.31707869E+04  0.19486098E-23
 0.31805398E+04  0.19547674E-23
 0.31903227E+04  0.19609461E-23
 0.32001357E+04  0.19671457E-23
 0.32099788E+04  0.19733666E-23
 0.32198523E+04  0.19796086E-23
 0.32297561E+04  0.19858719E-23
 0.32396903E+04  0.19921566E-23
 0.32496552E+04  0.19984627E-23
 0.32596506E+04  0.20047903E-23
 0.32696769E+04  0.20111395E-23
 0.32797339E+04  0.20175104E-23
 0.32898219E+04  0.20239029E-23
 0.32999410E+04  0.20303173E-23
 0.33100911E+04  0.20367535E-23
 0.33202725E+04  0.20432116E-23
 0.33304852E+04  0.20496918E-23
 0.33407293E+04  0.20561940E-23
 0.33510049E+04  0.20627185E-23
 0.33613121E+04  0.20692651E-23
 0.33716510E+04  0.20758341E-23
 0.33820217E+04  0.20824255E-23
 0.33924243E+04  0.20890393E-23
 0.34028590E+04  0.20956757E-23
 0.34133257E+04  0.21023347E-23
 0.34238246E+04  0.21090164E-23
 0.34343558E+04  0.21157208E-23
 0.34449194E+04  0.21224481E-23
 0.34555154E+04  0.21291984E-23
 0.34661441E+04  0.21359716E-23
 0.34768055E+04  0.21427679E-23
 0.34874996E+04  0.21495874E-23
 0.34982267E+04  0.21564301E-23
 0.35089867E+04  0.21632961E-23
 0.35197799E+04  0.21701855E-23
 0.35306062E+04  0.21770984E-23
 0.35414659E+04  0.21840349E-23
 0.35523589E+04  0.21909950E-23
 0.35632855E+04  0.21979787E-23
 0.35742456E+04  0.22049863E-23
 0.35852395E+04  0.22120178E-23
 0.35962672E+04  0.22190732E-23
 0.36073288E+04  0.22261526E-23
 0.36184244E+04  0.22332562E-23
 0.36295542E+04  0.22403840E-23
 0.36407182E+04  0.22475360E-23
 0.36519165E+04  0.22547124E-23
 0.36631493E+04  0.22619132E-23
 0.36744166E+04  0.22691386E-23
 0.36857186E+04  0.22763886E-23
 0.36970553E+04  0.22836633E-23
 0.37084270E+04  0.22909627E-23
 0.37198336E+04  0.22982870E-23
 0.37312752E+04  0.23056363E-23
 0.37427521E+04  0.23130105E-23
 0.37542643E+04  0.23204099E-23
 0.37658119E+04  0.23278345E-23
 0.37773950E+04  0.23352844E-23
 0.37890137E+04  0.23427596E-23
 0.38006682E+04  0.23502603E-23
 0.38123585E+04  0.23577866E-23
 0.38240848E+04  0.23653384E-23
 0.38358471E+04  0.23729160E-23
 0.38476456E+04  0.23805194E-23
 0.38594804E+04  0.23881487E-23
 0.38713516E+04  0.23958039E-23
 0.38832594E+04  0.24034852E-23
 0.38952037E+04  0.24111926E-23
 0.39071848E+04  0.24189263E-23
 0.39192028E+04  0.24266864E-23
 0.39312577E+04  0.24344728E-23
 0.39433497E+04  0.24422857E-23
 0.39554788E+04  0.24501253E-23
 0.39676453E+04  0.24579915E-23
 0.39798493E+04  0.24658845E-23
 0.39920907E+04  0.24738044E-23
 0.40043698E+04  0.24817512E-23
 0.40166867E+04  0.24897251E-23
 0.40290414E+04  0.24977261E-23
 0.40414342E+04  0.25057544E-23
 0.40538651E+04  0.25138099E-23
 0.40663342E+04  0.25218929E-23
 0.40788417E+04  0.25300034E-23
 0.40913876E+04  0.25381415E-23
 0.41039721E+04  0.25463073E-23
 0.41165954E+04  0.25545009E-23
 0.41292574E+04  0.25627224E-23
 0.41419584E+04  0.25709718E-23
 0.41546985E+04  0.25792493E-23
 0.41674778E+04  0.25875550E-23
 0.41802963E+04  0.25958890E-23
 0.41931543E+04  0.26042513E-23
 0.42060519E+04  0.26126421E-23
 0.42189891E+04  0.26210614E-23
 0.42319661E+04  0.26295093E-23
 0.42449830E+04  0.26379860E-23
 0.42580400E+04  0.26464916E-23
 0.42711371E+04  0.26550261E-23
 0.42842745E+04  0.26635896E-23
 0.42974524E+04  0.26721822E-23
 0.43106707E+04  0.26808041E-23
 0.43239297E+04  0.26894553E-23
 0.43372295E+04  0.26981360E-23
 0.43505702E+04  0.27068462E-23
 0.43639519E+04  0.27155860E-23
 0.43773748E+04  0.27243555E-23
 0.43908390E+04  0.27331549E-23
 0.44043446E+04  0.27419842E-23
 0.44178918E+04  0.27508435E-23
 0.44314806E+04  0.27597330E-23
 0.44451112E+04  0.27686527E-23
 0.44587837E+04  0.27776028E-23
 0.44724983E+04  0.27865833E-23
 0.44862551E+04  0.27955943E-23
 0.45000541E+04  0.28046360E-23
 0.45138957E+04  0.28137084E-23
 0.45277798E+04  0.28228117E-23
 0.45417066E+04  0.28319459E-23
 0.45556762E+04  0.28411113E-23
 0.45696888E+04  0.28503077E-23
 0.45837446E+04  0.28595355E-23
 0.45978435E+04  0.28687946E-23
 0.46119858E+04  0.28780853E-23
 0.46261716E+04  0.28874075E-23
 0.46404011E+04  0.28967614E-23
 0.46546743E+04  0.29061471E-23
 0.46689914E+04  0.29155648E-23
 0.46833526E+04  0.29250145E-23
 0.46977579E+04  0.29344962E-23
 0.47122075E+04  0.29440103E-23
 0.47267016E+04  0.29535567E-23
 0.47412403E+04  0.29631355E-23
 0.47558236E+04  0.29727469E-23
 0.47704519E+04  0.29823910E-23
 0.47851251E+04  0.29920679E-23
 0.47998435E+04  0.30017777E-23
 0.48146071E+04  0.30115205E-23
 0.48294162E+04  0.30212964E-23
 0.48442708E+04  0.30311055E-23
 0.48591711E+04  0.30409480E-23
 0.48741172E+04  0.30508240E-23
 0.48891093E+04  0.30607335E-23
 0.49041475E+04  0.30706767E-23
 0.49192319E+04  0.30806538E-23
 0.49343628E+04  0.30906647E-23
 0.49495402E+04  0.31007096E-23
 0.49647643E+04  0.31107888E-23
 0.49800352E+04  0.31209021E-23
 0.49953531E+04  0.31310499E-23
 0.50107181E+04  0.31412321E-23
 0.50261303E+04  0.31514489E-23
 0.50415900E+04  0.31617005E-23
 0.50570972E+04  0.31719869E-23
 0.50726521E+04  0.31823083E-23
 0.50882549E+04  0.31926648E-23
 0.51039056E+04  0.32030564E-23
 0.51196045E+04  0.32134834E-23
 0.51353517E+04  0.32239458E-23
 0.51511473E+04  0.32344437E-23
 0.51669915E+04  0.32449774E-23
 0.51828844E+04  0.32555468E-23
 0.51988262E+04  0.32661522E-23
 0.52148171E+04  0.32767936E-23
 0.52308571E+04  0.32874711E-23
 0.52469465E+04  0.32981850E-23
 0.52630854E+04  0.33089352E-23
 0.52792739E+04  0.33197220E-23
 0.52955122E+04  0.33305454E-23
 0.53118004E+04  0.33414057E-23
 0.53281387E+04  0.33523028E-23
 0.53445273E+04  0.33632369E-23
 0.53609663E+04  0.33742082E-23
 0.53774559E+04  0.33852168E-23
 0.53939962E+04  0.33962627E-23
 0.54105874E+04  0.34073463E-23
 0.54272296E+04  0.34184674E-23
 0.54439230E+04  0.34296264E-23
 0.54606677E+04  0.34408232E-23
 0.54774639E+04  0.34520581E-23
 0.54943118E+04  0.34633312E-23
 0.55112116E+04  0.34746426E-23
 0.55281633E+04  0.34859924E-23
 0.55451671E+04  0.34973807E-23
 0.55622233E+04  0.35088078E-23
 0.55793319E+04  0.35202736E-23
 0.55964931E+04  0.35317784E-23
 0.56137071E+04  0.35433223E-23
 0.56309741E+04  0.35549054E-23
 0.56482942E+04  0.35665279E-23
 0.56656675E+04  0.35781898E-23
 0.56830943E+04  0.35898914E-23
 0.57005747E+04  0.36016327E-23
 0.57181088E+04  0.36134139E-23
 0.57356969E+04  0.36252351E-23
 0.57533391E+04  0.36370964E-23
 0.57710356E+04  0.36489981E-23
 0.57887865E+04  0.36609401E-23
 0.58065919E+04  0.36729228E-23
 0.58244522E+04  0.36849461E-23
 0.58423674E+04  0.36970103E-23
 0.58603377E+04  0.37091154E-23
 0.58783632E+04  0.37212616E-23
 0.58964443E+04  0.37334492E-23
 0.59145809E+04  0.37456780E-23
 0.59327733E+04  0.37579485E-23
 0.59510217E+04  0.37702606E-23
 0.59693262E+04  0.37826145E-23
 0.59876870E+04  0.37950103E-23
 0.60061042E+04  0.38074483E-23
 0.60245781E+04  0.38199285E-23
 0.60431089E+04  0.38324511E-23
 0.60616966E+04  0.38450162E-23
 0.60803416E+04  0.38576240E-23
 0.60990438E+04  0.38702746E-23
 0.61178036E+04  0.38829681E-23
 0.61366211E+04  0.38957048E-23
 0.61554965E+04  0.39084847E-23
 0.61744299E+04  0.39213080E-23
 0.61934216E+04  0.39341748E-23
 0.62124717E+04  0.39470853E-23
 0.62315804E+04  0.39600397E-23
 0.62507478E+04  0.39730381E-23
 0.62699742E+04  0.39860805E-23
 0.62892598E+04  0.39991673E-23
 0.63086046E+04  0.40122985E-23
 0.63280090E+04  0.40254743E-23
 0.63474731E+04  0.40386948E-23
 0.63669970E+04  0.40519602E-23
 0.63865810E+04  0.40652707E-23
 0.64062252E+04  0.40786263E-23
 0.64259298E+04  0.40920273E-23
 0.64456951E+04  0.41054738E-23
 0.64655211E+04  0.41189659E-23
 0.64854081E+04  0.41325038E-23
 0.65053563E+04  0.41460877E-23
 0.65253659E+04  0.41597177E-23
 0.65454370E+04  0.41733940E-23
 0.65655698E+04  0.41871167E-23
 0.65857646E+04  0.42008860E-23
 0.66060215E+04  0.42147020E-23
 0.66263406E+04  0.42285650E-23
 0.66467223E+04  0.42424749E-23
 0.66671667E+04  0.42564322E-23
 0.66876740E+04  0.42704367E-23
 0.67082443E+04  0.42844889E-23
 0.67288779E+04  0.42985887E-23
 0.67495750E+04  0.43127364E-23
 0.67703357E+04  0.43269321E-23
 0.67911603E+04  0.43411760E-23
 0.68120489E+04  0.43554682E-23
 0.68330018E+04  0.43698090E-23
 0.68540192E+04  0.43841984E-23
 0.68751012E+04  0.43986367E-23
 0.68962480E+04  0.44131239E-23
 0.69174599E+04  0.44276604E-23
 0.69387370E+04  0.44422462E-23
 0.69600796E+04  0.44568815E-23
 0.69814878E+04  0.44715664E-23
 0.70029619E+04  0.44863012E-23
 0.70245020E+04  0.45010860E-23
 0.70461083E+04  0.45159210E-23
 0.70677812E+04  0.45308063E-23
 0.70895207E+04  0.45457422E-23
 0.71113270E+04  0.45607287E-23
 0.71332004E+04  0.45757661E-23
 0.71551412E+04  0.45908545E-23
 0.71771494E+04  0.46059942E-23
 0.71992252E+04  0.46211852E-23
 0.72213690E+04  0.46364278E-23
 0.72435809E+04  0.46517220E-23
 0.72658612E+04  0.46670682E-23
 0.72882099E+04  0.46824665E-23
 0.73106274E+04  0.46979170E-23
 0.73331139E+04  0.47134200E-23
 0.73556695E+04  0.47289755E-23
 0.73782945E+04  0.47445839E-23
 0.74009891E+04  0.47602452E-23
 0.74237535E+04  0.47759596E-23
 0.74465879E+04  0.47917274E-23
 0.74694925E+04  0.48075487E-23
 0.74924676E+04  0.48234236E-23
 0.75155134E+04  0.48393525E-23
 0.75386300E+04  0.48553353E-23
 0.75618178E+04  0.48713724E-23
 0.75850769E+04  0.48874640E-23
 0.76084075E+04  0.49036101E-23
 0.76318099E+04  0.49198110E-23
 0.76552842E+04  0.49360668E-23
 0.76788308E+04  0.49523779E-23
 0.77024498E+04  0.49687442E-23
 0.77261414E+04  0.49851661E-23
 0.77499060E+04  0.50016437E-23
 0.77737436E+04  0.50181772E-23
 0.77976545E+04  0.50347668E-23
 0.78216390E+04  0.50514127E-23
 0.78456972E+04  0.50681151E-23
 0.78698295E+04  0.50848741E-23
 0.78940359E+04  0.51016900E-23
 0.79183169E+04  0.51185629E-23
 0.79426725E+04  0.51354931E-23
 0.79671030E+04  0.51524807E-23
 0.79916087E+04  0.51695259E-23
 0.80161898E+04  0.51866290E-23
 0.80408464E+04  0.52037900E-23
 0.80655789E+04  0.52210093E-23
 0.80903875E+04  0.52382870E-23
 0.81152724E+04  0.52556234E-23
 0.81402338E+04  0.52730185E-23
 0.81652720E+04  0.52904726E-23
 0.81903872E+04  0.53079860E-23
 0.82155797E+04  0.53255587E-23
 0.82408496E+04  0.53431911E-23
 0.82661973E+04  0.53608833E-23
 0.82916230E+04  0.53786355E-23
 0.83171268E+04  0.53964479E-23
 0.83427091E+04  0.54143207E-23
 0.83683701E+04  0.54322541E-23
 0.83941100E+04  0.54502484E-23
 0.84199291E+04  0.54683037E-23
 0.84458276E+04  0.54864203E-23
 0.84718058E+04  0.55045983E-23
 0.84978639E+04  0.55228379E-23
 0.85240021E+04  0.55411395E-23
 0.85502207E+04  0.55595031E-23
 0.85765200E+04  0.55779289E-23
 0.86029001E+04  0.55964173E-23
 0.86293614E+04  0.56149684E-23
 0.86559041E+04  0.56335824E-23
 0.86825285E+04  0.56522595E-23
 0.87092347E+04  0.56710000E-23
 0.87360231E+04  0.56898041E-23
 0.87628938E+04  0.57086719E-23
 0.87898472E+04  0.57276037E-23
 0.88168836E+04  0.57465997E-23
 0.88440030E+04  0.57656601E-23
 0.88712059E+04  0.57847852E-23
 0.88984925E+04  0.58039752E-23
 0.89258630E+04  0.58232302E-23
 0.89533177E+04  0.58425505E-23
 0.89808568E+04  0.58619364E-23
 0.90084807E+04  0.58813879E-23
 0.90361895E+04  0.59009055E-23
 0.90639835E+04  0.59204892E-23
 0.90918630E+04  0.59401394E-23
 0.91198283E+04  0.59598562E-23
 0.91478796E+04  0.59796398E-23
 0.91760172E+04  0.59994906E-23
 0.92042413E+04  0.60194086E-23
 0.92325522E+04  0.60393942E-23
 0.92609503E+04  0.60594476E-23
 0.92894356E+04  0.60795690E-23
 0.93180086E+04  0.60997586E-23
 0.93466695E+04  0.61200167E-23
 0.93754185E+04  0.61403434E-23
 0.94042560E+04  0.61607391E-23
 0.94331821E+04  0.61812040E-23
 0.94621973E+04  0.62017382E-23
 0.94913016E+04  0.62223421E-23
 0.95204955E+04  0.62430158E-23
 0.95497792E+04  0.62637596E-23
 0.95791530E+04  0.62845738E-23
 0.96086171E+04  0.63054586E-23
 0.96381718E+04  0.63264141E-23
 0.96678175E+04  0.63474407E-23
 0.96975543E+04  0.63685386E-23
 0.97273826E+04  0.63897081E-23
 0.97573027E+04  0.64109493E-23
 0.97873147E+04  0.64322625E-23
 0.98174191E+04  0.64536481E-23
 0.98476161E+04  0.64751061E-23
 0.98779060E+04  0.64966368E-23
 0.99082890E+04  0.65182406E-23
 0.99387655E+04  0.65399176E-23
 0.99693357E+04  0.65616681E-23
 0.10000000E+05  0.65834924E-23
