 0.10000000E+01  0.39507342E-16
 0.10030759E+01  0.39457497E-16
 0.10061612E+01  0.39402722E-16
 0.10092560E+01  0.39342556E-16
 0.10123603E+01  0.39276495E-16
 0.10154742E+01  0.39203996E-16
 0.10185976E+01  0.39124475E-16
 0.10217307E+01  0.39037301E-16
 0.10248734E+01  0.38941797E-16
 0.10280258E+01  0.38837239E-16
 0.10311878E+01  0.38722856E-16
 0.10343596E+01  0.38597825E-16
 0.10375412E+01  0.38461280E-16
 0.10407325E+01  0.38312300E-16
 0.10439336E+01  0.38149929E-16
 0.10471446E+01  0.37973163E-16
 0.10503655E+01  0.37780965E-16
 0.10535963E+01  0.37572269E-16
 0.10568370E+01  0.37345986E-16
 0.10600877E+01  0.37101019E-16
 0.10633483E+01  0.36836267E-16
 0.10666191E+01  0.36550652E-16
 0.10698998E+01  0.36243122E-16
 0.10731907E+01  0.35912679E-16
 0.10764917E+01  0.35558395E-16
 0.10798028E+01  0.35179436E-16
 0.10831241E+01  0.34775082E-16
 0.10864557E+01  0.34344755E-16
 0.10897974E+01  0.33888040E-16
 0.10931495E+01  0.33404707E-16
 0.10965119E+01  0.32894736E-16
 0.10998846E+01  0.32358333E-16
 0.11032677E+01  0.31701987E-16
 0.11066612E+01  0.29516534E-16
 0.11100651E+01  0.27465973E-16
 0.11134795E+01  0.25543475E-16
 0.11169044E+01  0.23742430E-16
 0.11203398E+01  0.22056459E-16
 0.11237859E+01  0.20479409E-16
 0.11272425E+01  0.19005349E-16
 0.11307097E+01  0.17628576E-16
 0.11341876E+01  0.16343603E-16
 0.11376762E+01  0.15145168E-16
 0.11411755E+01  0.14028222E-16
 0.11446856E+01  0.12987935E-16
 0.11482065E+01  0.12019689E-16
 0.11517382E+01  0.11119076E-16
 0.11552808E+01  0.10281898E-16
 0.11588343E+01  0.95041574E-17
 0.11623987E+01  0.87820571E-17
 0.11659741E+01  0.81119956E-17
 0.11695605E+01  0.74905605E-17
 0.11731579E+01  0.69145244E-17
 0.11767663E+01  0.63808387E-17
 0.11803859E+01  0.58866280E-17
 0.11840166E+01  0.54291832E-17
 0.11876585E+01  0.50059559E-17
 0.11913115E+01  0.46145517E-17
 0.11949758E+01  0.42527233E-17
 0.11986514E+01  0.39183642E-17
 0.12023383E+01  0.36095019E-17
 0.12060365E+01  0.33242915E-17
 0.12097461E+01  0.30610091E-17
 0.12134671E+01  0.28180452E-17
 0.12171996E+01  0.25938992E-17
 0.12209435E+01  0.23871723E-17
 0.12246989E+01  0.21965623E-17
 0.12284659E+01  0.20208580E-17
 0.12322445E+01  0.18589331E-17
 0.12360347E+01  0.17097416E-17
 0.12398366E+01  0.15723124E-17
 0.12436502E+01  0.14457444E-17
 0.12474755E+01  0.13292024E-17
 0.12513125E+01  0.12219124E-17
 0.12551614E+01  0.11231574E-17
 0.12590221E+01  0.10322739E-17
 0.12628946E+01  0.94864793E-18
 0.12667791E+01  0.87171170E-18
 0.12706756E+01  0.80094034E-18
 0.12745840E+01  0.73584886E-18
 0.12785044E+01  0.67598930E-18
 0.12824369E+01  0.62094799E-18
 0.12863815E+01  0.57034316E-18
 0.12903382E+01  0.52382250E-18
 0.12943071E+01  0.48106101E-18
 0.12982882E+01  0.44140997E-18
 0.13022816E+01  0.40552328E-18
 0.13062872E+01  0.37249476E-18
 0.13103052E+01  0.34210723E-18
 0.13143355E+01  0.31415802E-18
 0.13183782E+01  0.28845838E-18
 0.13224333E+01  0.26483289E-18
 0.13265010E+01  0.24311877E-18
 0.13305811E+01  0.22316516E-18
 0.13346738E+01  0.20483239E-18
 0.13387790E+01  0.18799138E-18
 0.13428969E+01  0.17252282E-18
 0.13470275E+01  0.15831662E-18
 0.13511708E+01  0.14527120E-18
 0.13553268E+01  0.13329290E-18
 0.13594956E+01  0.12229546E-18
 0.13636772E+01  0.11219939E-18
 0.13678716E+01  0.10293155E-18
 0.13720790E+01  0.94424584E-19
 0.13762993E+01  0.86616552E-19
 0.13805326E+01  0.79450472E-19
 0.13847790E+01  0.72873946E-19
 0.13890384E+01  0.66838801E-19
 0.13933108E+01  0.61300758E-19
 0.13975965E+01  0.56219121E-19
 0.14018953E+01  0.51556495E-19
 0.14062073E+01  0.47278524E-19
 0.14105326E+01  0.43353643E-19
 0.14148712E+01  0.39752860E-19
 0.14192231E+01  0.36449548E-19
 0.14235885E+01  0.33419250E-19
 0.14279672E+01  0.30639509E-19
 0.14323594E+01  0.28089704E-19
 0.14367652E+01  0.25750901E-19
 0.14411845E+01  0.23605715E-19
 0.14456173E+01  0.21638189E-19
 0.14500639E+01  0.19833671E-19
 0.14545241E+01  0.18178715E-19
 0.14589980E+01  0.16660976E-19
 0.14634856E+01  0.15269123E-19
 0.14679871E+01  0.13992758E-19
 0.14725024E+01  0.12822337E-19
 0.14770316E+01  0.11749101E-19
 0.14815748E+01  0.10765013E-19
 0.14861319E+01  0.98626967E-20
 0.14907030E+01  0.90353842E-20
 0.14952882E+01  0.82768649E-20
 0.14998875E+01  0.75814408E-20
 0.15045009E+01  0.69438835E-20
 0.15091286E+01  0.63593964E-20
 0.15137704E+01  0.58235787E-20
 0.15184266E+01  0.53323930E-20
 0.15230970E+01  0.48821357E-20
 0.15277819E+01  0.44694093E-20
 0.15324811E+01  0.40910969E-20
 0.15371948E+01  0.37443399E-20
 0.15419230E+01  0.34265157E-20
 0.15466657E+01  0.31352193E-20
 0.15514231E+01  0.28682447E-20
 0.15561950E+01  0.26235684E-20
 0.15609817E+01  0.23993349E-20
 0.15657830E+01  0.21938424E-20
 0.15705991E+01  0.20055302E-20
 0.15754301E+01  0.18329672E-20
 0.15802759E+01  0.16748409E-20
 0.15851366E+01  0.15299479E-20
 0.15900122E+01  0.13971847E-20
 0.15949029E+01  0.12755395E-20
 0.15998086E+01  0.11771309E-20
 0.16047294E+01  0.10888625E-20
 0.16096653E+01  0.10074157E-20
 0.16146164E+01  0.93226343E-21
 0.16195827E+01  0.86291916E-21
 0.16245643E+01  0.79893404E-21
 0.16295613E+01  0.73989391E-21
 0.16345736E+01  0.68541658E-21
 0.16396013E+01  0.63514945E-21
 0.16446445E+01  0.58876713E-21
 0.16497031E+01  0.54596938E-21
 0.16547774E+01  0.50647919E-21
 0.16598673E+01  0.46954351E-21
 0.16649728E+01  0.44455631E-21
 0.16700940E+01  0.42129502E-21
 0.16752310E+01  0.39969289E-21
 0.16803837E+01  0.37968187E-21
 0.16855524E+01  0.36119245E-21
 0.16907369E+01  0.34415366E-21
 0.16959373E+01  0.32849309E-21
 0.17011538E+01  0.31413678E-21
 0.17063863E+01  0.30100933E-21
 0.17116349E+01  0.28903372E-21
 0.17168997E+01  0.27813145E-21
 0.17221806E+01  0.26822239E-21
 0.17274778E+01  0.25922486E-21
 0.17327913E+01  0.25105553E-21
 0.17381211E+01  0.24362945E-21
 0.17434673E+01  0.23685999E-21
 0.17488300E+01  0.21810125E-21
 0.17542091E+01  0.21305617E-21
 0.17596048E+01  0.20822020E-21
 0.17650171E+01  0.20358733E-21
 0.17704460E+01  0.19915156E-21
 0.17758917E+01  0.19490674E-21
 0.17813541E+01  0.19084659E-21
 0.17868333E+01  0.18696469E-21
 0.17923293E+01  0.18325449E-21
 0.17978423E+01  0.17970929E-21
 0.18033722E+01  0.17632223E-21
 0.18089191E+01  0.17308636E-21
 0.18144831E+01  0.16999453E-21
 0.18200642E+01  0.16703946E-21
 0.18256624E+01  0.16421373E-21
 0.18312779E+01  0.16150975E-21
 0.18369106E+01  0.15891979E-21
 0.18425607E+01  0.15643595E-21
 0.18482282E+01  0.15405020E-21
 0.18539131E+01  0.15175431E-21
 0.18596154E+01  0.14953992E-21
 0.18653353E+01  0.14739847E-21
 0.18710728E+01  0.14532129E-21
 0.18768280E+01  0.14329948E-21
 0.18826009E+01  0.14132400E-21
 0.18883915E+01  0.13938565E-21
 0.18941999E+01  0.13747501E-21
 0.19000262E+01  0.13558252E-21
 0.19058704E+01  0.13369844E-21
 0.19117326E+01  0.13181283E-21
 0.19176128E+01  0.12991555E-21
 0.19235111E+01  0.12799632E-21
 0.19294276E+01  0.12604462E-21
 0.19353622E+01  0.12404978E-21
 0.19413151E+01  0.12200092E-21
 0.19472863E+01  0.11857281E-21
 0.19532759E+01  0.11716860E-21
 0.19592839E+01  0.11578106E-21
 0.19653104E+01  0.11441001E-21
 0.19713554E+01  0.11305524E-21
 0.19774190E+01  0.11171654E-21
 0.19835012E+01  0.11039376E-21
 0.19896022E+01  0.10908668E-21
 0.19957219E+01  0.10779512E-21
 0.20018605E+01  0.10651890E-21
 0.20080179E+01  0.10525784E-21
 0.20141943E+01  0.10401176E-21
 0.20203897E+01  0.10278046E-21
 0.20266041E+01  0.10156379E-21
 0.20328377E+01  0.10036158E-21
 0.20390904E+01  0.99173640E-22
 0.20453623E+01  0.97999806E-22
 0.20516536E+01  0.96839914E-22
 0.20579642E+01  0.95693795E-22
 0.20642942E+01  0.94561287E-22
 0.20706437E+01  0.93442229E-22
 0.20770127E+01  0.92336460E-22
 0.20834013E+01  0.91243822E-22
 0.20898095E+01  0.90164160E-22
 0.20962375E+01  0.89097321E-22
 0.21026852E+01  0.88043151E-22
 0.21091528E+01  0.87001499E-22
 0.21156402E+01  0.85972217E-22
 0.21221476E+01  0.84955160E-22
 0.21286750E+01  0.83950180E-22
 0.21352226E+01  0.82957136E-22
 0.21417902E+01  0.81975884E-22
 0.21483780E+01  0.81006285E-22
 0.21549861E+01  0.80048201E-22
 0.21616146E+01  0.79101495E-22
 0.21682634E+01  0.78166031E-22
 0.21749327E+01  0.77241677E-22
 0.21816224E+01  0.76328300E-22
 0.21883328E+01  0.75425770E-22
 0.21950638E+01  0.74533958E-22
 0.22018155E+01  0.73652737E-22
 0.22085880E+01  0.72781981E-22
 0.22153813E+01  0.71921566E-22
 0.22221955E+01  0.71071369E-22
 0.22290306E+01  0.70231268E-22
 0.22358868E+01  0.69401144E-22
 0.22427641E+01  0.68580879E-22
 0.22496625E+01  0.67770354E-22
 0.22565822E+01  0.66969456E-22
 0.22635231E+01  0.66178068E-22
 0.22704854E+01  0.65396078E-22
 0.22774691E+01  0.64623375E-22
 0.22844742E+01  0.63859848E-22
 0.22915009E+01  0.63105390E-22
 0.22985493E+01  0.62359890E-22
 0.23056193E+01  0.61623244E-22
 0.23127110E+01  0.60895346E-22
 0.23198246E+01  0.60176092E-22
 0.23269601E+01  0.59465380E-22
 0.23341175E+01  0.58763108E-22
 0.23412969E+01  0.58069176E-22
 0.23484984E+01  0.57383485E-22
 0.23557220E+01  0.56705937E-22
 0.23629679E+01  0.56036435E-22
 0.23702360E+01  0.55374883E-22
 0.23775265E+01  0.54721189E-22
 0.23848395E+01  0.54075258E-22
 0.23921749E+01  0.53436997E-22
 0.23995329E+01  0.52806316E-22
 0.24069135E+01  0.52183124E-22
 0.24143168E+01  0.51567334E-22
 0.24217429E+01  0.50958857E-22
 0.24291919E+01  0.50357605E-22
 0.24366637E+01  0.49763494E-22
 0.24441586E+01  0.49176437E-22
 0.24516764E+01  0.48596354E-22
 0.24592175E+01  0.48023159E-22
 0.24667817E+01  0.47456770E-22
 0.24743691E+01  0.46897108E-22
 0.24819799E+01  0.46344093E-22
 0.24896142E+01  0.45797644E-22
 0.24972719E+01  0.45257685E-22
 0.25049531E+01  0.44724139E-22
 0.25126580E+01  0.44196928E-22
 0.25203866E+01  0.43675979E-22
 0.25281389E+01  0.43161217E-22
 0.25359151E+01  0.42652567E-22
 0.25437152E+01  0.42149958E-22
 0.25515393E+01  0.41653318E-22
 0.25593875E+01  0.41162576E-22
 0.25672598E+01  0.40677661E-22
 0.25751563E+01  0.40198505E-22
 0.25830772E+01  0.39725040E-22
 0.25910223E+01  0.39257197E-22
 0.25989920E+01  0.38794911E-22
 0.26069861E+01  0.38338114E-22
 0.26150048E+01  0.37886742E-22
 0.26230482E+01  0.37440730E-22
 0.26311163E+01  0.37000014E-22
 0.26392092E+01  0.36564533E-22
 0.26473271E+01  0.36134224E-22
 0.26554699E+01  0.35709025E-22
 0.26636377E+01  0.35288874E-22
 0.26718307E+01  0.34873714E-22
 0.26800489E+01  0.34463484E-22
 0.26882923E+01  0.34058126E-22
 0.26965611E+01  0.33657582E-22
 0.27048554E+01  0.33261793E-22
 0.27131751E+01  0.32870706E-22
 0.27215205E+01  0.32484263E-22
 0.27298915E+01  0.32102409E-22
 0.27382882E+01  0.31725090E-22
 0.27467108E+01  0.31352251E-22
 0.27551593E+01  0.30983842E-22
 0.27636338E+01  0.30619806E-22
 0.27721343E+01  0.30260094E-22
 0.27806610E+01  0.29904653E-22
 0.27892139E+01  0.29553434E-22
 0.27977932E+01  0.29206385E-22
 0.28063988E+01  0.28863459E-22
 0.28150309E+01  0.28524604E-22
 0.28236895E+01  0.28189774E-22
 0.28323748E+01  0.27858920E-22
 0.28410868E+01  0.27531995E-22
 0.28498255E+01  0.27208953E-22
 0.28585912E+01  0.26889746E-22
 0.28673838E+01  0.26574331E-22
 0.28762035E+01  0.26262662E-22
 0.28850503E+01  0.25954693E-22
 0.28939243E+01  0.25650382E-22
 0.29028256E+01  0.25349685E-22
 0.29117543E+01  0.25052559E-22
 0.29207104E+01  0.24758961E-22
 0.29296941E+01  0.24468851E-22
 0.29387054E+01  0.24182185E-22
 0.29477444E+01  0.23898924E-22
 0.29568113E+01  0.23619026E-22
 0.29659060E+01  0.23342452E-22
 0.29750287E+01  0.23069164E-22
 0.29841795E+01  0.22799120E-22
 0.29933584E+01  0.22532284E-22
 0.30025656E+01  0.22268616E-22
 0.30118010E+01  0.22008080E-22
 0.30210649E+01  0.21750637E-22
 0.30303573E+01  0.21496252E-22
 0.30396782E+01  0.21244888E-22
 0.30490278E+01  0.20996509E-22
 0.30584062E+01  0.20751080E-22
 0.30678134E+01  0.20508565E-22
 0.30772496E+01  0.20268931E-22
 0.30867148E+01  0.20032141E-22
 0.30962091E+01  0.19798164E-22
 0.31057326E+01  0.19566966E-22
 0.31152853E+01  0.19338514E-22
 0.31248675E+01  0.19112774E-22
 0.31344792E+01  0.18889716E-22
 0.31441204E+01  0.18669305E-22
 0.31537913E+01  0.18451513E-22
 0.31634919E+01  0.18236308E-22
 0.31732223E+01  0.18023657E-22
 0.31829827E+01  0.17813532E-22
 0.31927731E+01  0.17605903E-22
 0.32025936E+01  0.17400739E-22
 0.32124443E+01  0.17198012E-22
 0.32223254E+01  0.16997692E-22
 0.32322368E+01  0.16799751E-22
 0.32421787E+01  0.16604161E-22
 0.32521512E+01  0.16410894E-22
 0.32621543E+01  0.16219922E-22
 0.32721882E+01  0.16031217E-22
 0.32822530E+01  0.15844754E-22
 0.32923488E+01  0.15660505E-22
 0.33024756E+01  0.15478444E-22
 0.33126335E+01  0.15298545E-22
 0.33228227E+01  0.15120783E-22
 0.33330432E+01  0.14945131E-22
 0.33432952E+01  0.14771566E-22
 0.33535787E+01  0.14600062E-22
 0.33638938E+01  0.14430594E-22
 0.33742407E+01  0.14263139E-22
 0.33846194E+01  0.14097673E-22
 0.33950300E+01  0.13934172E-22
 0.34054726E+01  0.13772613E-22
 0.34159474E+01  0.13612972E-22
 0.34264543E+01  0.13455226E-22
 0.34369936E+01  0.13299355E-22
 0.34475653E+01  0.13145334E-22
 0.34581695E+01  0.12993142E-22
 0.34688064E+01  0.12842758E-22
 0.34794759E+01  0.12694159E-22
 0.34901783E+01  0.12547326E-22
 0.35009136E+01  0.12402236E-22
 0.35116819E+01  0.12258870E-22
 0.35224834E+01  0.12117205E-22
 0.35333180E+01  0.11977223E-22
 0.35441860E+01  0.11838903E-22
 0.35550874E+01  0.11702227E-22
 0.35660224E+01  0.11567173E-22
 0.35769909E+01  0.11433723E-22
 0.35879932E+01  0.11301857E-22
 0.35990294E+01  0.11171558E-22
 0.36100995E+01  0.11042807E-22
 0.36212037E+01  0.10915583E-22
 0.36323420E+01  0.10789872E-22
 0.36435145E+01  0.10665653E-22
 0.36547215E+01  0.10542909E-22
 0.36659629E+01  0.10421622E-22
 0.36772389E+01  0.10301776E-22
 0.36885495E+01  0.10183355E-22
 0.36998950E+01  0.10066338E-22
 0.37112753E+01  0.99507114E-23
 0.37226907E+01  0.98364579E-23
 0.37341412E+01  0.97235612E-23
 0.37456268E+01  0.96120052E-23
 0.37571479E+01  0.95017741E-23
 0.37687043E+01  0.93928520E-23
 0.37802963E+01  0.92852234E-23
 0.37919240E+01  0.91788730E-23
 0.38035874E+01  0.90737856E-23
 0.38152867E+01  0.89699460E-23
 0.38270220E+01  0.88673397E-23
 0.38387933E+01  0.87659518E-23
 0.38506009E+01  0.86657681E-23
 0.38624448E+01  0.85667741E-23
 0.38743251E+01  0.84689556E-23
 0.38862420E+01  0.83722987E-23
 0.38981955E+01  0.82767898E-23
 0.39101858E+01  0.81824151E-23
 0.39222130E+01  0.80891610E-23
 0.39342772E+01  0.79970145E-23
 0.39463785E+01  0.79059622E-23
 0.39585170E+01  0.78159912E-23
 0.39706928E+01  0.77270887E-23
 0.39829061E+01  0.76392419E-23
 0.39951569E+01  0.75000548E-23
 0.40074455E+01  0.74347931E-23
 0.40197718E+01  0.73698645E-23
 0.40321361E+01  0.73052704E-23
 0.40445383E+01  0.72410116E-23
 0.40569788E+01  0.71770895E-23
 0.40694575E+01  0.71135049E-23
 0.40819745E+01  0.70502592E-23
 0.40945301E+01  0.69873518E-23
 0.41071243E+01  0.69247863E-23
 0.41197572E+01  0.68625627E-23
 0.41324290E+01  0.68006818E-23
 0.41451398E+01  0.67391450E-23
 0.41578896E+01  0.66779529E-23
 0.41706787E+01  0.66171066E-23
 0.41835071E+01  0.65566071E-23
 0.41963750E+01  0.64964553E-23
 0.42092825E+01  0.64366520E-23
 0.42222296E+01  0.63771983E-23
 0.42352166E+01  0.63180949E-23
 0.42482435E+01  0.62593428E-23
 0.42613105E+01  0.62009428E-23
 0.42744177E+01  0.61428956E-23
 0.42875652E+01  0.60852022E-23
 0.43007531E+01  0.60278633E-23
 0.43139816E+01  0.59708797E-23
 0.43272508E+01  0.59142521E-23
 0.43405608E+01  0.58579813E-23
 0.43539118E+01  0.58020679E-23
 0.43673038E+01  0.57465127E-23
 0.43807370E+01  0.56913163E-23
 0.43942115E+01  0.56364794E-23
 0.44077275E+01  0.55820028E-23
 0.44212851E+01  0.55278868E-23
 0.44348843E+01  0.54741321E-23
 0.44485254E+01  0.54207393E-23
 0.44622084E+01  0.53677090E-23
 0.44759335E+01  0.53150417E-23
 0.44897009E+01  0.52627378E-23
 0.45035105E+01  0.52107980E-23
 0.45173627E+01  0.51592226E-23
 0.45312575E+01  0.51080121E-23
 0.45451950E+01  0.50571669E-23
 0.45591753E+01  0.50066874E-23
 0.45731987E+01  0.49565741E-23
 0.45872652E+01  0.49068272E-23
 0.46013750E+01  0.48574470E-23
 0.46155282E+01  0.48084340E-23
 0.46297249E+01  0.47597883E-23
 0.46439653E+01  0.47115103E-23
 0.46582494E+01  0.46636002E-23
 0.46725776E+01  0.46160583E-23
 0.46869497E+01  0.45688847E-23
 0.47013661E+01  0.45220954E-23
 0.47158269E+01  0.44756653E-23
 0.47303321E+01  0.44296044E-23
 0.47448819E+01  0.43839129E-23
 0.47594765E+01  0.43385906E-23
 0.47741160E+01  0.42936380E-23
 0.47888005E+01  0.42490548E-23
 0.48035301E+01  0.42048413E-23
 0.48183051E+01  0.41609972E-23
 0.48331255E+01  0.41175228E-23
 0.48479915E+01  0.40744179E-23
 0.48629033E+01  0.40316825E-23
 0.48778609E+01  0.39893165E-23
 0.48928645E+01  0.39473197E-23
 0.49079142E+01  0.39056922E-23
 0.49230103E+01  0.38644336E-23
 0.49381528E+01  0.38235440E-23
 0.49533418E+01  0.37830230E-23
 0.49685776E+01  0.37428705E-23
 0.49838602E+01  0.37030862E-23
 0.49991899E+01  0.36636698E-23
 0.50145667E+01  0.36246212E-23
 0.50299908E+01  0.35859399E-23
 0.50454623E+01  0.35476258E-23
 0.50609814E+01  0.35096782E-23
 0.50765483E+01  0.34720971E-23
 0.50921630E+01  0.34348819E-23
 0.51078258E+01  0.33980322E-23
 0.51235368E+01  0.33615475E-23
 0.51392960E+01  0.33254274E-23
 0.51551038E+01  0.32896715E-23
 0.51709601E+01  0.32542789E-23
 0.51868653E+01  0.32192494E-23
 0.52028193E+01  0.31845822E-23
 0.52188225E+01  0.31502768E-23
 0.52348748E+01  0.31163325E-23
 0.52509766E+01  0.30827486E-23
 0.52671278E+01  0.30495243E-23
 0.52833288E+01  0.30166589E-23
 0.52995795E+01  0.29841515E-23
 0.53158803E+01  0.29520015E-23
 0.53322312E+01  0.29202079E-23
 0.53486324E+01  0.28887699E-23
 0.53650840E+01  0.28576864E-23
 0.53815862E+01  0.28269565E-23
 0.53981392E+01  0.27965794E-23
 0.54147431E+01  0.27665536E-23
 0.54313981E+01  0.27368786E-23
 0.54481043E+01  0.27075529E-23
 0.54648619E+01  0.26785756E-23
 0.54816711E+01  0.26499453E-23
 0.54985319E+01  0.26216610E-23
 0.55154446E+01  0.25937215E-23
 0.55324093E+01  0.25661254E-23
 0.55494262E+01  0.25388716E-23
 0.55664955E+01  0.25119585E-23
 0.55836172E+01  0.24853852E-23
 0.56007916E+01  0.24591500E-23
 0.56180189E+01  0.24332516E-23
 0.56352991E+01  0.24076888E-23
 0.56526325E+01  0.23824599E-23
 0.56700192E+01  0.23575636E-23
 0.56874594E+01  0.23329845E-23
 0.57049532E+01  0.23087744E-23
 0.57225008E+01  0.22848923E-23
 0.57401024E+01  0.22613365E-23
 0.57577581E+01  0.22381055E-23
 0.57754682E+01  0.22151976E-23
 0.57932327E+01  0.21926114E-23
 0.58110519E+01  0.21703450E-23
 0.58289258E+01  0.21483971E-23
 0.58468548E+01  0.21267656E-23
 0.58648389E+01  0.21054491E-23
 0.58828783E+01  0.20844458E-23
 0.59009732E+01  0.20637539E-23
 0.59191237E+01  0.20433717E-23
 0.59373301E+01  0.20232972E-23
 0.59555925E+01  0.20035287E-23
 0.59739111E+01  0.19840642E-23
 0.59922860E+01  0.19649020E-23
 0.60107174E+01  0.19460401E-23
 0.60292055E+01  0.19274766E-23
 0.60477505E+01  0.19092094E-23
 0.60663525E+01  0.18912367E-23
 0.60850117E+01  0.18735563E-23
 0.61037284E+01  0.18561663E-23
 0.61225026E+01  0.18390646E-23
 0.61413345E+01  0.18222492E-23
 0.61602244E+01  0.18057178E-23
 0.61791724E+01  0.17894684E-23
 0.61981786E+01  0.17734989E-23
 0.62172433E+01  0.17578070E-23
 0.62363667E+01  0.17423906E-23
 0.62555489E+01  0.17272474E-23
 0.62747901E+01  0.17123753E-23
 0.62940904E+01  0.16977720E-23
 0.63134501E+01  0.16834351E-23
 0.63328694E+01  0.16693624E-23
 0.63523484E+01  0.16555515E-23
 0.63718874E+01  0.16420002E-23
 0.63914864E+01  0.16287061E-23
 0.64111457E+01  0.16156667E-23
 0.64308655E+01  0.16028798E-23
 0.64506459E+01  0.15903429E-23
 0.64704871E+01  0.15780536E-23
 0.64903894E+01  0.15660094E-23
 0.65103530E+01  0.15542078E-23
 0.65303779E+01  0.15426465E-23
 0.65504644E+01  0.15313228E-23
 0.65706127E+01  0.15202344E-23
 0.65908230E+01  0.15093786E-23
 0.66110954E+01  0.14987530E-23
 0.66314302E+01  0.14883549E-23
 0.66518275E+01  0.14781819E-23
 0.66722876E+01  0.14682314E-23
 0.66928106E+01  0.14585007E-23
 0.67133968E+01  0.14489873E-23
 0.67340462E+01  0.14396886E-23
 0.67547592E+01  0.14306019E-23
 0.67755359E+01  0.14217246E-23
 0.67963764E+01  0.14130541E-23
 0.68172811E+01  0.14045878E-23
 0.68382501E+01  0.13963229E-23
 0.68592836E+01  0.13882569E-23
 0.68803818E+01  0.13803871E-23
 0.69015449E+01  0.13727107E-23
 0.69227730E+01  0.13652252E-23
 0.69440665E+01  0.13579277E-23
 0.69654255E+01  0.13508157E-23
 0.69868501E+01  0.13438865E-23
 0.70083407E+01  0.13371373E-23
 0.70298973E+01  0.13305656E-23
 0.70515203E+01  0.13241684E-23
 0.70732098E+01  0.13179433E-23
 0.70949660E+01  0.13118874E-23
 0.71167891E+01  0.13059981E-23
 0.71386793E+01  0.13002727E-23
 0.71606369E+01  0.12947085E-23
 0.71826620E+01  0.12893028E-23
 0.72047548E+01  0.12840530E-23
 0.72269156E+01  0.12789563E-23
 0.72491446E+01  0.12740101E-23
 0.72714419E+01  0.12692117E-23
 0.72938079E+01  0.12645584E-23
 0.73162426E+01  0.12600476E-23
 0.73387463E+01  0.12556767E-23
 0.73613192E+01  0.12514430E-23
 0.73839616E+01  0.12473439E-23
 0.74066736E+01  0.12433768E-23
 0.74294555E+01  0.12395390E-23
 0.74523074E+01  0.12358280E-23
 0.74752297E+01  0.12322413E-23
 0.74982224E+01  0.12287762E-23
 0.75212859E+01  0.12254301E-23
 0.75444203E+01  0.12222007E-23
 0.75676259E+01  0.12190853E-23
 0.75909028E+01  0.12160815E-23
 0.76142514E+01  0.12131868E-23
 0.76376717E+01  0.12103987E-23
 0.76611641E+01  0.12077148E-23
 0.76847288E+01  0.12051327E-23
 0.77083659E+01  0.12026499E-23
 0.77320757E+01  0.12002642E-23
 0.77558585E+01  0.11979731E-23
 0.77797144E+01  0.11957743E-23
 0.78036437E+01  0.11936656E-23
 0.78276466E+01  0.11916446E-23
 0.78517233E+01  0.11897092E-23
 0.78758741E+01  0.11878570E-23
 0.79000992E+01  0.11860860E-23
 0.79243988E+01  0.11843938E-23
 0.79487731E+01  0.11827785E-23
 0.79732224E+01  0.11812379E-23
 0.79977469E+01  0.11797700E-23
 0.80223468E+01  0.11783726E-23
 0.80470224E+01  0.11770438E-23
 0.80717739E+01  0.11757817E-23
 0.80966016E+01  0.11745842E-23
 0.81215056E+01  0.11734496E-23
 0.81464861E+01  0.11723758E-23
 0.81715436E+01  0.11713612E-23
 0.81966781E+01  0.11704039E-23
 0.82218899E+01  0.11695021E-23
 0.82471793E+01  0.11686541E-23
 0.82725464E+01  0.11678583E-23
 0.82979916E+01  0.11671131E-23
 0.83235150E+01  0.11664168E-23
 0.83491170E+01  0.11657678E-23
 0.83747977E+01  0.11651647E-23
 0.84005574E+01  0.11646060E-23
 0.84263963E+01  0.11640902E-23
 0.84523147E+01  0.11636160E-23
 0.84783128E+01  0.11631820E-23
 0.85043909E+01  0.11627870E-23
 0.85305492E+01  0.11624296E-23
 0.85567880E+01  0.11621086E-23
 0.85831074E+01  0.11618229E-23
 0.86095078E+01  0.11615713E-23
 0.86359895E+01  0.11613527E-23
 0.86625525E+01  0.11611662E-23
 0.86891973E+01  0.11610107E-23
 0.87159241E+01  0.11608852E-23
 0.87427330E+01  0.11607889E-23
 0.87696244E+01  0.11607208E-23
 0.87965985E+01  0.11606802E-23
 0.88236556E+01  0.11606663E-23
 0.88507959E+01  0.11606782E-23
 0.88780197E+01  0.11607155E-23
 0.89053272E+01  0.11607773E-23
 0.89327188E+01  0.11608630E-23
 0.89601945E+01  0.11609722E-23
 0.89877548E+01  0.11611042E-23
 0.90153999E+01  0.11612586E-23
 0.90431300E+01  0.11614349E-23
 0.90709454E+01  0.11616326E-23
 0.90988463E+01  0.11618515E-23
 0.91268331E+01  0.11620911E-23
 0.91549059E+01  0.11623512E-23
 0.91830651E+01  0.11626314E-23
 0.92113109E+01  0.11629316E-23
 0.92396436E+01  0.11632514E-23
 0.92680634E+01  0.11635906E-23
 0.92965707E+01  0.11639492E-23
 0.93251656E+01  0.11643270E-23
 0.93538485E+01  0.11647238E-23
 0.93826196E+01  0.11651395E-23
 0.94114792E+01  0.11655740E-23
 0.94404276E+01  0.11660273E-23
 0.94694650E+01  0.11664993E-23
 0.94985917E+01  0.11669899E-23
 0.95278080E+01  0.11674992E-23
 0.95571142E+01  0.11680269E-23
 0.95865105E+01  0.11685732E-23
 0.96159973E+01  0.11691379E-23
 0.96455747E+01  0.11697209E-23
 0.96752431E+01  0.11703223E-23
 0.97050028E+01  0.11709419E-23
 0.97348540E+01  0.11715796E-23
 0.97647970E+01  0.11722353E-23
 0.97948322E+01  0.11729089E-23
 0.98249597E+01  0.11736001E-23
 0.98551799E+01  0.11743087E-23
 0.98854930E+01  0.11750344E-23
 0.99158994E+01  0.11757770E-23
 0.99463993E+01  0.11765360E-23
 0.99769930E+01  0.11773110E-23
 0.10007681E+02  0.11781016E-23
 0.10038463E+02  0.11789071E-23
 0.10069340E+02  0.11797268E-23
 0.10100312E+02  0.11805601E-23
 0.10131379E+02  0.11814061E-23
 0.10162542E+02  0.11822639E-23
 0.10193800E+02  0.11789803E-23
 0.10225155E+02  0.11796599E-23
 0.10256606E+02  0.11803311E-23
 0.10288154E+02  0.11809938E-23
 0.10319799E+02  0.11816478E-23
 0.10351541E+02  0.11822931E-23
 0.10383381E+02  0.11829296E-23
 0.10415319E+02  0.11835570E-23
 0.10447355E+02  0.11841754E-23
 0.10479489E+02  0.11847845E-23
 0.10511723E+02  0.11853842E-23
 0.10544055E+02  0.11859745E-23
 0.10576487E+02  0.11865551E-23
 0.10609019E+02  0.11871261E-23
 0.10641651E+02  0.11876871E-23
 0.10674383E+02  0.11882382E-23
 0.10707216E+02  0.11887792E-23
 0.10740150E+02  0.11893100E-23
 0.10773185E+02  0.11898304E-23
 0.10806322E+02  0.11903403E-23
 0.10839560E+02  0.11908396E-23
 0.10872901E+02  0.11913282E-23
 0.10906345E+02  0.11918059E-23
 0.10939891E+02  0.11922727E-23
 0.10973541E+02  0.11927283E-23
 0.11007294E+02  0.11931727E-23
 0.11041151E+02  0.11936057E-23
 0.11075112E+02  0.11940272E-23
 0.11109177E+02  0.11944371E-23
 0.11143347E+02  0.11948352E-23
 0.11177623E+02  0.11952215E-23
 0.11212004E+02  0.11955957E-23
 0.11246490E+02  0.11959578E-23
 0.11281083E+02  0.11963076E-23
 0.11315782E+02  0.11966451E-23
 0.11350587E+02  0.11969700E-23
 0.11385500E+02  0.11972822E-23
 0.11420520E+02  0.11975817E-23
 0.11455648E+02  0.11978683E-23
 0.11490884E+02  0.11981418E-23
 0.11526229E+02  0.11984022E-23
 0.11561682E+02  0.11986493E-23
 0.11597244E+02  0.11988829E-23
 0.11632915E+02  0.11991030E-23
 0.11668696E+02  0.11993094E-23
 0.11704588E+02  0.11995021E-23
 0.11740589E+02  0.11996807E-23
 0.11776702E+02  0.11998454E-23
 0.11812925E+02  0.11999958E-23
 0.11849260E+02  0.12001319E-23
 0.11885707E+02  0.12002536E-23
 0.11922265E+02  0.12003608E-23
 0.11958937E+02  0.12004532E-23
 0.11995721E+02  0.12005308E-23
 0.12032618E+02  0.12005935E-23
 0.12069628E+02  0.12006412E-23
 0.12106753E+02  0.12006736E-23
 0.12143991E+02  0.12006908E-23
 0.12181345E+02  0.12006925E-23
 0.12218813E+02  0.12006786E-23
 0.12256396E+02  0.12006491E-23
 0.12294095E+02  0.12006038E-23
 0.12331910E+02  0.12005426E-23
 0.12369841E+02  0.12004653E-23
 0.12407889E+02  0.12003719E-23
 0.12446054E+02  0.12002622E-23
 0.12484336E+02  0.12001362E-23
 0.12522736E+02  0.11999936E-23
 0.12561254E+02  0.11998345E-23
 0.12599891E+02  0.11996586E-23
 0.12638646E+02  0.11994658E-23
 0.12677521E+02  0.11992561E-23
 0.12716515E+02  0.11990294E-23
 0.12755630E+02  0.11987855E-23
 0.12794864E+02  0.11985242E-23
 0.12834219E+02  0.11982456E-23
 0.12873696E+02  0.11979495E-23
 0.12913293E+02  0.11976358E-23
 0.12953013E+02  0.11973044E-23
 0.12992854E+02  0.11969552E-23
 0.13032818E+02  0.11965881E-23
 0.13072906E+02  0.11962029E-23
 0.13113116E+02  0.11957997E-23
 0.13153450E+02  0.11953782E-23
 0.13193908E+02  0.11949385E-23
 0.13234491E+02  0.11944803E-23
 0.13275198E+02  0.11940037E-23
 0.13316031E+02  0.11935084E-23
 0.13356989E+02  0.11929946E-23
 0.13398073E+02  0.11924619E-23
 0.13439284E+02  0.11919104E-23
 0.13480621E+02  0.11913400E-23
 0.13522086E+02  0.11907506E-23
 0.13563678E+02  0.11901421E-23
 0.13605398E+02  0.11895145E-23
 0.13647246E+02  0.11888676E-23
 0.13689223E+02  0.11882014E-23
 0.13731329E+02  0.11875158E-23
 0.13773565E+02  0.11868107E-23
 0.13815930E+02  0.11860861E-23
 0.13858426E+02  0.11853420E-23
 0.13901052E+02  0.11845782E-23
 0.13943810E+02  0.11837947E-23
 0.13986699E+02  0.11829914E-23
 0.14029720E+02  0.11821683E-23
 0.14072874E+02  0.11813253E-23
 0.14116160E+02  0.11804624E-23
 0.14159579E+02  0.11795795E-23
 0.14203132E+02  0.11786766E-23
 0.14246819E+02  0.11777536E-23
 0.14290640E+02  0.11768106E-23
 0.14334596E+02  0.11758474E-23
 0.14378687E+02  0.11748640E-23
 0.14422914E+02  0.11738604E-23
 0.14467277E+02  0.11728366E-23
 0.14511776E+02  0.11717926E-23
 0.14556412E+02  0.11707282E-23
 0.14601186E+02  0.11696436E-23
 0.14646097E+02  0.11685386E-23
 0.14691146E+02  0.11674134E-23
 0.14736334E+02  0.11662678E-23
 0.14781661E+02  0.11651019E-23
 0.14827127E+02  0.11639156E-23
 0.14872734E+02  0.11627090E-23
 0.14918480E+02  0.11614821E-23
 0.14964367E+02  0.11602348E-23
 0.15010395E+02  0.11589673E-23
 0.15056565E+02  0.11576794E-23
 0.15102877E+02  0.11563713E-23
 0.15149331E+02  0.11550429E-23
 0.15195929E+02  0.11536943E-23
 0.15242669E+02  0.11523256E-23
 0.15289553E+02  0.11509366E-23
 0.15336582E+02  0.11495276E-23
 0.15383755E+02  0.11480985E-23
 0.15431073E+02  0.11466494E-23
 0.15478537E+02  0.11451804E-23
 0.15526147E+02  0.11436914E-23
 0.15573903E+02  0.11421826E-23
 0.15621806E+02  0.11406540E-23
 0.15669857E+02  0.11391057E-23
 0.15718055E+02  0.11375378E-23
 0.15766401E+02  0.11359503E-23
 0.15814897E+02  0.11343434E-23
 0.15863541E+02  0.11327171E-23
 0.15912335E+02  0.11310715E-23
 0.15961279E+02  0.11294068E-23
 0.16010374E+02  0.11277230E-23
 0.16059619E+02  0.11260202E-23
 0.16109016E+02  0.11242986E-23
 0.16158565E+02  0.11225583E-23
 0.16208267E+02  0.11207993E-23
 0.16258121E+02  0.11190219E-23
 0.16308129E+02  0.11172261E-23
 0.16358290E+02  0.11154122E-23
 0.16408606E+02  0.11135802E-23
 0.16459077E+02  0.11117304E-23
 0.16509702E+02  0.11098628E-23
 0.16560484E+02  0.11079776E-23
 0.16611422E+02  0.11060750E-23
 0.16662516E+02  0.11041553E-23
 0.16713768E+02  0.11022184E-23
 0.16765177E+02  0.11002648E-23
 0.16816744E+02  0.10982944E-23
 0.16868470E+02  0.10963076E-23
 0.16920355E+02  0.10943046E-23
 0.16972400E+02  0.10922855E-23
 0.17024604E+02  0.10902506E-23
 0.17076970E+02  0.10882001E-23
 0.17129496E+02  0.10861342E-23
 0.17182184E+02  0.10840532E-23
 0.17235034E+02  0.10819573E-23
 0.17288046E+02  0.10798468E-23
 0.17341222E+02  0.10777219E-23
 0.17394561E+02  0.10755829E-23
 0.17448064E+02  0.10734300E-23
 0.17501732E+02  0.10712635E-23
 0.17555565E+02  0.10690838E-23
 0.17609563E+02  0.10668911E-23
 0.17663728E+02  0.10646856E-23
 0.17718059E+02  0.10624678E-23
 0.17772557E+02  0.10602379E-23
 0.17827223E+02  0.10579962E-23
 0.17882057E+02  0.10557430E-23
 0.17937060E+02  0.10534788E-23
 0.17992231E+02  0.10512038E-23
 0.18047573E+02  0.10489183E-23
 0.18103085E+02  0.10466228E-23
 0.18158767E+02  0.10443176E-23
 0.18214621E+02  0.10420030E-23
 0.18270647E+02  0.10396795E-23
 0.18326845E+02  0.10373473E-23
 0.18383215E+02  0.10350070E-23
 0.18439759E+02  0.10326589E-23
 0.18496478E+02  0.10303034E-23
 0.18553370E+02  0.10279409E-23
 0.18610438E+02  0.10255718E-23
 0.18667681E+02  0.10231967E-23
 0.18725100E+02  0.10208158E-23
 0.18782696E+02  0.10184297E-23
 0.18840468E+02  0.10160388E-23
 0.18898419E+02  0.10136435E-23
 0.18956548E+02  0.10112443E-23
 0.19014856E+02  0.10088417E-23
 0.19073343E+02  0.10064362E-23
 0.19132009E+02  0.10040283E-23
 0.19190857E+02  0.10016184E-23
 0.19249885E+02  0.99920715E-24
 0.19309095E+02  0.99679494E-24
 0.19368487E+02  0.99438233E-24
 0.19428062E+02  0.99196983E-24
 0.19487820E+02  0.98955800E-24
 0.19547762E+02  0.98714737E-24
 0.19607888E+02  0.98473849E-24
 0.19668199E+02  0.98233193E-24
 0.19728695E+02  0.97992825E-24
 0.19789378E+02  0.97752802E-24
 0.19850247E+02  0.97513183E-24
 0.19911304E+02  0.97274025E-24
 0.19972548E+02  0.97035389E-24
 0.20033981E+02  0.96797335E-24
 0.20095603E+02  0.96559926E-24
 0.20157414E+02  0.96323221E-24
 0.20219415E+02  0.96087283E-24
 0.20281607E+02  0.95852177E-24
 0.20343991E+02  0.95617966E-24
 0.20406566E+02  0.95384714E-24
 0.20469333E+02  0.95152487E-24
 0.20532294E+02  0.94921352E-24
 0.20595449E+02  0.94691374E-24
 0.20658797E+02  0.94462623E-24
 0.20722341E+02  0.94235165E-24
 0.20786080E+02  0.94009069E-24
 0.20850015E+02  0.93784403E-24
 0.20914147E+02  0.93561242E-24
 0.20978475E+02  0.93339651E-24
 0.21043002E+02  0.93119705E-24
 0.21107728E+02  0.92901474E-24
 0.21172652E+02  0.92685031E-24
 0.21237776E+02  0.92470449E-24
 0.21303100E+02  0.92257801E-24
 0.21368626E+02  0.92047161E-24
 0.21434353E+02  0.91838603E-24
 0.21500282E+02  0.91632202E-24
 0.21566413E+02  0.91428035E-24
 0.21632749E+02  0.91226176E-24
 0.21699288E+02  0.91026701E-24
 0.21766032E+02  0.90829687E-24
 0.21832981E+02  0.90635211E-24
 0.21900136E+02  0.90443349E-24
 0.21967498E+02  0.90254179E-24
 0.22035067E+02  0.90067780E-24
 0.22102844E+02  0.89884227E-24
 0.22170829E+02  0.89703600E-24
 0.22239023E+02  0.89525975E-24
 0.22307427E+02  0.89351433E-24
 0.22376042E+02  0.89180049E-24
 0.22444867E+02  0.89011903E-24
 0.22513904E+02  0.88847072E-24
 0.22583154E+02  0.88685635E-24
 0.22652617E+02  0.88527669E-24
 0.22722293E+02  0.88373252E-24
 0.22792183E+02  0.88222460E-24
 0.22862289E+02  0.88075371E-24
 0.22932610E+02  0.87932062E-24
 0.23003147E+02  0.87792609E-24
 0.23073902E+02  0.87657086E-24
 0.23144874E+02  0.87525569E-24
 0.23216064E+02  0.87398133E-24
 0.23287474E+02  0.87274850E-24
 0.23359102E+02  0.87155794E-24
 0.23430952E+02  0.87041036E-24
 0.23503022E+02  0.86930647E-24
 0.23575314E+02  0.86824698E-24
 0.23647828E+02  0.86723256E-24
 0.23720566E+02  0.86626387E-24
 0.23793527E+02  0.86534161E-24
 0.23866712E+02  0.86446640E-24
 0.23940123E+02  0.86363887E-24
 0.24013759E+02  0.86285965E-24
 0.24087622E+02  0.86212930E-24
 0.24161712E+02  0.86144843E-24
 0.24236030E+02  0.86081759E-24
 0.24310577E+02  0.86023730E-24
 0.24385353E+02  0.85970808E-24
 0.24460359E+02  0.85923042E-24
 0.24535595E+02  0.85880479E-24
 0.24611063E+02  0.85843161E-24
 0.24686763E+02  0.85811130E-24
 0.24762696E+02  0.85784423E-24
 0.24838863E+02  0.85763075E-24
 0.24915264E+02  0.85747118E-24
 0.24991900E+02  0.85736580E-24
 0.25068771E+02  0.85731485E-24
 0.25145879E+02  0.85731853E-24
 0.25223224E+02  0.85737703E-24
 0.25300807E+02  0.85749045E-24
 0.25378629E+02  0.85765890E-24
 0.25456690E+02  0.85788240E-24
 0.25534991E+02  0.85816095E-24
 0.25613533E+02  0.85849451E-24
 0.25692317E+02  0.85888296E-24
 0.25771343E+02  0.85932615E-24
 0.25850612E+02  0.85982386E-24
 0.25930124E+02  0.86037584E-24
 0.26009882E+02  0.86098178E-24
 0.26089885E+02  0.86164127E-24
 0.26170133E+02  0.86235388E-24
 0.26250629E+02  0.86311911E-24
 0.26331372E+02  0.86393639E-24
 0.26412364E+02  0.86480509E-24
 0.26493604E+02  0.86572448E-24
 0.26575095E+02  0.86669382E-24
 0.26656836E+02  0.86771224E-24
 0.26738829E+02  0.86877884E-24
 0.26821074E+02  0.86989261E-24
 0.26903571E+02  0.87105248E-24
 0.26986323E+02  0.87225730E-24
 0.27069329E+02  0.87350586E-24
 0.27152591E+02  0.87479683E-24
 0.27236108E+02  0.87612883E-24
 0.27319882E+02  0.87750039E-24
 0.27403915E+02  0.87890995E-24
 0.27488205E+02  0.88035587E-24
 0.27572755E+02  0.88183643E-24
 0.27657565E+02  0.88334981E-24
 0.27742636E+02  0.88489413E-24
 0.27827968E+02  0.88646740E-24
 0.27913563E+02  0.88806756E-24
 0.27999421E+02  0.88969246E-24
 0.28085543E+02  0.89133986E-24
 0.28171930E+02  0.89300748E-24
 0.28258583E+02  0.89469288E-24
 0.28345503E+02  0.89639361E-24
 0.28432689E+02  0.89810712E-24
 0.28520144E+02  0.89983075E-24
 0.28607868E+02  0.90156184E-24
 0.28695862E+02  0.90329760E-24
 0.28784126E+02  0.90503519E-24
 0.28872662E+02  0.90677170E-24
 0.28961470E+02  0.90850417E-24
 0.29050552E+02  0.91022957E-24
 0.29139907E+02  0.91194485E-24
 0.29229537E+02  0.91364688E-24
 0.29319443E+02  0.91533248E-24
 0.29409626E+02  0.91699847E-24
 0.29500085E+02  0.91864162E-24
 0.29590824E+02  0.92025865E-24
 0.29681841E+02  0.92184632E-24
 0.29773138E+02  0.92340130E-24
 0.29864716E+02  0.92492033E-24
 0.29956575E+02  0.92640009E-24
 0.30048718E+02  0.92783730E-24
 0.30141143E+02  0.92922870E-24
 0.30233853E+02  0.93057104E-24
 0.30326848E+02  0.93186108E-24
 0.30420129E+02  0.93309566E-24
 0.30513697E+02  0.93427164E-24
 0.30607553E+02  0.93538593E-24
 0.30701697E+02  0.93643550E-24
 0.30796131E+02  0.93741742E-24
 0.30890856E+02  0.93832879E-24
 0.30985872E+02  0.93916683E-24
 0.31081180E+02  0.93992881E-24
 0.31176781E+02  0.94061215E-24
 0.31272677E+02  0.94121433E-24
 0.31368867E+02  0.94173295E-24
 0.31465353E+02  0.94216574E-24
 0.31562136E+02  0.94251055E-24
 0.31659217E+02  0.94276534E-24
 0.31756596E+02  0.94292822E-24
 0.31854275E+02  0.94299742E-24
 0.31952254E+02  0.94297133E-24
 0.32050535E+02  0.94284847E-24
 0.32149118E+02  0.94262751E-24
 0.32248004E+02  0.94230727E-24
 0.32347194E+02  0.94188672E-24
 0.32446689E+02  0.94136499E-24
 0.32546491E+02  0.94074134E-24
 0.32646599E+02  0.94001522E-24
 0.32747015E+02  0.93918620E-24
 0.32847741E+02  0.93825401E-24
 0.32948776E+02  0.93721854E-24
 0.33050121E+02  0.93607984E-24
 0.33151779E+02  0.93483806E-24
 0.33253749E+02  0.93349354E-24
 0.33356033E+02  0.93204674E-24
 0.33458631E+02  0.93049827E-24
 0.33561545E+02  0.92884883E-24
 0.33664776E+02  0.92709931E-24
 0.33768324E+02  0.92525066E-24
 0.33872190E+02  0.92330398E-24
 0.33976376E+02  0.91451516E-24
 0.34080883E+02  0.91296890E-24
 0.34185711E+02  0.91131229E-24
 0.34290861E+02  0.90954776E-24
 0.34396335E+02  0.90767775E-24
 0.34502133E+02  0.90570474E-24
 0.34608257E+02  0.90363128E-24
 0.34714707E+02  0.90145990E-24
 0.34821485E+02  0.89919317E-24
 0.34928590E+02  0.89683366E-24
 0.35036026E+02  0.89438397E-24
 0.35143792E+02  0.89184672E-24
 0.35251889E+02  0.88922448E-24
 0.35360319E+02  0.88651988E-24
 0.35469082E+02  0.88373552E-24
 0.35578180E+02  0.88087397E-24
 0.35687613E+02  0.87793784E-24
 0.35797383E+02  0.87492968E-24
 0.35907491E+02  0.87185204E-24
 0.36017937E+02  0.86870745E-24
 0.36128724E+02  0.86549841E-24
 0.36239850E+02  0.86222742E-24
 0.36351319E+02  0.85889690E-24
 0.36463130E+02  0.85550930E-24
 0.36575286E+02  0.85206698E-24
 0.36687786E+02  0.84857232E-24
 0.36800633E+02  0.84502763E-24
 0.36913826E+02  0.84143518E-24
 0.37027368E+02  0.83779722E-24
 0.37141259E+02  0.83411597E-24
 0.37255500E+02  0.83039356E-24
 0.37370093E+02  0.82663213E-24
 0.37485038E+02  0.82283375E-24
 0.37600336E+02  0.81900045E-24
 0.37715990E+02  0.81513421E-24
 0.37831999E+02  0.81123700E-24
 0.37948365E+02  0.80592077E-24
 0.38065088E+02  0.80324517E-24
 0.38182171E+02  0.80054759E-24
 0.38299614E+02  0.79782937E-24
 0.38417418E+02  0.79509182E-24
 0.38535585E+02  0.79233627E-24
 0.38654115E+02  0.78956399E-24
 0.38773009E+02  0.78677619E-24
 0.38892270E+02  0.78397411E-24
 0.39011897E+02  0.78115894E-24
 0.39131892E+02  0.77833182E-24
 0.39252256E+02  0.77549389E-24
 0.39372990E+02  0.77264626E-24
 0.39494096E+02  0.76979001E-24
 0.39615574E+02  0.76692618E-24
 0.39737426E+02  0.76405581E-24
 0.39859653E+02  0.76117987E-24
 0.39982255E+02  0.75829933E-24
 0.40105235E+02  0.75541516E-24
 0.40228593E+02  0.75252826E-24
 0.40352331E+02  0.74963952E-24
 0.40476449E+02  0.74674981E-24
 0.40600948E+02  0.74385997E-24
 0.40725831E+02  0.74097083E-24
 0.40851098E+02  0.73808317E-24
 0.40976750E+02  0.73519775E-24
 0.41102789E+02  0.73231534E-24
 0.41229215E+02  0.72943665E-24
 0.41356030E+02  0.72656239E-24
 0.41483236E+02  0.72369322E-24
 0.41610832E+02  0.72082980E-24
 0.41738821E+02  0.71797278E-24
 0.41867204E+02  0.71512276E-24
 0.41995982E+02  0.71228034E-24
 0.42125155E+02  0.70944609E-24
 0.42254726E+02  0.70662056E-24
 0.42384696E+02  0.70380429E-24
 0.42515065E+02  0.70099778E-24
 0.42645835E+02  0.69820154E-24
 0.42777008E+02  0.69541605E-24
 0.42908584E+02  0.69264175E-24
 0.43040565E+02  0.68987911E-24
 0.43172951E+02  0.68712854E-24
 0.43305745E+02  0.68439043E-24
 0.43438947E+02  0.68166520E-24
 0.43572559E+02  0.67895321E-24
 0.43706582E+02  0.67625483E-24
 0.43841018E+02  0.67357040E-24
 0.43975866E+02  0.67090024E-24
 0.44111130E+02  0.66824468E-24
 0.44246810E+02  0.66560402E-24
 0.44382906E+02  0.66297853E-24
 0.44519422E+02  0.66036851E-24
 0.44656357E+02  0.65777420E-24
 0.44793714E+02  0.65519585E-24
 0.44931493E+02  0.65263370E-24
 0.45069696E+02  0.65008797E-24
 0.45208324E+02  0.64755887E-24
 0.45347378E+02  0.64504659E-24
 0.45486860E+02  0.64255134E-24
 0.45626772E+02  0.64007328E-24
 0.45767113E+02  0.63761257E-24
 0.45907886E+02  0.63516937E-24
 0.46049092E+02  0.63274383E-24
 0.46190733E+02  0.63033607E-24
 0.46332809E+02  0.62794623E-24
 0.46475322E+02  0.62557442E-24
 0.46618273E+02  0.62322073E-24
 0.46761665E+02  0.62088529E-24
 0.46905497E+02  0.61856814E-24
 0.47049772E+02  0.61626941E-24
 0.47194490E+02  0.61398913E-24
 0.47339654E+02  0.61172738E-24
 0.47485264E+02  0.60948421E-24
 0.47631321E+02  0.60725966E-24
 0.47777829E+02  0.60505378E-24
 0.47924786E+02  0.60286661E-24
 0.48072196E+02  0.60069816E-24
 0.48220060E+02  0.59854844E-24
 0.48368378E+02  0.59641747E-24
 0.48517152E+02  0.59430525E-24
 0.48666384E+02  0.59221178E-24
 0.48816075E+02  0.59013706E-24
 0.48966226E+02  0.58808106E-24
 0.49116839E+02  0.58604377E-24
 0.49267916E+02  0.58402515E-24
 0.49419457E+02  0.58202517E-24
 0.49571464E+02  0.58004382E-24
 0.49723939E+02  0.57808102E-24
 0.49876882E+02  0.57613674E-24
 0.50030297E+02  0.57421092E-24
 0.50184183E+02  0.57230351E-24
 0.50338542E+02  0.57041445E-24
 0.50493376E+02  0.56854366E-24
 0.50648687E+02  0.56669106E-24
 0.50804475E+02  0.56485660E-24
 0.50960742E+02  0.56304018E-24
 0.51117490E+02  0.56124173E-24
 0.51274720E+02  0.55946115E-24
 0.51432434E+02  0.55769835E-24
 0.51590633E+02  0.55595323E-24
 0.51749319E+02  0.55422571E-24
 0.51908492E+02  0.55251566E-24
 0.52068155E+02  0.55082300E-24
 0.52228309E+02  0.54914760E-24
 0.52388956E+02  0.54748935E-24
 0.52550097E+02  0.54584815E-24
 0.52711734E+02  0.54422386E-24
 0.52873868E+02  0.54261638E-24
 0.53036500E+02  0.54102557E-24
 0.53199633E+02  0.53945131E-24
 0.53363268E+02  0.53789347E-24
 0.53527405E+02  0.53635192E-24
 0.53692048E+02  0.53482653E-24
 0.53857197E+02  0.53331715E-24
 0.54022854E+02  0.53182366E-24
 0.54189021E+02  0.53034590E-24
 0.54355699E+02  0.52888374E-24
 0.54522889E+02  0.52743704E-24
 0.54690594E+02  0.52600565E-24
 0.54858814E+02  0.52458943E-24
 0.55027552E+02  0.52318821E-24
 0.55196809E+02  0.52180186E-24
 0.55366587E+02  0.52043022E-24
 0.55536886E+02  0.51907315E-24
 0.55707710E+02  0.51773048E-24
 0.55879059E+02  0.51640206E-24
 0.56050935E+02  0.51508774E-24
 0.56223340E+02  0.51378735E-24
 0.56396275E+02  0.51250075E-24
 0.56569742E+02  0.51122777E-24
 0.56743742E+02  0.50996826E-24
 0.56918278E+02  0.50872204E-24
 0.57093350E+02  0.50748897E-24
 0.57268961E+02  0.50626888E-24
 0.57445113E+02  0.50506161E-24
 0.57621806E+02  0.50386701E-24
 0.57799042E+02  0.50268490E-24
 0.57976824E+02  0.50151513E-24
 0.58155152E+02  0.50035754E-24
 0.58334029E+02  0.49921196E-24
 0.58513456E+02  0.49807824E-24
 0.58693435E+02  0.49695621E-24
 0.58873968E+02  0.49584570E-24
 0.59055056E+02  0.49474657E-24
 0.59236701E+02  0.49365865E-24
 0.59418905E+02  0.49258178E-24
 0.59601669E+02  0.49151581E-24
 0.59784995E+02  0.49046057E-24
 0.59968885E+02  0.48941591E-24
 0.60153341E+02  0.48838166E-24
 0.60338364E+02  0.48735769E-24
 0.60523956E+02  0.48634382E-24
 0.60710119E+02  0.48533991E-24
 0.60896855E+02  0.48434581E-24
 0.61084165E+02  0.48336136E-24
 0.61272051E+02  0.48238641E-24
 0.61460516E+02  0.48142081E-24
 0.61649559E+02  0.48046444E-24
 0.61839185E+02  0.47951711E-24
 0.62029393E+02  0.47857871E-24
 0.62220187E+02  0.47764908E-24
 0.62411567E+02  0.47672810E-24
 0.62603536E+02  0.47581561E-24
 0.62796096E+02  0.47491147E-24
 0.62989248E+02  0.47401556E-24
 0.63182994E+02  0.47312775E-24
 0.63377336E+02  0.47224789E-24
 0.63572275E+02  0.47137588E-24
 0.63767815E+02  0.47051156E-24
 0.63963955E+02  0.46965483E-24
 0.64160699E+02  0.46880556E-24
 0.64358049E+02  0.46796362E-24
 0.64556005E+02  0.46712891E-24
 0.64754570E+02  0.46630131E-24
 0.64953746E+02  0.46548071E-24
 0.65153534E+02  0.46466699E-24
 0.65353937E+02  0.46386006E-24
 0.65554957E+02  0.46305980E-24
 0.65756594E+02  0.46226612E-24
 0.65958852E+02  0.46147891E-24
 0.66161732E+02  0.46069810E-24
 0.66365237E+02  0.45992356E-24
 0.66569367E+02  0.45915524E-24
 0.66774125E+02  0.45839302E-24
 0.66979512E+02  0.45763685E-24
 0.67185532E+02  0.45688662E-24
 0.67392185E+02  0.45614227E-24
 0.67599474E+02  0.45540373E-24
 0.67807400E+02  0.45467092E-24
 0.68015966E+02  0.45394378E-24
 0.68225173E+02  0.45322224E-24
 0.68435024E+02  0.45250625E-24
 0.68645521E+02  0.45179574E-24
 0.68856665E+02  0.45109067E-24
 0.69068458E+02  0.45039099E-24
 0.69280903E+02  0.44969664E-24
 0.69494001E+02  0.44900760E-24
 0.69707755E+02  0.44832382E-24
 0.69922166E+02  0.44764526E-24
 0.70137236E+02  0.44697190E-24
 0.70352969E+02  0.44630370E-24
 0.70569364E+02  0.44564065E-24
 0.70786426E+02  0.44498272E-24
 0.71004155E+02  0.44432990E-24
 0.71222553E+02  0.44368217E-24
 0.71441624E+02  0.44303952E-24
 0.71661368E+02  0.44240196E-24
 0.71881788E+02  0.44176946E-24
 0.72102886E+02  0.44114205E-24
 0.72324665E+02  0.44051972E-24
 0.72547125E+02  0.43990248E-24
 0.72770270E+02  0.43929034E-24
 0.72994101E+02  0.43868333E-24
 0.73218620E+02  0.43808145E-24
 0.73443830E+02  0.43748474E-24
 0.73669733E+02  0.43689321E-24
 0.73896331E+02  0.43630690E-24
 0.74123625E+02  0.43572585E-24
 0.74351619E+02  0.43515007E-24
 0.74580314E+02  0.43457962E-24
 0.74809713E+02  0.43401454E-24
 0.75039817E+02  0.43345487E-24
 0.75270628E+02  0.43290066E-24
 0.75502150E+02  0.43235196E-24
 0.75734384E+02  0.43180882E-24
 0.75967332E+02  0.43127131E-24
 0.76200997E+02  0.43073947E-24
 0.76435380E+02  0.43021337E-24
 0.76670485E+02  0.42969306E-24
 0.76906312E+02  0.42917863E-24
 0.77142865E+02  0.42867012E-24
 0.77380146E+02  0.42816762E-24
 0.77618156E+02  0.42767119E-24
 0.77856898E+02  0.42718090E-24
 0.78096375E+02  0.42669683E-24
 0.78336589E+02  0.42621904E-24
 0.78577541E+02  0.42574762E-24
 0.78819234E+02  0.42528264E-24
 0.79061671E+02  0.42482417E-24
 0.79304853E+02  0.42437229E-24
 0.79548784E+02  0.42392707E-24
 0.79793465E+02  0.42348859E-24
 0.80038898E+02  0.42305693E-24
 0.80285086E+02  0.42263215E-24
 0.80532032E+02  0.42221434E-24
 0.80779737E+02  0.42180355E-24
 0.81028204E+02  0.42139987E-24
 0.81277435E+02  0.42100335E-24
 0.81527433E+02  0.42061406E-24
 0.81778200E+02  0.42023207E-24
 0.82029738E+02  0.41985742E-24
 0.82282050E+02  0.41949019E-24
 0.82535138E+02  0.41913040E-24
 0.82789004E+02  0.41877812E-24
 0.83043651E+02  0.41843338E-24
 0.83299082E+02  0.41809622E-24
 0.83555298E+02  0.41776667E-24
 0.83812302E+02  0.41744475E-24
 0.84070097E+02  0.41713048E-24
 0.84328684E+02  0.41682387E-24
 0.84588067E+02  0.41652492E-24
 0.84848248E+02  0.41623361E-24
 0.85109230E+02  0.41141000E-24
 0.85371013E+02  0.41103131E-24
 0.85633603E+02  0.41065261E-24
 0.85896999E+02  0.41027391E-24
 0.86161206E+02  0.40989521E-24
 0.86426226E+02  0.40951651E-24
 0.86692061E+02  0.40913782E-24
 0.86958713E+02  0.40875915E-24
 0.87226186E+02  0.40838050E-24
 0.87494481E+02  0.40800187E-24
 0.87763602E+02  0.40762328E-24
 0.88033550E+02  0.40724472E-24
 0.88304329E+02  0.40686620E-24
 0.88575940E+02  0.40648773E-24
 0.88848387E+02  0.40610932E-24
 0.89121672E+02  0.40573096E-24
 0.89395798E+02  0.40535267E-24
 0.89670767E+02  0.40497444E-24
 0.89946581E+02  0.40459629E-24
 0.90223244E+02  0.40421822E-24
 0.90500758E+02  0.40384023E-24
 0.90779126E+02  0.40346234E-24
 0.91058349E+02  0.40308454E-24
 0.91338432E+02  0.40270684E-24
 0.91619376E+02  0.40232925E-24
 0.91901184E+02  0.40195178E-24
 0.92183859E+02  0.40157442E-24
 0.92467404E+02  0.40119719E-24
 0.92751820E+02  0.40082008E-24
 0.93037112E+02  0.40044311E-24
 0.93323280E+02  0.40006629E-24
 0.93610330E+02  0.39968960E-24
 0.93898262E+02  0.39931308E-24
 0.94187079E+02  0.39893670E-24
 0.94476786E+02  0.39856050E-24
 0.94767383E+02  0.39818446E-24
 0.95058874E+02  0.39780859E-24
 0.95351261E+02  0.39743291E-24
 0.95644548E+02  0.39705741E-24
 0.95938737E+02  0.39668210E-24
 0.96233831E+02  0.39630700E-24
 0.96529833E+02  0.39593209E-24
 0.96826745E+02  0.39555739E-24
 0.97124570E+02  0.39518291E-24
 0.97423312E+02  0.39480865E-24
 0.97722972E+02  0.39443462E-24
 0.98023554E+02  0.39406082E-24
 0.98325060E+02  0.39368725E-24
 0.98627494E+02  0.39331393E-24
 0.98930858E+02  0.39294086E-24
 0.99235156E+02  0.39256805E-24
 0.99540389E+02  0.39219549E-24
 0.99846561E+02  0.39182321E-24
 0.10015367E+03  0.39145119E-24
 0.10046173E+03  0.39107946E-24
 0.10077074E+03  0.39070801E-24
 0.10108070E+03  0.39033686E-24
 0.10139161E+03  0.38996600E-24
 0.10170347E+03  0.38959544E-24
 0.10201630E+03  0.38922519E-24
 0.10233008E+03  0.38885525E-24
 0.10264484E+03  0.38848564E-24
 0.10296056E+03  0.38811636E-24
 0.10327725E+03  0.38774741E-24
 0.10359492E+03  0.38737879E-24
 0.10391356E+03  0.38701052E-24
 0.10423318E+03  0.38664261E-24
 0.10455379E+03  0.38627505E-24
 0.10487538E+03  0.38590785E-24
 0.10519796E+03  0.38554103E-24
 0.10552154E+03  0.38517457E-24
 0.10584611E+03  0.38480850E-24
 0.10617168E+03  0.38444283E-24
 0.10649824E+03  0.38407754E-24
 0.10682582E+03  0.38371264E-24
 0.10715440E+03  0.38334816E-24
 0.10748399E+03  0.38298410E-24
 0.10781460E+03  0.38262044E-24
 0.10814622E+03  0.38225722E-24
 0.10847886E+03  0.38189443E-24
 0.10881253E+03  0.38153206E-24
 0.10914722E+03  0.38117015E-24
 0.10948294E+03  0.38080869E-24
 0.10981969E+03  0.38044769E-24
 0.11015748E+03  0.38008714E-24
 0.11049631E+03  0.37972706E-24
 0.11083618E+03  0.37936746E-24
 0.11117710E+03  0.37900834E-24
 0.11151906E+03  0.37864971E-24
 0.11186208E+03  0.37829157E-24
 0.11220615E+03  0.37793393E-24
 0.11255128E+03  0.37757680E-24
 0.11289747E+03  0.37722018E-24
 0.11324473E+03  0.37686408E-24
 0.11359306E+03  0.37650850E-24
 0.11394245E+03  0.37615346E-24
 0.11429292E+03  0.37579896E-24
 0.11464447E+03  0.37544500E-24
 0.11499710E+03  0.37509159E-24
 0.11535082E+03  0.37473873E-24
 0.11570562E+03  0.37438645E-24
 0.11606151E+03  0.37403473E-24
 0.11641850E+03  0.37368359E-24
 0.11677659E+03  0.37333303E-24
 0.11713578E+03  0.37298306E-24
 0.11749607E+03  0.37263370E-24
 0.11785747E+03  0.37228493E-24
 0.11821998E+03  0.37193677E-24
 0.11858361E+03  0.37158922E-24
 0.11894836E+03  0.37124230E-24
 0.11931423E+03  0.37089600E-24
 0.11968122E+03  0.37055035E-24
 0.12004934E+03  0.37020527E-24
 0.12041860E+03  0.36986093E-24
 0.12078899E+03  0.36951726E-24
 0.12116052E+03  0.36917424E-24
 0.12153319E+03  0.36883189E-24
 0.12190701E+03  0.36849021E-24
 0.12228198E+03  0.36814921E-24
 0.12265810E+03  0.36780890E-24
 0.12303538E+03  0.36746928E-24
 0.12341382E+03  0.36713035E-24
 0.12379342E+03  0.36679214E-24
 0.12417419E+03  0.36645463E-24
 0.12455613E+03  0.36611785E-24
 0.12493925E+03  0.36578178E-24
 0.12532355E+03  0.36544645E-24
 0.12570902E+03  0.36511186E-24
 0.12609569E+03  0.36477801E-24
 0.12648354E+03  0.36444492E-24
 0.12687259E+03  0.36411258E-24
 0.12726283E+03  0.36378101E-24
 0.12765427E+03  0.36345021E-24
 0.12804692E+03  0.36312018E-24
 0.12844077E+03  0.36279094E-24
 0.12883584E+03  0.36246249E-24
 0.12923212E+03  0.36213484E-24
 0.12962962E+03  0.36180799E-24
 0.13002834E+03  0.36148195E-24
 0.13042829E+03  0.36115673E-24
 0.13082947E+03  0.36083233E-24
 0.13123188E+03  0.36050877E-24
 0.13163553E+03  0.36018604E-24
 0.13204042E+03  0.35986415E-24
 0.13244656E+03  0.35954311E-24
 0.13285395E+03  0.35922293E-24
 0.13326259E+03  0.35890361E-24
 0.13367248E+03  0.35858517E-24
 0.13408364E+03  0.35826760E-24
 0.13449606E+03  0.35795091E-24
 0.13490975E+03  0.35763511E-24
 0.13532472E+03  0.35732020E-24
 0.13574096E+03  0.35700619E-24
 0.13615848E+03  0.35669310E-24
 0.13657728E+03  0.35638092E-24
 0.13699737E+03  0.35606966E-24
 0.13741876E+03  0.35575933E-24
 0.13784144E+03  0.35544993E-24
 0.13826542E+03  0.35514147E-24
 0.13869070E+03  0.35483397E-24
 0.13911730E+03  0.35452741E-24
 0.13954520E+03  0.35422182E-24
 0.13997442E+03  0.35391719E-24
 0.14040496E+03  0.35361354E-24
 0.14083683E+03  0.35331086E-24
 0.14127002E+03  0.35300917E-24
 0.14170455E+03  0.35270847E-24
 0.14214041E+03  0.35240877E-24
 0.14257762E+03  0.35211007E-24
 0.14301617E+03  0.35181239E-24
 0.14345606E+03  0.35151573E-24
 0.14389731E+03  0.35122009E-24
 0.14433992E+03  0.35092548E-24
 0.14478389E+03  0.35063190E-24
 0.14522922E+03  0.35033937E-24
 0.14567593E+03  0.35004789E-24
 0.14612401E+03  0.34975746E-24
 0.14657346E+03  0.34946810E-24
 0.14702430E+03  0.34917980E-24
 0.14747653E+03  0.34889257E-24
 0.14793015E+03  0.34860643E-24
 0.14838516E+03  0.34832137E-24
 0.14884157E+03  0.34803741E-24
 0.14929939E+03  0.34775454E-24
 0.14975861E+03  0.34747278E-24
 0.15021925E+03  0.34719213E-24
 0.15068130E+03  0.34691260E-24
 0.15114477E+03  0.34663419E-24
 0.15160967E+03  0.34635691E-24
 0.15207600E+03  0.34608077E-24
 0.15254377E+03  0.34580576E-24
 0.15301297E+03  0.34553191E-24
 0.15348362E+03  0.34525921E-24
 0.15395571E+03  0.34498767E-24
 0.15442926E+03  0.34471729E-24
 0.15490426E+03  0.34444808E-24
 0.15538072E+03  0.34418006E-24
 0.15585865E+03  0.34391321E-24
 0.15633805E+03  0.34364755E-24
 0.15681892E+03  0.34338309E-24
 0.15730128E+03  0.34311983E-24
 0.15778511E+03  0.34285778E-24
 0.15827044E+03  0.34259693E-24
 0.15875725E+03  0.34233731E-24
 0.15924557E+03  0.34207891E-24
 0.15973539E+03  0.34182174E-24
 0.16022671E+03  0.34156580E-24
 0.16071954E+03  0.34131111E-24
 0.16121389E+03  0.34105766E-24
 0.16170976E+03  0.34080546E-24
 0.16220716E+03  0.34055452E-24
 0.16270609E+03  0.34030484E-24
 0.16320655E+03  0.34005644E-24
 0.16370855E+03  0.33980930E-24
 0.16421209E+03  0.33956345E-24
 0.16471719E+03  0.33931888E-24
 0.16522383E+03  0.33907560E-24
 0.16573204E+03  0.33883362E-24
 0.16624181E+03  0.33859294E-24
 0.16675314E+03  0.33835356E-24
 0.16726605E+03  0.33811550E-24
 0.16778054E+03  0.33787875E-24
 0.16829661E+03  0.33764333E-24
 0.16881426E+03  0.33740924E-24
 0.16933351E+03  0.33717647E-24
 0.16985436E+03  0.33694505E-24
 0.17037681E+03  0.33671496E-24
 0.17090086E+03  0.33648623E-24
 0.17142653E+03  0.33625885E-24
 0.17195381E+03  0.33603283E-24
 0.17248272E+03  0.33580817E-24
 0.17301325E+03  0.33558488E-24
 0.17354541E+03  0.33536296E-24
 0.17407921E+03  0.33514242E-24
 0.17461466E+03  0.33492326E-24
 0.17515175E+03  0.33470549E-24
 0.17569049E+03  0.33448911E-24
 0.17623089E+03  0.33427413E-24
 0.17677295E+03  0.33406055E-24
 0.17731668E+03  0.33384838E-24
 0.17786208E+03  0.33363762E-24
 0.17840916E+03  0.33342827E-24
 0.17895792E+03  0.33322035E-24
 0.17950837E+03  0.33301385E-24
 0.18006051E+03  0.33280878E-24
 0.18061435E+03  0.33260514E-24
 0.18116989E+03  0.33240294E-24
 0.18172715E+03  0.33220219E-24
 0.18228611E+03  0.33200288E-24
 0.18284680E+03  0.33180502E-24
 0.18340921E+03  0.33160862E-24
 0.18397335E+03  0.33141368E-24
 0.18453923E+03  0.33122019E-24
 0.18510684E+03  0.33102819E-24
 0.18567621E+03  0.33083765E-24
 0.18624732E+03  0.33064858E-24
 0.18682019E+03  0.33046100E-24
 0.18739482E+03  0.33027491E-24
 0.18797122E+03  0.33009030E-24
 0.18854939E+03  0.32990718E-24
 0.18912935E+03  0.32972555E-24
 0.18971108E+03  0.32954543E-24
 0.19029460E+03  0.32936682E-24
 0.19087992E+03  0.32918971E-24
 0.19146704E+03  0.32901411E-24
 0.19205597E+03  0.32884002E-24
 0.19264671E+03  0.32866745E-24
 0.19323926E+03  0.32849641E-24
 0.19383364E+03  0.32832689E-24
 0.19442984E+03  0.32815890E-24
 0.19502788E+03  0.32799244E-24
 0.19562776E+03  0.32782752E-24
 0.19622948E+03  0.32766414E-24
 0.19683305E+03  0.32750230E-24
 0.19743849E+03  0.32734200E-24
 0.19804578E+03  0.32718326E-24
 0.19865494E+03  0.32702606E-24
 0.19926597E+03  0.32687043E-24
 0.19987889E+03  0.32671634E-24
 0.20049369E+03  0.32656383E-24
 0.20111038E+03  0.32641287E-24
 0.20172896E+03  0.32626349E-24
 0.20234945E+03  0.32611567E-24
 0.20297185E+03  0.32596943E-24
 0.20359616E+03  0.32582477E-24
 0.20422240E+03  0.32568168E-24
 0.20485056E+03  0.32554017E-24
 0.20548065E+03  0.32540025E-24
 0.20611268E+03  0.32526192E-24
 0.20674665E+03  0.32512518E-24
 0.20738257E+03  0.32499003E-24
 0.20802045E+03  0.32485647E-24
 0.20866029E+03  0.32472451E-24
 0.20930210E+03  0.32459415E-24
 0.20994589E+03  0.32446540E-24
 0.21059165E+03  0.32433825E-24
 0.21123940E+03  0.32421270E-24
 0.21188914E+03  0.32408877E-24
 0.21254088E+03  0.32396645E-24
 0.21319463E+03  0.32384574E-24
 0.21385039E+03  0.32372665E-24
 0.21450816E+03  0.32360917E-24
 0.21516796E+03  0.32349332E-24
 0.21582978E+03  0.32337909E-24
 0.21649364E+03  0.32326648E-24
 0.21715955E+03  0.32315550E-24
 0.21782750E+03  0.32304615E-24
 0.21849750E+03  0.32293843E-24
 0.21916957E+03  0.32283234E-24
 0.21984371E+03  0.32272789E-24
 0.22051991E+03  0.32262507E-24
 0.22119820E+03  0.32252389E-24
 0.22187858E+03  0.32242435E-24
 0.22256104E+03  0.32232645E-24
 0.22324561E+03  0.32223019E-24
 0.22393228E+03  0.32213558E-24
 0.22462107E+03  0.32204261E-24
 0.22531197E+03  0.32195129E-24
 0.22600500E+03  0.32186162E-24
 0.22670016E+03  0.32177360E-24
 0.22739745E+03  0.32168723E-24
 0.22809689E+03  0.32160252E-24
 0.22879849E+03  0.32151946E-24
 0.22950224E+03  0.32143805E-24
 0.23020816E+03  0.32135831E-24
 0.23091624E+03  0.32128022E-24
 0.23162651E+03  0.32120379E-24
 0.23233896E+03  0.32112902E-24
 0.23305360E+03  0.32105592E-24
 0.23377044E+03  0.32098448E-24
 0.23448949E+03  0.32091470E-24
 0.23521074E+03  0.32084660E-24
 0.23593422E+03  0.32078015E-24
 0.23665992E+03  0.32071538E-24
 0.23738785E+03  0.32065227E-24
 0.23811802E+03  0.32059084E-24
 0.23885044E+03  0.32053108E-24
 0.23958511E+03  0.32047298E-24
 0.24032204E+03  0.32041657E-24
 0.24106123E+03  0.32036182E-24
 0.24180270E+03  0.32030876E-24
 0.24254646E+03  0.32025736E-24
 0.24329249E+03  0.32020765E-24
 0.24404083E+03  0.32015961E-24
 0.24479146E+03  0.32011325E-24
 0.24554441E+03  0.32006857E-24
 0.24629967E+03  0.32002558E-24
 0.24705725E+03  0.31998426E-24
 0.24781716E+03  0.31994462E-24
 0.24857941E+03  0.31990667E-24
 0.24934401E+03  0.31987041E-24
 0.25011095E+03  0.31983582E-24
 0.25088026E+03  0.31980293E-24
 0.25165193E+03  0.31977172E-24
 0.25242598E+03  0.31974219E-24
 0.25320240E+03  0.31971436E-24
 0.25398122E+03  0.31968821E-24
 0.25476243E+03  0.31966376E-24
 0.25554604E+03  0.31964099E-24
 0.25633206E+03  0.31961992E-24
 0.25712050E+03  0.31960054E-24
 0.25791137E+03  0.31958285E-24
 0.25870467E+03  0.31956686E-24
 0.25950041E+03  0.31955256E-24
 0.26029859E+03  0.31953995E-24
 0.26109924E+03  0.31952905E-24
 0.26190234E+03  0.31951984E-24
 0.26270792E+03  0.31951233E-24
 0.26351597E+03  0.31950652E-24
 0.26432650E+03  0.31950241E-24
 0.26513954E+03  0.31950000E-24
 0.26595507E+03  0.31949930E-24
 0.26677311E+03  0.31950029E-24
 0.26759366E+03  0.31950300E-24
 0.26841674E+03  0.31950740E-24
 0.26924236E+03  0.31951352E-24
 0.27007051E+03  0.31952134E-24
 0.27090121E+03  0.31953088E-24
 0.27173446E+03  0.31954212E-24
 0.27257028E+03  0.31955508E-24
 0.27340866E+03  0.31956975E-24
 0.27424963E+03  0.31958613E-24
 0.27509318E+03  0.31960423E-24
 0.27593933E+03  0.31962405E-24
 0.27678808E+03  0.31964559E-24
 0.27763944E+03  0.31966885E-24
 0.27849342E+03  0.31969383E-24
 0.27935003E+03  0.31972053E-24
 0.28020927E+03  0.31974896E-24
 0.28107115E+03  0.31977912E-24
 0.28193569E+03  0.31981101E-24
 0.28280288E+03  0.31984463E-24
 0.28367274E+03  0.31987998E-24
 0.28454528E+03  0.31991707E-24
 0.28542050E+03  0.31995590E-24
 0.28629841E+03  0.31999646E-24
 0.28717903E+03  0.32003877E-24
 0.28806235E+03  0.32008282E-24
 0.28894839E+03  0.32012862E-24
 0.28983715E+03  0.32017617E-24
 0.29072865E+03  0.32022548E-24
 0.29162289E+03  0.32027653E-24
 0.29251988E+03  0.32032935E-24
 0.29341963E+03  0.32038392E-24
 0.29432215E+03  0.32044026E-24
 0.29522744E+03  0.32049837E-24
 0.29613552E+03  0.32055824E-24
 0.29704639E+03  0.32061989E-24
 0.29796006E+03  0.32068331E-24
 0.29887654E+03  0.32074852E-24
 0.29979584E+03  0.32081551E-24
 0.30071797E+03  0.32088428E-24
 0.30164294E+03  0.32095485E-24
 0.30257075E+03  0.32102722E-24
 0.30350142E+03  0.32110138E-24
 0.30443494E+03  0.32117734E-24
 0.30537134E+03  0.32125512E-24
 0.30631062E+03  0.32133470E-24
 0.30725279E+03  0.32141611E-24
 0.30819785E+03  0.32149933E-24
 0.30914583E+03  0.32158438E-24
 0.31009672E+03  0.32167126E-24
 0.31105053E+03  0.32175998E-24
 0.31200728E+03  0.32185054E-24
 0.31296697E+03  0.32194295E-24
 0.31392961E+03  0.32203721E-24
 0.31489521E+03  0.32213333E-24
 0.31586378E+03  0.32223132E-24
 0.31683534E+03  0.32233117E-24
 0.31780988E+03  0.32243291E-24
 0.31878741E+03  0.32253652E-24
 0.31976796E+03  0.32264202E-24
 0.32075152E+03  0.32274943E-24
 0.32173811E+03  0.32285873E-24
 0.32272773E+03  0.32296994E-24
 0.32372039E+03  0.32308308E-24
 0.32471611E+03  0.32319813E-24
 0.32571489E+03  0.32331512E-24
 0.32671674E+03  0.32343405E-24
 0.32772168E+03  0.32355493E-24
 0.32872970E+03  0.32367776E-24
 0.32974083E+03  0.32380256E-24
 0.33075506E+03  0.32392933E-24
 0.33177242E+03  0.32405809E-24
 0.33279290E+03  0.32418883E-24
 0.33381653E+03  0.32432158E-24
 0.33484330E+03  0.32445633E-24
 0.33587323E+03  0.32459310E-24
 0.33690633E+03  0.32473190E-24
 0.33794261E+03  0.32487274E-24
 0.33898207E+03  0.32501562E-24
 0.34002473E+03  0.32516057E-24
 0.34107060E+03  0.32530758E-24
 0.34211968E+03  0.32545667E-24
 0.34317199E+03  0.32560785E-24
 0.34422754E+03  0.32576114E-24
 0.34528634E+03  0.32591654E-24
 0.34634839E+03  0.32607406E-24
 0.34741371E+03  0.32623372E-24
 0.34848230E+03  0.32639553E-24
 0.34955418E+03  0.32655950E-24
 0.35062936E+03  0.32672564E-24
 0.35170785E+03  0.32689397E-24
 0.35278965E+03  0.32706449E-24
 0.35387478E+03  0.32723723E-24
 0.35496325E+03  0.32741219E-24
 0.35605507E+03  0.32758940E-24
 0.35715024E+03  0.32776885E-24
 0.35824879E+03  0.32795058E-24
 0.35935071E+03  0.32813458E-24
 0.36045602E+03  0.32832088E-24
 0.36156473E+03  0.32850949E-24
 0.36267685E+03  0.32870042E-24
 0.36379240E+03  0.32889370E-24
 0.36491137E+03  0.32908933E-24
 0.36603379E+03  0.32928733E-24
 0.36715965E+03  0.32948772E-24
 0.36828898E+03  0.32969051E-24
 0.36942179E+03  0.32989572E-24
 0.37055808E+03  0.33010337E-24
 0.37169786E+03  0.33031347E-24
 0.37284115E+03  0.33052604E-24
 0.37398796E+03  0.33074110E-24
 0.37513829E+03  0.33095866E-24
 0.37629216E+03  0.33117874E-24
 0.37744959E+03  0.33140136E-24
 0.37861057E+03  0.33162654E-24
 0.37977512E+03  0.33185429E-24
 0.38094325E+03  0.33208464E-24
 0.38211498E+03  0.33231760E-24
 0.38329031E+03  0.33255318E-24
 0.38446926E+03  0.33279142E-24
 0.38565183E+03  0.33303233E-24
 0.38683804E+03  0.33327593E-24
 0.38802790E+03  0.33352223E-24
 0.38922142E+03  0.33377126E-24
 0.39041861E+03  0.33402303E-24
 0.39161948E+03  0.33427757E-24
 0.39282405E+03  0.33453490E-24
 0.39403232E+03  0.33479503E-24
 0.39524431E+03  0.33505799E-24
 0.39646002E+03  0.33532380E-24
 0.39767948E+03  0.33559247E-24
 0.39890268E+03  0.33586403E-24
 0.40012965E+03  0.33613850E-24
 0.40136039E+03  0.33641590E-24
 0.40259492E+03  0.33669625E-24
 0.40383324E+03  0.33697956E-24
 0.40507538E+03  0.33726587E-24
 0.40632133E+03  0.33755519E-24
 0.40757112E+03  0.33784755E-24
 0.40882475E+03  0.33814295E-24
 0.41008224E+03  0.33844143E-24
 0.41134359E+03  0.33874301E-24
 0.41260883E+03  0.33904771E-24
 0.41387795E+03  0.33935553E-24
 0.41515098E+03  0.33966652E-24
 0.41642793E+03  0.33998069E-24
 0.41770880E+03  0.34029806E-24
 0.41899361E+03  0.34061864E-24
 0.42028238E+03  0.34094247E-24
 0.42157511E+03  0.34126956E-24
 0.42287181E+03  0.34159992E-24
 0.42417251E+03  0.34193359E-24
 0.42547720E+03  0.34227057E-24
 0.42678591E+03  0.34261090E-24
 0.42809864E+03  0.34295458E-24
 0.42941541E+03  0.34330164E-24
 0.43073623E+03  0.34365210E-24
 0.43206111E+03  0.34400597E-24
 0.43339007E+03  0.34436327E-24
 0.43472312E+03  0.34472402E-24
 0.43606027E+03  0.34508824E-24
 0.43740153E+03  0.34545594E-24
 0.43874691E+03  0.34582713E-24
 0.44009643E+03  0.34620185E-24
 0.44145011E+03  0.34658009E-24
 0.44280795E+03  0.34696188E-24
 0.44416996E+03  0.34734723E-24
 0.44553616E+03  0.34773615E-24
 0.44690657E+03  0.34812866E-24
 0.44828119E+03  0.34852476E-24
 0.44966004E+03  0.34892447E-24
 0.45104313E+03  0.34932780E-24
 0.45243047E+03  0.34973476E-24
 0.45382209E+03  0.35014537E-24
 0.45521798E+03  0.35055961E-24
 0.45661816E+03  0.35097751E-24
 0.45802266E+03  0.35139907E-24
 0.45943147E+03  0.35182429E-24
 0.46084462E+03  0.35225319E-24
 0.46226211E+03  0.35268575E-24
 0.46368396E+03  0.35312199E-24
 0.46511019E+03  0.35356191E-24
 0.46654080E+03  0.35400550E-24
 0.46797581E+03  0.35445275E-24
 0.46941524E+03  0.35490368E-24
 0.47085910E+03  0.35535828E-24
 0.47230739E+03  0.35581652E-24
 0.47376014E+03  0.35627842E-24
 0.47521736E+03  0.35674396E-24
 0.47667906E+03  0.35721313E-24
 0.47814526E+03  0.35768591E-24
 0.47961597E+03  0.35816229E-24
 0.48109120E+03  0.35864226E-24
 0.48257096E+03  0.35912579E-24
 0.48405528E+03  0.35961287E-24
 0.48554417E+03  0.36010347E-24
 0.48703763E+03  0.36059757E-24
 0.48853569E+03  0.36109514E-24
 0.49003836E+03  0.36159614E-24
 0.49154565E+03  0.36210056E-24
 0.49305757E+03  0.36260834E-24
 0.49457415E+03  0.36311947E-24
 0.49609539E+03  0.36363389E-24
 0.49762131E+03  0.36415156E-24
 0.49915192E+03  0.36467244E-24
 0.50068724E+03  0.36519648E-24
 0.50222728E+03  0.36572363E-24
 0.50377206E+03  0.36625382E-24
 0.50532159E+03  0.36678702E-24
 0.50687589E+03  0.36732314E-24
 0.50843497E+03  0.36786213E-24
 0.50999884E+03  0.36840392E-24
 0.51156753E+03  0.36894843E-24
 0.51314103E+03  0.36949559E-24
 0.51471938E+03  0.37004532E-24
 0.51630259E+03  0.37059753E-24
 0.51789066E+03  0.37115213E-24
 0.51948362E+03  0.37170903E-24
 0.52108148E+03  0.37226814E-24
 0.52268425E+03  0.37282934E-24
 0.52429195E+03  0.37339253E-24
 0.52590460E+03  0.37395761E-24
 0.52752221E+03  0.37452444E-24
 0.52914479E+03  0.37509291E-24
 0.53077236E+03  0.37566289E-24
 0.53240495E+03  0.37623425E-24
 0.53404255E+03  0.37680684E-24
 0.53568519E+03  0.37738052E-24
 0.53733288E+03  0.37795514E-24
 0.53898564E+03  0.37853053E-24
 0.54064348E+03  0.37910654E-24
 0.54230642E+03  0.37968299E-24
 0.54397448E+03  0.38025971E-24
 0.54564767E+03  0.38083650E-24
 0.54732600E+03  0.38141317E-24
 0.54900950E+03  0.38198954E-24
 0.55069818E+03  0.37755839E-24
 0.55239205E+03  0.37824247E-24
 0.55409112E+03  0.37892925E-24
 0.55579543E+03  0.37961874E-24
 0.55750498E+03  0.38031096E-24
 0.55921978E+03  0.38100590E-24
 0.56093986E+03  0.38170359E-24
 0.56266524E+03  0.38240404E-24
 0.56439591E+03  0.38310724E-24
 0.56613192E+03  0.38381323E-24
 0.56787326E+03  0.38452201E-24
 0.56961995E+03  0.38523358E-24
 0.57137202E+03  0.38594796E-24
 0.57312948E+03  0.38666517E-24
 0.57489235E+03  0.38738522E-24
 0.57666064E+03  0.38810810E-24
 0.57843436E+03  0.38883385E-24
 0.58021354E+03  0.38956246E-24
 0.58199820E+03  0.39029396E-24
 0.58378834E+03  0.39102834E-24
 0.58558399E+03  0.39176563E-24
 0.58738517E+03  0.39250584E-24
 0.58919188E+03  0.39324898E-24
 0.59100415E+03  0.39399505E-24
 0.59282199E+03  0.39474408E-24
 0.59464543E+03  0.39549607E-24
 0.59647448E+03  0.39625104E-24
 0.59830915E+03  0.39700899E-24
 0.60014946E+03  0.39776995E-24
 0.60199543E+03  0.39853391E-24
 0.60384709E+03  0.39930091E-24
 0.60570443E+03  0.40007093E-24
 0.60756750E+03  0.40084402E-24
 0.60943629E+03  0.40162016E-24
 0.61131083E+03  0.40239937E-24
 0.61319113E+03  0.40318167E-24
 0.61507722E+03  0.40396707E-24
 0.61696911E+03  0.40475558E-24
 0.61886682E+03  0.40554722E-24
 0.62077037E+03  0.40634199E-24
 0.62267977E+03  0.40713991E-24
 0.62459504E+03  0.40794099E-24
 0.62651621E+03  0.40874525E-24
 0.62844328E+03  0.40955270E-24
 0.63037629E+03  0.41036335E-24
 0.63231523E+03  0.41117721E-24
 0.63426014E+03  0.41199429E-24
 0.63621104E+03  0.41281462E-24
 0.63816793E+03  0.41363820E-24
 0.64013085E+03  0.41446505E-24
 0.64209980E+03  0.41529518E-24
 0.64407481E+03  0.41612860E-24
 0.64605589E+03  0.41696532E-24
 0.64804307E+03  0.41780536E-24
 0.65003635E+03  0.41864873E-24
 0.65203577E+03  0.41949545E-24
 0.65404134E+03  0.42034553E-24
 0.65605308E+03  0.42119898E-24
 0.65807101E+03  0.42205582E-24
 0.66009514E+03  0.42291606E-24
 0.66212550E+03  0.42377971E-24
 0.66416210E+03  0.42464678E-24
 0.66620497E+03  0.42551730E-24
 0.66825412E+03  0.42639127E-24
 0.67030958E+03  0.42726872E-24
 0.67237136E+03  0.42814964E-24
 0.67443947E+03  0.42903405E-24
 0.67651395E+03  0.42992198E-24
 0.67859481E+03  0.43081344E-24
 0.68068208E+03  0.43170843E-24
 0.68277576E+03  0.43260697E-24
 0.68487588E+03  0.43350908E-24
 0.68698246E+03  0.43441477E-24
 0.68909552E+03  0.43532405E-24
 0.69121508E+03  0.43623694E-24
 0.69334116E+03  0.43715346E-24
 0.69547378E+03  0.43807362E-24
 0.69761296E+03  0.43899742E-24
 0.69975872E+03  0.43992490E-24
 0.70191107E+03  0.44085605E-24
 0.70407005E+03  0.44179090E-24
 0.70623567E+03  0.44272946E-24
 0.70840795E+03  0.44367174E-24
 0.71058691E+03  0.44461777E-24
 0.71277258E+03  0.44556755E-24
 0.71496497E+03  0.44652110E-24
 0.71716410E+03  0.44747843E-24
 0.71936999E+03  0.44843957E-24
 0.72158267E+03  0.44940451E-24
 0.72380216E+03  0.45037329E-24
 0.72602847E+03  0.45134591E-24
 0.72826163E+03  0.45232239E-24
 0.73050166E+03  0.45330274E-24
 0.73274858E+03  0.45428699E-24
 0.73500241E+03  0.45527514E-24
 0.73726317E+03  0.45626721E-24
 0.73953089E+03  0.45726321E-24
 0.74180558E+03  0.45826317E-24
 0.74408727E+03  0.45926709E-24
 0.74637598E+03  0.46027500E-24
 0.74867172E+03  0.46128690E-24
 0.75097453E+03  0.46230281E-24
 0.75328442E+03  0.46332276E-24
 0.75560142E+03  0.46434675E-24
 0.75792554E+03  0.46537479E-24
 0.76025681E+03  0.46640692E-24
 0.76259525E+03  0.46744313E-24
 0.76494089E+03  0.46848346E-24
 0.76729374E+03  0.46952790E-24
 0.76965382E+03  0.47057649E-24
 0.77202117E+03  0.47162923E-24
 0.77439580E+03  0.47268615E-24
 0.77677773E+03  0.47374725E-24
 0.77916699E+03  0.47481255E-24
 0.78156359E+03  0.47588207E-24
 0.78396757E+03  0.47695583E-24
 0.78637895E+03  0.47803385E-24
 0.78879774E+03  0.47911613E-24
 0.79122397E+03  0.48020270E-24
 0.79365766E+03  0.48129357E-24
 0.79609884E+03  0.48238876E-24
 0.79854752E+03  0.48348828E-24
 0.80100374E+03  0.48459215E-24
 0.80346752E+03  0.48570039E-24
 0.80593887E+03  0.48681302E-24
 0.80841782E+03  0.48793004E-24
 0.81090440E+03  0.48905149E-24
 0.81339863E+03  0.49017737E-24
 0.81590052E+03  0.49130770E-24
 0.81841012E+03  0.49244251E-24
 0.82092743E+03  0.49358179E-24
 0.82345249E+03  0.49472558E-24
 0.82598531E+03  0.49587389E-24
 0.82852592E+03  0.49702673E-24
 0.83107435E+03  0.49818413E-24
 0.83363062E+03  0.49934610E-24
 0.83619475E+03  0.50051265E-24
 0.83876676E+03  0.50168381E-24
 0.84134669E+03  0.50285960E-24
 0.84393456E+03  0.50404002E-24
 0.84653038E+03  0.50522510E-24
 0.84913419E+03  0.50641486E-24
 0.85174600E+03  0.50760931E-24
 0.85436585E+03  0.50880846E-24
 0.85699376E+03  0.51001235E-24
 0.85962975E+03  0.51122098E-24
 0.86227385E+03  0.51243437E-24
 0.86492608E+03  0.51365254E-24
 0.86758647E+03  0.51487550E-24
 0.87025504E+03  0.51610329E-24
 0.87293182E+03  0.51733590E-24
 0.87561684E+03  0.51857337E-24
 0.87831011E+03  0.51981571E-24
 0.88101167E+03  0.52106293E-24
 0.88372154E+03  0.52231506E-24
 0.88643974E+03  0.52357211E-24
 0.88916630E+03  0.52483410E-24
 0.89190125E+03  0.52610105E-24
 0.89464461E+03  0.52737298E-24
 0.89739641E+03  0.52864990E-24
 0.90015667E+03  0.52993183E-24
 0.90292543E+03  0.53121880E-24
 0.90570270E+03  0.53251082E-24
 0.90848851E+03  0.53380790E-24
 0.91128289E+03  0.53511007E-24
 0.91408587E+03  0.53641735E-24
 0.91689747E+03  0.53772975E-24
 0.91971771E+03  0.53904728E-24
 0.92254664E+03  0.54036999E-24
 0.92538426E+03  0.54169786E-24
 0.92823061E+03  0.54303094E-24
 0.93108571E+03  0.54436923E-24
 0.93394960E+03  0.54571275E-24
 0.93682230E+03  0.54706153E-24
 0.93970383E+03  0.54841558E-24
 0.94259423E+03  0.54977492E-24
 0.94549351E+03  0.55113956E-24
 0.94840172E+03  0.55250954E-24
 0.95131886E+03  0.55388486E-24
 0.95424499E+03  0.55526555E-24
 0.95718011E+03  0.55665162E-24
 0.96012426E+03  0.55804310E-24
 0.96307746E+03  0.55943999E-24
 0.96603975E+03  0.56084233E-24
 0.96901115E+03  0.56225012E-24
 0.97199169E+03  0.56366340E-24
 0.97498140E+03  0.56508217E-24
 0.97798031E+03  0.56650647E-24
 0.98098844E+03  0.56793630E-24
 0.98400582E+03  0.56937168E-24
 0.98703248E+03  0.57081263E-24
 0.99006845E+03  0.57225918E-24
 0.99311376E+03  0.57371135E-24
 0.99616844E+03  0.57516914E-24
 0.99923251E+03  0.57663259E-24
 0.10023060E+04  0.57810170E-24
 0.10053890E+04  0.57957651E-24
 0.10084814E+04  0.58105703E-24
 0.10115833E+04  0.58254327E-24
 0.10146948E+04  0.58403525E-24
 0.10178159E+04  0.58553301E-24
 0.10209465E+04  0.58703656E-24
 0.10240868E+04  0.58854590E-24
 0.10272368E+04  0.59006108E-24
 0.10303964E+04  0.59158210E-24
 0.10335658E+04  0.59310898E-24
 0.10367449E+04  0.59464175E-24
 0.10399337E+04  0.59618042E-24
 0.10431324E+04  0.59772500E-24
 0.10463410E+04  0.59927554E-24
 0.10495594E+04  0.60083204E-24
 0.10527876E+04  0.60239451E-24
 0.10560259E+04  0.60396299E-24
 0.10592741E+04  0.60553748E-24
 0.10625322E+04  0.60711802E-24
 0.10658004E+04  0.60870461E-24
 0.10690787E+04  0.61029728E-24
 0.10723670E+04  0.61189605E-24
 0.10756655E+04  0.61350093E-24
 0.10789741E+04  0.61511196E-24
 0.10822928E+04  0.61672914E-24
 0.10856218E+04  0.61835250E-24
 0.10889610E+04  0.61998205E-24
 0.10923105E+04  0.62161782E-24
 0.10956703E+04  0.62325982E-24
 0.10990404E+04  0.62490809E-24
 0.11024209E+04  0.62656262E-24
 0.11058118E+04  0.62822345E-24
 0.11092131E+04  0.62989059E-24
 0.11126249E+04  0.63156406E-24
 0.11160472E+04  0.63324389E-24
 0.11194800E+04  0.63493008E-24
 0.11229234E+04  0.63662267E-24
 0.11263773E+04  0.63832167E-24
 0.11298419E+04  0.64002711E-24
 0.11333171E+04  0.64173898E-24
 0.11368030E+04  0.64345733E-24
 0.11402997E+04  0.64518218E-24
 0.11438071E+04  0.64691353E-24
 0.11473253E+04  0.64865140E-24
 0.11508543E+04  0.65039582E-24
 0.11543942E+04  0.65214682E-24
 0.11579449E+04  0.65390439E-24
 0.11615066E+04  0.65566857E-24
 0.11650792E+04  0.65743937E-24
 0.11686628E+04  0.65921683E-24
 0.11722575E+04  0.66100094E-24
 0.11758632E+04  0.66279174E-24
 0.11794800E+04  0.66458925E-24
 0.11831079E+04  0.66639346E-24
 0.11867469E+04  0.66820443E-24
 0.11903972E+04  0.67002215E-24
 0.11940587E+04  0.67184665E-24
 0.11977314E+04  0.67367799E-24
 0.12014155E+04  0.67887074E-24
 0.12051109E+04  0.68088797E-24
 0.12088176E+04  0.68291138E-24
 0.12125358E+04  0.68494098E-24
 0.12162654E+04  0.68697681E-24
 0.12200064E+04  0.68901887E-24
 0.12237590E+04  0.69106718E-24
 0.12275231E+04  0.69312177E-24
 0.12312988E+04  0.69518266E-24
 0.12350861E+04  0.69724986E-24
 0.12388850E+04  0.69932338E-24
 0.12426957E+04  0.70140327E-24
 0.12465180E+04  0.70348952E-24
 0.12503521E+04  0.70558216E-24
 0.12541981E+04  0.70768121E-24
 0.12580558E+04  0.70978669E-24
 0.12619254E+04  0.71189862E-24
 0.12658069E+04  0.71401703E-24
 0.12697003E+04  0.71614192E-24
 0.12736058E+04  0.71827331E-24
 0.12775232E+04  0.72041125E-24
 0.12814527E+04  0.72255573E-24
 0.12853942E+04  0.72470678E-24
 0.12893479E+04  0.72686441E-24
 0.12933138E+04  0.72902865E-24
 0.12972918E+04  0.73119953E-24
 0.13012821E+04  0.73337705E-24
 0.13052847E+04  0.73556125E-24
 0.13092995E+04  0.73775213E-24
 0.13133268E+04  0.73994972E-24
 0.13173664E+04  0.74215406E-24
 0.13214184E+04  0.74436513E-24
 0.13254829E+04  0.74658299E-24
 0.13295599E+04  0.74880764E-24
 0.13336494E+04  0.75103910E-24
 0.13377515E+04  0.75327740E-24
 0.13418663E+04  0.75552255E-24
 0.13459937E+04  0.75777458E-24
 0.13501337E+04  0.76003351E-24
 0.13542866E+04  0.76229936E-24
 0.13584522E+04  0.76457216E-24
 0.13626306E+04  0.76685190E-24
 0.13668218E+04  0.76913864E-24
 0.13710260E+04  0.77143238E-24
 0.13752431E+04  0.77373314E-24
 0.13794731E+04  0.77604096E-24
 0.13837162E+04  0.77835584E-24
 0.13879723E+04  0.78067782E-24
 0.13922415E+04  0.78300690E-24
 0.13965238E+04  0.78534313E-24
 0.14008193E+04  0.78768651E-24
 0.14051281E+04  0.79003707E-24
 0.14094500E+04  0.79239483E-24
 0.14137853E+04  0.79475980E-24
 0.14181339E+04  0.79713203E-24
 0.14224959E+04  0.79951152E-24
 0.14268713E+04  0.80189830E-24
 0.14312601E+04  0.80429239E-24
 0.14356625E+04  0.80669381E-24
 0.14400784E+04  0.80910260E-24
 0.14445079E+04  0.81151875E-24
 0.14489510E+04  0.81394231E-24
 0.14534077E+04  0.81637329E-24
 0.14578782E+04  0.81881173E-24
 0.14623624E+04  0.82125763E-24
 0.14668604E+04  0.82371102E-24
 0.14713723E+04  0.82617193E-24
 0.14758980E+04  0.82864037E-24
 0.14804377E+04  0.83111638E-24
 0.14849913E+04  0.83359998E-24
 0.14895589E+04  0.83609117E-24
 0.14941406E+04  0.83859000E-24
 0.14987364E+04  0.84109649E-24
 0.15033463E+04  0.84361065E-24
 0.15079703E+04  0.84613252E-24
 0.15126086E+04  0.84866211E-24
 0.15172612E+04  0.85119944E-24
 0.15219281E+04  0.85374456E-24
 0.15266093E+04  0.85629747E-24
 0.15313050E+04  0.85885819E-24
 0.15360150E+04  0.86142677E-24
 0.15407396E+04  0.86400321E-24
 0.15454787E+04  0.86658753E-24
 0.15502324E+04  0.86917979E-24
 0.15550007E+04  0.87177998E-24
 0.15597836E+04  0.87438813E-24
 0.15645813E+04  0.87700428E-24
 0.15693937E+04  0.87962843E-24
 0.15742210E+04  0.88226062E-24
 0.15790630E+04  0.88490089E-24
 0.15839200E+04  0.88754923E-24
 0.15887919E+04  0.89020569E-24
 0.15936788E+04  0.89287028E-24
 0.15985807E+04  0.89554305E-24
 0.16034978E+04  0.89822399E-24
 0.16084299E+04  0.90091314E-24
 0.16133772E+04  0.90361054E-24
 0.16183397E+04  0.90631620E-24
 0.16233175E+04  0.90903014E-24
 0.16283106E+04  0.91175240E-24
 0.16333190E+04  0.91448300E-24
 0.16383429E+04  0.91722197E-24
 0.16433822E+04  0.91996932E-24
 0.16484370E+04  0.92272509E-24
 0.16535074E+04  0.92548930E-24
 0.16585933E+04  0.92826197E-24
 0.16636949E+04  0.93104315E-24
 0.16688122E+04  0.93383284E-24
 0.16739452E+04  0.93663107E-24
 0.16790941E+04  0.93943788E-24
 0.16842587E+04  0.94225329E-24
 0.16894393E+04  0.94507732E-24
 0.16946357E+04  0.94791000E-24
 0.16998482E+04  0.95075135E-24
 0.17050767E+04  0.95360142E-24
 0.17103213E+04  0.95646020E-24
 0.17155820E+04  0.95932776E-24
 0.17208588E+04  0.96220408E-24
 0.17261520E+04  0.96508923E-24
 0.17314614E+04  0.96798321E-24
 0.17367871E+04  0.97088606E-24
 0.17421292E+04  0.97379780E-24
 0.17474877E+04  0.97671845E-24
 0.17528628E+04  0.97964806E-24
 0.17582543E+04  0.98258664E-24
 0.17636625E+04  0.98553422E-24
 0.17690872E+04  0.98849083E-24
 0.17745287E+04  0.99145649E-24
 0.17799869E+04  0.99443124E-24
 0.17854619E+04  0.99741510E-24
 0.17909537E+04  0.10004081E-23
 0.17964624E+04  0.10034103E-23
 0.18019881E+04  0.10064216E-23
 0.18075308E+04  0.10094423E-23
 0.18130905E+04  0.10124721E-23
 0.18186673E+04  0.10155112E-23
 0.18242612E+04  0.10185596E-23
 0.18298724E+04  0.10216174E-23
 0.18355008E+04  0.10246845E-23
 0.18411466E+04  0.10277611E-23
 0.18468097E+04  0.10308471E-23
 0.18524902E+04  0.10339425E-23
 0.18581882E+04  0.10370474E-23
 0.18639037E+04  0.10401618E-23
 0.18696368E+04  0.10432857E-23
 0.18753876E+04  0.10464192E-23
 0.18811560E+04  0.10495623E-23
 0.18869422E+04  0.10527151E-23
 0.18927461E+04  0.10558775E-23
 0.18985679E+04  0.10590495E-23
 0.19044077E+04  0.10622314E-23
 0.19102653E+04  0.10654229E-23
 0.19161411E+04  0.10686243E-23
 0.19220348E+04  0.10718354E-23
 0.19279467E+04  0.10750563E-23
 0.19338768E+04  0.10782872E-23
 0.19398252E+04  0.10815279E-23
 0.19457918E+04  0.10847786E-23
 0.19517768E+04  0.10880392E-23
 0.19577802E+04  0.10913098E-23
 0.19638020E+04  0.10945904E-23
 0.19698424E+04  0.10978811E-23
 0.19759013E+04  0.11011818E-23
 0.19819789E+04  0.11044927E-23
 0.19880752E+04  0.11078137E-23
 0.19941903E+04  0.11111449E-23
 0.20003241E+04  0.11144863E-23
 0.20064768E+04  0.11178379E-23
 0.20126484E+04  0.11211998E-23
 0.20188391E+04  0.11245720E-23
 0.20250487E+04  0.11279545E-23
 0.20312775E+04  0.11313474E-23
 0.20375254E+04  0.11347506E-23
 0.20437926E+04  0.11381643E-23
 0.20500790E+04  0.11415885E-23
 0.20563847E+04  0.11450231E-23
 0.20627099E+04  0.11484683E-23
 0.20690545E+04  0.11519240E-23
 0.20754186E+04  0.11553903E-23
 0.20818023E+04  0.11588672E-23
 0.20882056E+04  0.11623547E-23
 0.20946286E+04  0.11658530E-23
 0.21010714E+04  0.11693620E-23
 0.21075340E+04  0.11728817E-23
 0.21140165E+04  0.11764122E-23
 0.21205189E+04  0.11799535E-23
 0.21270413E+04  0.11835056E-23
 0.21335838E+04  0.11870687E-23
 0.21401464E+04  0.11906427E-23
 0.21467292E+04  0.11942276E-23
 0.21533322E+04  0.11978234E-23
 0.21599556E+04  0.12014304E-23
 0.21665993E+04  0.12050483E-23
 0.21732634E+04  0.12086773E-23
 0.21799481E+04  0.12123175E-23
 0.21866533E+04  0.12159688E-23
 0.21933791E+04  0.12196312E-23
 0.22001256E+04  0.12233049E-23
 0.22068929E+04  0.12269899E-23
 0.22136810E+04  0.12306861E-23
 0.22204900E+04  0.12343937E-23
 0.22273199E+04  0.12381126E-23
 0.22341708E+04  0.12418429E-23
 0.22410428E+04  0.12455847E-23
 0.22479359E+04  0.12493379E-23
 0.22548503E+04  0.12531026E-23
 0.22617859E+04  0.12568788E-23
 0.22687428E+04  0.12606666E-23
 0.22757211E+04  0.12644660E-23
 0.22827209E+04  0.12682771E-23
 0.22897422E+04  0.12720998E-23
 0.22967852E+04  0.12759342E-23
 0.23038497E+04  0.12797804E-23
 0.23109361E+04  0.12836384E-23
 0.23180442E+04  0.12875081E-23
 0.23251741E+04  0.12913897E-23
 0.23323261E+04  0.12952833E-23
 0.23395000E+04  0.12991887E-23
 0.23466959E+04  0.13031061E-23
 0.23539140E+04  0.13070355E-23
 0.23611543E+04  0.13109769E-23
 0.23684169E+04  0.13149304E-23
 0.23757018E+04  0.13188961E-23
 0.23830091E+04  0.13228738E-23
 0.23903389E+04  0.13268638E-23
 0.23976913E+04  0.13308660E-23
 0.24050662E+04  0.13348804E-23
 0.24124639E+04  0.13389072E-23
 0.24198843E+04  0.13429462E-23
 0.24273275E+04  0.13469977E-23
 0.24347936E+04  0.13510615E-23
 0.24422827E+04  0.13551378E-23
 0.24497948E+04  0.13592266E-23
 0.24573300E+04  0.13633279E-23
 0.24648884E+04  0.13674418E-23
 0.24724701E+04  0.13715683E-23
 0.24800750E+04  0.13757074E-23
 0.24877034E+04  0.13798592E-23
 0.24953552E+04  0.13840237E-23
 0.25030306E+04  0.13882010E-23
 0.25107295E+04  0.13923911E-23
 0.25184522E+04  0.13965940E-23
 0.25261986E+04  0.14008098E-23
 0.25339688E+04  0.14050384E-23
 0.25417630E+04  0.14092801E-23
 0.25495811E+04  0.14135348E-23
 0.25574232E+04  0.14178024E-23
 0.25652895E+04  0.14220832E-23
 0.25731799E+04  0.14263770E-23
 0.25810947E+04  0.14306840E-23
 0.25890338E+04  0.14350043E-23
 0.25969973E+04  0.14393377E-23
 0.26049852E+04  0.14436844E-23
 0.26129978E+04  0.14480444E-23
 0.26210350E+04  0.14524178E-23
 0.26290970E+04  0.14568046E-23
 0.26371837E+04  0.14612048E-23
 0.26452953E+04  0.14656185E-23
 0.26534318E+04  0.14700457E-23
 0.26615934E+04  0.14744865E-23
 0.26697801E+04  0.14789409E-23
 0.26779920E+04  0.14834089E-23
 0.26862291E+04  0.14878906E-23
 0.26944915E+04  0.14923861E-23
 0.27027794E+04  0.14968953E-23
 0.27110928E+04  0.15014183E-23
 0.27194317E+04  0.15059552E-23
 0.27277963E+04  0.15105060E-23
 0.27361866E+04  0.15150707E-23
 0.27446027E+04  0.15196494E-23
 0.27530448E+04  0.15242422E-23
 0.27615127E+04  0.15288489E-23
 0.27700067E+04  0.15334698E-23
 0.27785269E+04  0.15381049E-23
 0.27870732E+04  0.15427541E-23
 0.27956459E+04  0.15474177E-23
 0.28042449E+04  0.15520955E-23
 0.28128704E+04  0.15567876E-23
 0.28215223E+04  0.15614940E-23
 0.28302010E+04  0.15662150E-23
 0.28389062E+04  0.15709503E-23
 0.28476383E+04  0.15757002E-23
 0.28563972E+04  0.15804646E-23
 0.28651831E+04  0.15852436E-23
 0.28739960E+04  0.15900373E-23
 0.28828360E+04  0.15948457E-23
 0.28917032E+04  0.15996687E-23
 0.29005977E+04  0.16045066E-23
 0.29095195E+04  0.16093592E-23
 0.29184688E+04  0.16142268E-23
 0.29274456E+04  0.16191092E-23
 0.29364500E+04  0.16240066E-23
 0.29454821E+04  0.16289190E-23
 0.29545420E+04  0.16338465E-23
 0.29636297E+04  0.16387890E-23
 0.29727454E+04  0.16437467E-23
 0.29818892E+04  0.16487196E-23
 0.29910610E+04  0.16537076E-23
 0.30002611E+04  0.16587110E-23
 0.30094895E+04  0.16637298E-23
 0.30187463E+04  0.16687639E-23
 0.30280315E+04  0.16738133E-23
 0.30373453E+04  0.16788783E-23
 0.30466877E+04  0.16839588E-23
 0.30560589E+04  0.16890548E-23
 0.30654589E+04  0.16941665E-23
 0.30748878E+04  0.16992938E-23
 0.30843457E+04  0.17044368E-23
 0.30938327E+04  0.17095956E-23
 0.31033489E+04  0.17147702E-23
 0.31128944E+04  0.17199606E-23
 0.31224692E+04  0.17251669E-23
 0.31320735E+04  0.17303892E-23
 0.31417073E+04  0.17356275E-23
 0.31513708E+04  0.17408818E-23
 0.31610639E+04  0.17461522E-23
 0.31707869E+04  0.17514388E-23
 0.31805398E+04  0.17567416E-23
 0.31903227E+04  0.17620606E-23
 0.32001357E+04  0.17673959E-23
 0.32099788E+04  0.17727475E-23
 0.32198523E+04  0.17781155E-23
 0.32297561E+04  0.17835000E-23
 0.32396903E+04  0.17889009E-23
 0.32496552E+04  0.17943185E-23
 0.32596506E+04  0.17997525E-23
 0.32696769E+04  0.18052033E-23
 0.32797339E+04  0.18106707E-23
 0.32898219E+04  0.18161549E-23
 0.32999410E+04  0.18216560E-23
 0.33100911E+04  0.18271738E-23
 0.33202725E+04  0.18327086E-23
 0.33304852E+04  0.18382603E-23
 0.33407293E+04  0.18438290E-23
 0.33510049E+04  0.18494148E-23
 0.33613121E+04  0.18550176E-23
 0.33716510E+04  0.18606377E-23
 0.33820217E+04  0.18662749E-23
 0.33924243E+04  0.18719294E-23
 0.34028590E+04  0.18776013E-23
 0.34133257E+04  0.18832905E-23
 0.34238246E+04  0.18889972E-23
 0.34343558E+04  0.18947213E-23
 0.34449194E+04  0.19004630E-23
 0.34555154E+04  0.19062222E-23
 0.34661441E+04  0.19119991E-23
 0.34768055E+04  0.19177937E-23
 0.34874996E+04  0.19236060E-23
 0.34982267E+04  0.19294362E-23
 0.35089867E+04  0.19352842E-23
 0.35197799E+04  0.19411501E-23
 0.35306062E+04  0.19470340E-23
 0.35414659E+04  0.19529359E-23
 0.35523589E+04  0.19588559E-23
 0.35632855E+04  0.19647940E-23
 0.35742456E+04  0.19707503E-23
 0.35852395E+04  0.19767249E-23
 0.35962672E+04  0.19827177E-23
 0.36073288E+04  0.19887290E-23
 0.36184244E+04  0.19947586E-23
 0.36295542E+04  0.20008067E-23
 0.36407182E+04  0.20068733E-23
 0.36519165E+04  0.20129585E-23
 0.36631493E+04  0.20190624E-23
 0.36744166E+04  0.20251849E-23
 0.36857186E+04  0.20313262E-23
 0.36970553E+04  0.20374863E-23
 0.37084270E+04  0.20436654E-23
 0.37198336E+04  0.20498633E-23
 0.37312752E+04  0.20560801E-23
 0.37427521E+04  0.20623161E-23
 0.37542643E+04  0.20685712E-23
 0.37658119E+04  0.20748454E-23
 0.37773950E+04  0.20811388E-23
 0.37890137E+04  0.20874515E-23
 0.38006682E+04  0.20937836E-23
 0.38123585E+04  0.21001350E-23
 0.38240848E+04  0.21065059E-23
 0.38358471E+04  0.21128963E-23
 0.38476456E+04  0.21193063E-23
 0.38594804E+04  0.21257359E-23
 0.38713516E+04  0.21321852E-23
 0.38832594E+04  0.21386543E-23
 0.38952037E+04  0.21451432E-23
 0.39071848E+04  0.21516519E-23
 0.39192028E+04  0.21581807E-23
 0.39312577E+04  0.21647294E-23
 0.39433497E+04  0.21712981E-23
 0.39554788E+04  0.21778870E-23
 0.39676453E+04  0.21844961E-23
 0.39798493E+04  0.21911254E-23
 0.39920907E+04  0.21977750E-23
 0.40043698E+04  0.22044450E-23
 0.40166867E+04  0.22111354E-23
 0.40290414E+04  0.22178463E-23
 0.40414342E+04  0.22245778E-23
 0.40538651E+04  0.22313299E-23
 0.40663342E+04  0.22381027E-23
 0.40788417E+04  0.22448962E-23
 0.40913876E+04  0.22517105E-23
 0.41039721E+04  0.22585457E-23
 0.41165954E+04  0.22654019E-23
 0.41292574E+04  0.22722790E-23
 0.41419584E+04  0.22791772E-23
 0.41546985E+04  0.22860966E-23
 0.41674778E+04  0.22930372E-23
 0.41802963E+04  0.22999989E-23
 0.41931543E+04  0.23069820E-23
 0.42060519E+04  0.23139866E-23
 0.42189891E+04  0.23210126E-23
 0.42319661E+04  0.23280600E-23
 0.42449830E+04  0.23351291E-23
 0.42580400E+04  0.23422199E-23
 0.42711371E+04  0.23493323E-23
 0.42842745E+04  0.23564665E-23
 0.42974524E+04  0.23636227E-23
 0.43106707E+04  0.23708007E-23
 0.43239297E+04  0.23780007E-23
 0.43372295E+04  0.23852228E-23
 0.43505702E+04  0.23924669E-23
 0.43639519E+04  0.23997333E-23
 0.43773748E+04  0.24070219E-23
 0.43908390E+04  0.24143329E-23
 0.44043446E+04  0.24216663E-23
 0.44178918E+04  0.24290221E-23
 0.44314806E+04  0.24364005E-23
 0.44451112E+04  0.24438014E-23
 0.44587837E+04  0.24512250E-23
 0.44724983E+04  0.24586714E-23
 0.44862551E+04  0.24661406E-23
 0.45000541E+04  0.24736326E-23
 0.45138957E+04  0.24811477E-23
 0.45277798E+04  0.24886857E-23
 0.45417066E+04  0.24962468E-23
 0.45556762E+04  0.25038310E-23
 0.45696888E+04  0.25114385E-23
 0.45837446E+04  0.25190694E-23
 0.45978435E+04  0.25267236E-23
 0.46119858E+04  0.25344012E-23
 0.46261716E+04  0.25421023E-23
 0.46404011E+04  0.25498271E-23
 0.46546743E+04  0.25575755E-23
 0.46689914E+04  0.25653476E-23
 0.46833526E+04  0.25731436E-23
 0.46977579E+04  0.25809634E-23
 0.47122075E+04  0.25888072E-23
 0.47267016E+04  0.25966750E-23
 0.47412403E+04  0.26045670E-23
 0.47558236E+04  0.26124830E-23
 0.47704519E+04  0.26204234E-23
 0.47851251E+04  0.26283880E-23
 0.47998435E+04  0.26363771E-23
 0.48146071E+04  0.26443906E-23
 0.48294162E+04  0.26524287E-23
 0.48442708E+04  0.26604914E-23
 0.48591711E+04  0.26685788E-23
 0.48741172E+04  0.26766910E-23
 0.48891093E+04  0.26848280E-23
 0.49041475E+04  0.26929899E-23
 0.49192319E+04  0.27011768E-23
 0.49343628E+04  0.27093889E-23
 0.49495402E+04  0.27176261E-23
 0.49647643E+04  0.27258885E-23
 0.49800352E+04  0.27341762E-23
 0.49953531E+04  0.27424893E-23
 0.50107181E+04  0.27508279E-23
 0.50261303E+04  0.27591920E-23
 0.50415900E+04  0.27675818E-23
 0.50570972E+04  0.27759972E-23
 0.50726521E+04  0.27844384E-23
 0.50882549E+04  0.27929055E-23
 0.51039056E+04  0.28013985E-23
 0.51196045E+04  0.28099175E-23
 0.51353517E+04  0.28184626E-23
 0.51511473E+04  0.28270339E-23
 0.51669915E+04  0.28356315E-23
 0.51828844E+04  0.28442554E-23
 0.51988262E+04  0.28529057E-23
 0.52148171E+04  0.28615825E-23
 0.52308571E+04  0.28702859E-23
 0.52469465E+04  0.28790159E-23
 0.52630854E+04  0.28877727E-23
 0.52792739E+04  0.28965563E-23
 0.52955122E+04  0.29053668E-23
 0.53118004E+04  0.29142043E-23
 0.53281387E+04  0.29230689E-23
 0.53445273E+04  0.29319606E-23
 0.53609663E+04  0.29408796E-23
 0.53774559E+04  0.29498259E-23
 0.53939962E+04  0.29587996E-23
 0.54105874E+04  0.29678008E-23
 0.54272296E+04  0.29768295E-23
 0.54439230E+04  0.29858859E-23
 0.54606677E+04  0.29949701E-23
 0.54774639E+04  0.30040820E-23
 0.54943118E+04  0.30132219E-23
 0.55112116E+04  0.30223899E-23
 0.55281633E+04  0.30315858E-23
 0.55451671E+04  0.30408099E-23
 0.55622233E+04  0.30500624E-23
 0.55793319E+04  0.30593431E-23
 0.55964931E+04  0.30686523E-23
 0.56137071E+04  0.30779899E-23
 0.56309741E+04  0.30873562E-23
 0.56482942E+04  0.30967512E-23
 0.56656675E+04  0.31061750E-23
 0.56830943E+04  0.31156276E-23
 0.57005747E+04  0.31251092E-23
 0.57181088E+04  0.31346198E-23
 0.57356969E+04  0.31441595E-23
 0.57533391E+04  0.31537285E-23
 0.57710356E+04  0.31633268E-23
 0.57887865E+04  0.31729545E-23
 0.58065919E+04  0.31826117E-23
 0.58244522E+04  0.31922985E-23
 0.58423674E+04  0.32020149E-23
 0.58603377E+04  0.32117611E-23
 0.58783632E+04  0.32215371E-23
 0.58964443E+04  0.32313432E-23
 0.59145809E+04  0.32411792E-23
 0.59327733E+04  0.32510454E-23
 0.59510217E+04  0.32609418E-23
 0.59693262E+04  0.32708685E-23
 0.59876870E+04  0.32808256E-23
 0.60061042E+04  0.32908132E-23
 0.60245781E+04  0.33008314E-23
 0.60431089E+04  0.33108803E-23
 0.60616966E+04  0.33209600E-23
 0.60803416E+04  0.33310706E-23
 0.60990438E+04  0.33412121E-23
 0.61178036E+04  0.33513847E-23
 0.61366211E+04  0.33615884E-23
 0.61554965E+04  0.33718235E-23
 0.61744299E+04  0.33820898E-23
 0.61934216E+04  0.33923876E-23
 0.62124717E+04  0.34027170E-23
 0.62315804E+04  0.34130780E-23
 0.62507478E+04  0.34234707E-23
 0.62699742E+04  0.34338953E-23
 0.62892598E+04  0.34443518E-23
 0.63086046E+04  0.34548403E-23
 0.63280090E+04  0.34653610E-23
 0.63474731E+04  0.34759139E-23
 0.63669970E+04  0.34864991E-23
 0.63865810E+04  0.34971168E-23
 0.64062252E+04  0.35077669E-23
 0.64259298E+04  0.35184497E-23
 0.64456951E+04  0.35291652E-23
 0.64655211E+04  0.35399135E-23
 0.64854081E+04  0.35506948E-23
 0.65053563E+04  0.35615091E-23
 0.65253659E+04  0.35723565E-23
 0.65454370E+04  0.35832372E-23
 0.65655698E+04  0.35941511E-23
 0.65857646E+04  0.36050985E-23
 0.66060215E+04  0.36160795E-23
 0.66263406E+04  0.36270940E-23
 0.66467223E+04  0.36381424E-23
 0.66671667E+04  0.36492245E-23
 0.66876740E+04  0.36603407E-23
 0.67082443E+04  0.36714908E-23
 0.67288779E+04  0.36826751E-23
 0.67495750E+04  0.36938937E-23
 0.67703357E+04  0.37051466E-23
 0.67911603E+04  0.37164340E-23
 0.68120489E+04  0.37277560E-23
 0.68330018E+04  0.37391126E-23
 0.68540192E+04  0.37505041E-23
 0.68751012E+04  0.37619305E-23
 0.68962480E+04  0.37733918E-23
 0.69174599E+04  0.37848883E-23
 0.69387370E+04  0.37964199E-23
 0.69600796E+04  0.38079870E-23
 0.69814878E+04  0.38195894E-23
 0.70029619E+04  0.38312274E-23
 0.70245020E+04  0.38429010E-23
 0.70461083E+04  0.38546103E-23
 0.70677812E+04  0.38663556E-23
 0.70895207E+04  0.38781368E-23
 0.71113270E+04  0.38899541E-23
 0.71332004E+04  0.39018076E-23
 0.71551412E+04  0.39136975E-23
 0.71771494E+04  0.39256237E-23
 0.71992252E+04  0.39375865E-23
 0.72213690E+04  0.39495859E-23
 0.72435809E+04  0.39616221E-23
 0.72658612E+04  0.39736952E-23
 0.72882099E+04  0.39858052E-23
 0.73106274E+04  0.39979523E-23
 0.73331139E+04  0.40101367E-23
 0.73556695E+04  0.40223583E-23
 0.73782945E+04  0.40346174E-23
 0.74009891E+04  0.40469141E-23
 0.74237535E+04  0.40592484E-23
 0.74465879E+04  0.40716205E-23
 0.74694925E+04  0.40840305E-23
 0.74924676E+04  0.40964785E-23
 0.75155134E+04  0.41089646E-23
 0.75386300E+04  0.41214890E-23
 0.75618178E+04  0.41340518E-23
 0.75850769E+04  0.41466530E-23
 0.76084075E+04  0.41592929E-23
 0.76318099E+04  0.41719714E-23
 0.76552842E+04  0.41846888E-23
 0.76788308E+04  0.41974452E-23
 0.77024498E+04  0.42102406E-23
 0.77261414E+04  0.42230752E-23
 0.77499060E+04  0.42359492E-23
 0.77737436E+04  0.42488625E-23
 0.77976545E+04  0.42618155E-23
 0.78216390E+04  0.42748081E-23
 0.78456972E+04  0.42878405E-23
 0.78698295E+04  0.43009128E-23
 0.78940359E+04  0.43140251E-23
 0.79183169E+04  0.43271777E-23
 0.79426725E+04  0.43403705E-23
 0.79671030E+04  0.43536038E-23
 0.79916087E+04  0.43668776E-23
 0.80161898E+04  0.43801920E-23
 0.80408464E+04  0.43935472E-23
 0.80655789E+04  0.44069433E-23
 0.80903875E+04  0.44203805E-23
 0.81152724E+04  0.44338589E-23
 0.81402338E+04  0.44473785E-23
 0.81652720E+04  0.44609395E-23
 0.81903872E+04  0.44745421E-23
 0.82155797E+04  0.44881863E-23
 0.82408496E+04  0.45018723E-23
 0.82661973E+04  0.45156003E-23
 0.82916230E+04  0.45293703E-23
 0.83171268E+04  0.45431825E-23
 0.83427091E+04  0.45570370E-23
 0.83683701E+04  0.45709339E-23
 0.83941100E+04  0.45848734E-23
 0.84199291E+04  0.45988556E-23
 0.84458276E+04  0.46128807E-23
 0.84718058E+04  0.46269487E-23
 0.84978639E+04  0.46410598E-23
 0.85240021E+04  0.46552141E-23
 0.85502207E+04  0.46694118E-23
 0.85765200E+04  0.46836530E-23
 0.86029001E+04  0.46979377E-23
 0.86293614E+04  0.47122663E-23
 0.86559041E+04  0.47266387E-23
 0.86825285E+04  0.47410552E-23
 0.87092347E+04  0.47555158E-23
 0.87360231E+04  0.47700208E-23
 0.87628938E+04  0.47845701E-23
 0.87898472E+04  0.47991640E-23
 0.88168836E+04  0.48138027E-23
 0.88440030E+04  0.48284861E-23
 0.88712059E+04  0.48432146E-23
 0.88984925E+04  0.48579881E-23
 0.89258630E+04  0.48728070E-23
 0.89533177E+04  0.48876712E-23
 0.89808568E+04  0.49025809E-23
 0.90084807E+04  0.49175364E-23
 0.90361895E+04  0.49325376E-23
 0.90639835E+04  0.49475847E-23
 0.90918630E+04  0.49626780E-23
 0.91198283E+04  0.49778175E-23
 0.91478796E+04  0.49930034E-23
 0.91760172E+04  0.50082358E-23
 0.92042413E+04  0.50235149E-23
 0.92325522E+04  0.50388407E-23
 0.92609503E+04  0.50542136E-23
 0.92894356E+04  0.50696334E-23
 0.93180086E+04  0.50851006E-23
 0.93466695E+04  0.51006151E-23
 0.93754185E+04  0.51161771E-23
 0.94042560E+04  0.51317869E-23
 0.94331821E+04  0.51474444E-23
 0.94621973E+04  0.51631499E-23
 0.94913016E+04  0.51789035E-23
 0.95204955E+04  0.51947053E-23
 0.95497792E+04  0.52105556E-23
 0.95791530E+04  0.52264544E-23
 0.96086171E+04  0.52424019E-23
 0.96381718E+04  0.52583983E-23
 0.96678175E+04  0.52744437E-23
 0.96975543E+04  0.52905382E-23
 0.97273826E+04  0.53066820E-23
 0.97573027E+04  0.53228753E-23
 0.97873147E+04  0.53391181E-23
 0.98174191E+04  0.53554107E-23
 0.98476161E+04  0.53717533E-23
 0.98779060E+04  0.53881459E-23
 0.99082890E+04  0.54045887E-23
 0.99387655E+04  0.54210819E-23
 0.99693357E+04  0.54376256E-23
 0.10000000E+05  0.54542200E-23
