9	1.165263502e-20
9.020471129	1.459695913e-20
9.04098882	1.965772158e-20
9.061553181	3.038053559e-20
9.082164316	6.824757306e-20
9.102822333	2.558077097e-19
9.123527338	4.393986865e-20
9.144279438	2.387560115e-20
9.16507874	1.632032946e-20
9.185925352	1.235875741e-20
9.206819381	9.921262750e-21
9.227760935	8.271462682e-21
9.248750121	7.081547645e-21
9.269787049	6.183433465e-21
9.290871827	5.482041690e-21
9.312004564	4.919545046e-21
9.333185369	4.458751215e-21
9.354414351	4.074652385e-21
9.375691619	3.749813150e-21
9.397017285	3.471705771e-21
9.418391457	3.231096871e-21
9.439814246	3.021031230e-21
9.461285763	2.836169917e-21
9.482806118	2.672346618e-21
9.504375423	2.526262207e-21
9.525993788	2.395270255e-21
9.547661327	2.277223194e-21
9.569378149	2.170360020e-21
9.591144368	2.073223134e-21
9.612960096	1.984595663e-21
9.634825445	1.903453554e-21
9.656740528	1.828928922e-21
9.678705459	1.760281359e-21
9.70072035	1.696875381e-21
9.722785316	1.638162615e-21
9.74490047	1.583667149e-21
9.767065927	1.532974000e-21
9.789281801	1.485719702e-21
9.811548206	1.441584571e-21
9.833865257	1.400286375e-21
9.856233071	1.361575035e-21
9.878651761	1.325228059e-21
9.901121444	1.291046920e-21
9.923642237	1.258853933e-21
9.946214254	1.228489591e-21
9.968837613	1.199810259e-21
9.99151243	1.172686507e-21
10.01423882	1.147001303e-21
10.03701691	1.122648542e-21
10.0598468	1.099531817e-21
10.08272863	1.077563245e-21
10.1056625	1.056662522e-21
10.12864853	1.036756355e-21
10.15168685	1.017777634e-21
10.17477757	9.996648096e-22
10.19792082	9.823613442e-22
10.2211167	9.658152256e-22
10.24436534	9.499785108e-22
10.26766687	9.348069627e-22
10.29102139	9.202597074e-22
10.31442904	9.062989416e-22
10.33788993	8.928896704e-22
10.36140418	8.799994611e-22
10.38497192	8.675981809e-22
10.40859326	8.556578294e-22
10.43226833	8.441523633e-22
10.45599726	8.330575376e-22
10.47978015	8.223507840e-22
10.50361714	8.120110347e-22
10.52750836	8.020186139e-22
10.55145391	7.923551366e-22
10.57545393	7.830034147e-22
10.59950854	7.739473732e-22
10.62361786	7.651719656e-22
10.64778202	7.566630753e-22
10.67200114	7.484074625e-22
10.69627535	7.403927042e-22
10.72060478	7.326071328e-22
10.74498954	7.250398027e-22
10.76942977	7.176804094e-22
10.79392559	7.105192559e-22
10.81847713	7.035472135e-22
10.84308451	6.967556842e-22
10.86774787	6.901365710e-22
10.89246732	6.836822424e-22
10.91724299	6.773854909e-22
10.94207503	6.712395131e-22
10.96696354	6.652378830e-22
10.99190866	6.593745304e-22
11.01691053	6.536437239e-22
11.04196926	6.480400372e-22
11.06708499	6.425583338e-22
11.09225785	6.371937515e-22
11.11748796	6.319416839e-22
11.14277547	6.267977700e-22
11.16812049	6.217578767e-22
11.19352316	6.168180798e-22
11.21898361	6.119746558e-22
11.24450197	6.072240700e-22
11.27007837	6.025629652e-22
11.29571296	5.979881556e-22
11.32140584	5.934966092e-22
11.34715717	5.890854430e-22
11.37296707	5.847519127e-22
11.39883568	5.804934069e-22
11.42476313	5.763074395e-22
11.45074955	5.721916432e-22
11.47679508	5.681437594e-22
11.50289985	5.641616346e-22
11.529064	5.602432139e-22
11.55528766	5.563865364e-22
11.58157097	5.525897314e-22
11.60791406	5.488510099e-22
11.63431707	5.451686626e-22
11.66078014	5.415410544e-22
11.6873034	5.379666213e-22
11.71388699	5.344438667e-22
11.74053104	5.309713582e-22
11.7672357	5.275477225e-22
11.7940011	5.241716435e-22
11.82082738	5.208418591e-22
11.84771467	5.175571584e-22
11.87466313	5.143163803e-22
11.90167288	5.111184086e-22
11.92874407	5.079621710e-22
11.95587683	5.048466371e-22
11.9830713	5.017708156e-22
12.01032764	4.987337534e-22
12.03764597	4.957345326e-22
12.06502643	4.927722688e-22
12.09246918	4.898461109e-22
12.11997434	4.869552372e-22
12.14754207	4.840988561e-22
12.1751725	4.812762034e-22
12.20286578	4.784865419e-22
12.23062205	4.757291587e-22
12.25844146	4.730033657e-22
12.28632414	4.703084971e-22
12.31427024	4.676439094e-22
12.34227991	4.650089801e-22
12.37035329	4.624031062e-22
12.39849052	4.598257037e-22
12.42669175	4.572762073e-22
12.45495713	4.547540685e-22
12.4832868	4.522587558e-22
12.51168091	4.497897533e-22
12.5401396	4.473465607e-22
12.56866302	4.449286919e-22
12.59725132	4.425356751e-22
12.62590465	4.401670515e-22
12.65462315	4.378223754e-22
12.68340698	4.355012135e-22
12.71225627	4.332031440e-22
12.74117119	4.309277569e-22
12.77015187	4.286746526e-22
12.79919847	4.264434427e-22
12.82831115	4.242337483e-22
12.85749003	4.220452002e-22
12.88673529	4.198774389e-22
12.91604707	4.177301139e-22
12.94542552	4.156028832e-22
12.9748708	4.134954133e-22
13.00438305	4.114073785e-22
13.03396243	4.093384614e-22
13.06360908	4.072883518e-22
13.09332317	4.052567469e-22
13.12310485	4.032433508e-22
13.15295427	4.012478748e-22
13.18287158	3.992700363e-22
13.21285695	3.973095594e-22
13.24291051	3.953661742e-22
13.27303244	3.934396170e-22
13.30322288	3.915296297e-22
13.33348199	3.896359598e-22
13.36380992	3.877583606e-22
13.39420684	3.858965903e-22
13.4246729	3.840504127e-22
13.45520826	3.822195962e-22
13.48581307	3.804039140e-22
13.51648749	3.786031446e-22
13.54723168	3.768170702e-22
13.57804581	3.750454788e-22
13.60893002	3.732881612e-22
13.63988448	3.715449136e-22
13.67090935	3.698155356e-22
13.70200479	3.680998316e-22
13.73317096	3.663976093e-22
13.76440802	3.647086802e-22
13.79571612	3.630328595e-22
13.82709544	3.613699669e-22
13.85854614	3.597198244e-22
13.89006837	3.580822581e-22
13.9216623	3.564570978e-22
13.95332809	3.548441758e-22
13.98506591	3.532433282e-22
14.01687592	3.516543938e-22
14.04875828	3.500772152e-22
14.08071316	3.485116370e-22
14.11274073	3.469575075e-22
14.14484114	3.454146777e-22
14.17701457	3.438830010e-22
14.20926118	3.423623344e-22
14.24158114	3.408525364e-22
14.27397461	3.393534688e-22
14.30644176	3.378649964e-22
14.33898276	3.363869855e-22
14.37159778	3.349193057e-22
14.40428698	3.334618283e-22
14.43705054	3.320144274e-22
14.46988862	3.305769794e-22
14.50280139	3.291493624e-22
14.53578903	3.277314579e-22
14.5688517	3.263231481e-22
14.60198957	3.249243183e-22
14.63520281	3.235348553e-22
14.6684916	3.221546483e-22
14.70185611	3.207835884e-22
14.73529651	3.194215685e-22
14.76881297	3.180684833e-22
14.80240567	3.167242299e-22
14.83607477	3.153887064e-22
14.86982046	3.140618136e-22
14.90364291	3.127434532e-22
14.93754228	3.114335290e-22
14.97151876	3.101319467e-22
15.00557253	3.088386133e-22
15.03970375	3.075534374e-22
15.07391261	3.062763292e-22
15.10819928	3.050072009e-22
15.14256393	3.037459654e-22
15.17700675	3.024925378e-22
15.21152791	3.012468343e-22
15.24612759	3.000087724e-22
15.28080598	2.987782715e-22
15.31556324	2.975552517e-22
15.35039955	2.963396350e-22
15.38531511	2.951313447e-22
15.42031008	2.939303047e-22
15.45538466	2.927364412e-22
15.49053901	2.915496805e-22
15.52577332	2.903699509e-22
15.56108778	2.891971820e-22
15.59648256	2.880313039e-22
15.63195785	2.868722482e-22
15.66751383	2.857199477e-22
15.70315068	2.845743362e-22
15.73886859	2.834353483e-22
15.77466775	2.823029203e-22
15.81054833	2.811769889e-22
15.84651053	2.800574922e-22
15.88255452	2.789443691e-22
15.9186805	2.778375595e-22
15.95488865	2.767370042e-22
15.99117916	2.756426453e-22
16.02755222	2.745544252e-22
16.064008	2.734722875e-22
16.10054671	2.723961770e-22
16.13716853	2.713260390e-22
16.17387365	2.702618195e-22
16.21066225	2.692034656e-22
16.24753453	2.681509254e-22
16.28449069	2.671041474e-22
16.3215309	2.660630809e-22
16.35865536	2.650276763e-22
16.39586426	2.639978845e-22
16.4331578	2.629736572e-22
16.47053617	2.619549468e-22
16.50799955	2.609417063e-22
16.54554815	2.599338899e-22
16.58318215	2.589314517e-22
16.62090176	2.579343473e-22
16.65870716	2.569425322e-22
16.69659855	2.559559628e-22
16.73457613	2.549745966e-22
16.7726401	2.539983912e-22
16.81079064	2.530273049e-22
16.84902795	2.520612964e-22
16.88735225	2.511003257e-22
16.92576371	2.501443525e-22
16.96426254	2.491933377e-22
17.00284894	2.482472424e-22
17.04152311	2.473060285e-22
17.08028524	2.463696582e-22
17.11913554	2.454380944e-22
17.15807421	2.445113004e-22
17.19710145	2.435892400e-22
17.23621746	2.426718775e-22
17.27542244	2.417591779e-22
17.31471659	2.408511063e-22
17.35410012	2.399476286e-22
17.39357324	2.390487110e-22
17.43313613	2.381543200e-22
17.47278902	2.372644231e-22
17.5125321	2.363789875e-22
17.55236558	2.354979814e-22
17.59228966	2.346213732e-22
17.63230455	2.337491314e-22
17.67241046	2.328812256e-22
17.71260759	2.320176253e-22
17.75289615	2.311583004e-22
17.79327635	2.303032215e-22
17.8337484	2.294523591e-22
17.87431251	2.286056846e-22
17.91496888	2.277631694e-22
17.95571773	2.269247853e-22
17.99655926	2.260905046e-22
18.03749369	2.252602997e-22
18.07852123	2.244341437e-22
18.11964209	2.236120097e-22
18.16085648	2.227938713e-22
18.20216462	2.219797024e-22
18.24356672	2.211694771e-22
18.28506298	2.203631700e-22
18.32665363	2.195607559e-22
18.36833889	2.187622099e-22
18.41011896	2.179675073e-22
18.45199406	2.171766241e-22
18.49396441	2.163895359e-22
18.53603022	2.156062192e-22
18.57819172	2.148266504e-22
18.62044911	2.140508065e-22
18.66280262	2.132786645e-22
18.70525247	2.125102017e-22
18.74779887	2.117453957e-22
18.79044205	2.109842244e-22
18.83318222	2.102266659e-22
18.87601961	2.094726986e-22
18.91895444	2.087223009e-22
18.96198692	2.079754518e-22
19.00511728	2.072321304e-22
19.04834575	2.064923159e-22
19.09167254	2.057559880e-22
19.13509789	2.050231263e-22
19.178622	2.042937107e-22
19.22224512	2.035677216e-22
19.26596746	2.028451393e-22
19.30978925	2.021259444e-22
19.35371071	2.014101176e-22
19.39773208	2.006976403e-22
19.44185357	1.999884933e-22
19.48607543	1.992826584e-22
19.53039787	1.985801169e-22
19.57482112	1.978808508e-22
19.61934542	1.971848421e-22
19.66397099	1.964920728e-22
19.70869806	1.958025256e-22
19.75352687	1.951161827e-22
19.79845765	1.944330271e-22
19.84349062	1.937530416e-22
19.88862603	1.930762093e-22
19.9338641	1.924025133e-22
19.97920506	1.917319374e-22
20.02464916	1.910644647e-22
20.07019663	1.904000794e-22
20.11584769	1.897387650e-22
20.16160259	1.890805058e-22
20.20746156	1.884252861e-22
20.25342485	1.877730901e-22
20.29949267	1.871239024e-22
20.34566529	1.864777077e-22
20.39194292	1.858344908e-22
20.43832582	1.851942367e-22
20.48481422	1.845569305e-22
20.53140836	1.839225575e-22
20.57810849	1.832911030e-22
20.62491483	1.826625525e-22
20.67182764	1.820368920e-22
20.71884715	1.814141069e-22
20.76597362	1.807941835e-22
20.81320728	1.801771076e-22
20.86054837	1.795628656e-22
20.90799714	1.789514437e-22
20.95555384	1.783428283e-22
21.00321871	1.777370061e-22
21.050992	1.771339639e-22
21.09887395	1.765336883e-22
21.14686482	1.759361664e-22
21.19496484	1.753413851e-22
21.24317426	1.747493317e-22
21.29149335	1.741599937e-22
21.33992234	1.735733580e-22
21.38846148	1.729894125e-22
21.43711103	1.724081447e-22
21.48587124	1.718295424e-22
21.53474235	1.712535934e-22
21.58372463	1.706802856e-22
21.63281831	1.701096071e-22
21.68202367	1.695415461e-22
21.73134095	1.689760909e-22
21.7807704	1.684132296e-22
21.83031228	1.678529510e-22
21.87996685	1.672952435e-22
21.92973437	1.667400957e-22
21.97961508	1.661874965e-22
22.02960925	1.656374347e-22
22.07971713	1.650898991e-22
22.12993899	1.645448790e-22
22.18027508	1.640023633e-22
22.23072567	1.634623413e-22
22.28129101	1.629248023e-22
22.33197136	1.623897358e-22
22.38276699	1.618571310e-22
22.43367815	1.613269778e-22
22.48470512	1.607992657e-22
22.53584815	1.602739845e-22
22.58710751	1.597511239e-22
22.63848347	1.592306739e-22
22.68997628	1.587126246e-22
22.74158621	1.581969658e-22
22.79331354	1.576836879e-22
22.84515852	1.571727808e-22
22.89712143	1.566642352e-22
22.94920253	1.561580413e-22
23.0014021	1.556541895e-22
23.05372039	1.551526703e-22
23.10615769	1.546534746e-22
23.15871426	1.541565926e-22
23.21139037	1.536620155e-22
23.2641863	1.531697338e-22
23.31710232	1.526797387e-22
23.3701387	1.521920208e-22
23.42329571	1.517065714e-22
23.47657363	1.512233815e-22
23.52997274	1.507424424e-22
23.5834933	1.502637450e-22
23.6371356	1.497872809e-22
23.69089992	1.493130414e-22
23.74478653	1.488410179e-22
23.7987957	1.483712019e-22
23.85292773	1.479035849e-22
23.90718287	1.474381587e-22
23.96156143	1.469749147e-22
24.01606368	1.465138450e-22
24.07068989	1.460549410e-22
24.12544036	1.455981948e-22
24.18031536	1.451435984e-22
24.23531517	1.446911436e-22
24.29044009	1.442408224e-22
24.34569039	1.437926270e-22
24.40106636	1.433465496e-22
24.45656829	1.429025822e-22
24.51219647	1.424607174e-22
24.56795117	1.420209472e-22
24.62383269	1.415832640e-22
24.67984132	1.411476604e-22
24.73597734	1.407141287e-22
24.79224105	1.402826615e-22
24.84863273	1.398532514e-22
24.90515268	1.394258909e-22
24.96180119	1.390005729e-22
25.01857855	1.385772900e-22
25.07548505	1.381560348e-22
25.132521	1.377368004e-22
25.18968667	1.373195795e-22
25.24698237	1.369043652e-22
25.3044084	1.364911504e-22
25.36196504	1.360799280e-22
25.4196526	1.356706911e-22
25.47747138	1.352634328e-22
25.53542166	1.348581463e-22
25.59350376	1.344548248e-22
25.65171798	1.340534614e-22
25.7100646	1.336540496e-22
25.76854394	1.332565827e-22
25.82715629	1.328610537e-22
25.88590196	1.324674565e-22
25.94478125	1.320757843e-22
26.00379447	1.316860307e-22
26.06294192	1.312981890e-22
26.1222239	1.309122529e-22
26.18164072	1.305282162e-22
26.24119269	1.301460722e-22
26.30088012	1.297658148e-22
26.3607033	1.293874377e-22
26.42066256	1.290109347e-22
26.48075821	1.286362995e-22
26.54099054	1.282635260e-22
26.60135988	1.278926080e-22
26.66186653	1.275235395e-22
26.72251081	1.271563144e-22
26.78329302	1.267909266e-22
26.84421349	1.264273703e-22
26.90527253	1.260656394e-22
26.96647045	1.257057280e-22
27.02780757	1.253476303e-22
27.08928421	1.249913403e-22
27.15090068	1.246368523e-22
27.2126573	1.242841604e-22
27.27455439	1.239332589e-22
27.33659227	1.235841422e-22
27.39877125	1.232368044e-22
27.46109167	1.228912400e-22
27.52355384	1.225474433e-22
27.58615809	1.222054086e-22
27.64890473	1.218651305e-22
27.7117941	1.215266033e-22
27.77482651	1.211898216e-22
27.83800229	1.208547798e-22
27.90132177	1.205214725e-22
27.96478527	1.201898943e-22
28.02839313	1.198600395e-22
28.09214567	1.195319034e-22
28.15604322	1.192054800e-22
28.2200861	1.188807641e-22
28.28427466	1.185577507e-22
28.34860922	1.182364341e-22
28.41309011	1.179168094e-22
28.47771767	1.175988713e-22
28.54249222	1.172826144e-22
28.60741412	1.169680338e-22
28.67248368	1.166551240e-22
28.73770124	1.163438802e-22
28.80306715	1.160342972e-22
28.86858174	1.157263698e-22
28.93424535	1.154200931e-22
29.00005831	1.151154619e-22
29.06602097	1.148124713e-22
29.13213366	1.145111162e-22
29.19839673	1.142113918e-22
29.26481053	1.139132929e-22
29.33137538	1.136168148e-22
29.39809164	1.133219525e-22
29.46495965	1.130287010e-22
29.53197976	1.127370556e-22
29.59915231	1.124470113e-22
29.66647765	1.121585633e-22
29.73395613	1.118717069e-22
29.80158809	1.115864372e-22
29.86937388	1.113027494e-22
29.93731386	1.110206387e-22
30.00540837	1.107401005e-22
30.07365777	1.104611300e-22
30.1420624	1.101837225e-22
30.21062263	1.099078732e-22
30.2793388	1.096335776e-22
30.34821127	1.093608309e-22
30.41724039	1.090896286e-22
30.48642653	1.088199659e-22
30.55577004	1.085518383e-22
30.62527127	1.082852411e-22
30.69493059	1.080201699e-22
30.76474835	1.077566200e-22
30.83472492	1.074945868e-22
30.90486066	1.072340659e-22
30.97515592	1.069750527e-22
31.04561108	1.067175427e-22
31.11622649	1.064615313e-22
31.18700252	1.062070142e-22
31.25793953	1.059539868e-22
31.3290379	1.057024447e-22
31.40029798	1.054523834e-22
31.47172015	1.052037985e-22
31.54330478	1.049566856e-22
31.61505223	1.047110402e-22
31.68696287	1.044668581e-22
31.75903708	1.042241347e-22
31.83127523	1.039828657e-22
31.90367769	1.037430468e-22
31.97624483	1.035046735e-22
32.04897703	1.032677416e-22
32.12187467	1.030322467e-22
32.19493812	1.027981845e-22
32.26816775	1.025655507e-22
32.34156395	1.023343410e-22
32.4151271	1.021045509e-22
32.48885757	1.018761765e-22
32.56275575	1.016492132e-22
32.63682201	1.014236569e-22
32.71105674	1.011995033e-22
32.78546032	1.009767481e-22
32.86003314	1.007553872e-22
32.93477558	1.005354162e-22
33.00968803	1.003168310e-22
33.08477087	1.000996274e-22
33.16002449	9.988380099e-23
33.23544928	9.966934775e-23
33.31104563	9.945626348e-23
33.38681393	9.924454393e-23
33.46275457	9.903418496e-23
33.53886794	9.882518239e-23
33.61515444	9.861753206e-23
33.69161446	9.841122980e-23
33.76824839	9.820627144e-23
33.84505663	9.800265287e-23
33.92203957	9.780036991e-23
33.99919762	9.759941847e-23
34.07653117	9.739979440e-23
34.15404062	9.720149356e-23
34.23172637	9.700451188e-23
34.30958882	9.680884518e-23
34.38762838	9.661448942e-23
34.46584544	9.642144046e-23
34.54424041	9.622969420e-23
34.6228137	9.603924656e-23
34.70156571	9.585009345e-23
34.78049684	9.566223079e-23
34.85960751	9.547565449e-23
34.93889812	9.529036048e-23
35.01836909	9.510634471e-23
35.09802081	9.492360310e-23
35.17785371	9.474213160e-23
35.2578682	9.456192611e-23
35.33806468	9.438298263e-23
35.41844358	9.420529709e-23
35.4990053	9.402886541e-23
35.57975027	9.385368357e-23
35.66067889	9.367974757e-23
35.7417916	9.350705332e-23
35.8230888	9.333559683e-23
35.90457092	9.316537401e-23
35.98623837	9.299638087e-23
36.06809158	9.282861340e-23
36.15013098	9.266206756e-23
36.23235697	9.249673932e-23
36.31477	9.233262468e-23
36.39737048	9.216971965e-23
36.48015884	9.200802017e-23
36.56313551	9.184752226e-23
36.64630092	9.168822193e-23
36.72965549	9.153011513e-23
36.81319965	9.137319788e-23
36.89693385	9.121746620e-23
36.9808585	9.106291608e-23
37.06497404	9.090954353e-23
37.14928092	9.075734452e-23
37.23377955	9.060631512e-23
37.31847038	9.045645135e-23
37.40335385	9.030774914e-23
37.48843039	9.016020458e-23
37.57370044	9.001381363e-23
37.65916445	8.986857237e-23
37.74482285	8.972447679e-23
37.83067608	8.958152293e-23
37.9167246	8.943970679e-23
38.00296884	8.929902441e-23
38.08940924	8.915947179e-23
38.17604626	8.902104501e-23
38.26288035	8.888374010e-23
38.34991194	8.874755304e-23
38.43714149	8.861247991e-23
38.52456946	8.847851674e-23
38.61219628	8.834565957e-23
38.70002242	8.821390443e-23
38.78804832	8.808324736e-23
38.87627445	8.795368440e-23
38.96470125	8.782521161e-23
39.05332918	8.769782503e-23
39.14215871	8.757152074e-23
39.23119028	8.744629472e-23
39.32042436	8.732214307e-23
39.40986141	8.719906184e-23
39.4995019	8.707704709e-23
39.58934627	8.695609484e-23
39.679395	8.683620121e-23
39.76964856	8.671736219e-23
39.8601074	8.659957387e-23
39.950772	8.648283237e-23
40.04164282	8.636713368e-23
40.13272033	8.625247391e-23
40.22400501	8.613884908e-23
40.31549732	8.602625529e-23
40.40719773	8.591468865e-23
40.49910672	8.580414518e-23
40.59122477	8.569462098e-23
40.68355235	8.558611216e-23
40.77608993	8.547861472e-23
40.86883799	8.537212484e-23
40.96179702	8.526663852e-23
41.05496749	8.516215189e-23
41.14834988	8.505866105e-23
41.24194467	8.495616208e-23
41.33575236	8.485465105e-23
41.42977341	8.475412409e-23
41.52400832	8.465457731e-23
41.61845758	8.455600676e-23
41.71312167	8.445840861e-23
41.80800108	8.436177890e-23
41.9030963	8.426611380e-23
41.99840781	8.417140937e-23
42.09393613	8.407766178e-23
42.18968172	8.398486709e-23
42.2856451	8.389302146e-23
42.38182675	8.380212101e-23
42.47822718	8.371216187e-23
42.57484687	8.362314016e-23
42.67168634	8.353505201e-23
42.76874607	8.344789356e-23
42.86602657	8.336166097e-23
42.96352834	8.327635036e-23
43.06125188	8.319195790e-23
43.15919771	8.310847971e-23
43.25736632	8.302591198e-23
43.35575822	8.294425086e-23
43.45437392	8.286349247e-23
43.55321393	8.278363304e-23
43.65227875	8.270466873e-23
43.75156891	8.262659566e-23
43.85108491	8.254941005e-23
43.95082726	8.247310807e-23
44.05079649	8.239768595e-23
44.1509931	8.232313985e-23
44.25141762	8.224946593e-23
44.35207056	8.217666043e-23
44.45295244	8.210471957e-23
44.55406379	8.203363953e-23
44.65540511	8.196341653e-23
44.75697695	8.189404682e-23
44.85877982	8.182552661e-23
44.96081425	8.175785210e-23
45.06308076	8.169101955e-23
45.16557989	8.162502521e-23
45.26831215	8.155986528e-23
45.37127809	8.149553607e-23
45.47447823	8.143203387e-23
45.57791311	8.136935483e-23
45.68158325	8.130749529e-23
45.7854892	8.124645152e-23
45.8896315	8.118621980e-23
45.99401067	8.112679641e-23
46.09862726	8.106817763e-23
46.2034818	8.101035977e-23
46.30857485	8.095333918e-23
46.41390694	8.089711209e-23
46.51947861	8.084167490e-23
46.62529041	8.078702390e-23
46.73134289	8.073315539e-23
46.8376366	8.068006575e-23
46.94417207	8.062775133e-23
47.05094987	8.057620846e-23
47.15797054	8.052543350e-23
47.26523464	8.047542283e-23
47.37274272	8.042617285e-23
47.48049533	8.037767989e-23
47.58849303	8.032994037e-23
47.69673638	8.028295068e-23
47.80522594	8.023670722e-23
47.91396226	8.019120641e-23
48.02294592	8.014644471e-23
48.13217746	8.010241844e-23
48.24165746	8.005912418e-23
48.35138648	8.001655822e-23
48.46136508	7.997471716e-23
48.57159384	7.993359738e-23
48.68207333	7.989319536e-23
48.7928041	7.985350756e-23
48.90378674	7.981453051e-23
49.01502182	7.977626072e-23
49.12650991	7.973869462e-23
49.23825159	7.970182877e-23
49.35024743	7.966565970e-23
49.46249801	7.963018391e-23
49.57500392	7.959539798e-23
49.68776573	7.956129844e-23
49.80078402	7.952788181e-23
49.91405938	7.949514473e-23
50.0275924	7.946308376e-23
50.14138365	7.943169544e-23
50.25543373	7.940097641e-23
50.36974322	7.937092327e-23
50.48431272	7.934153263e-23
50.59914282	7.931280111e-23
50.7142341	7.928472536e-23
50.82958717	7.925730203e-23
50.94520261	7.923052777e-23
51.06108103	7.920439925e-23
51.17722303	7.917891310e-23
51.2936292	7.915406610e-23
51.41030014	7.912985489e-23
51.52723646	7.910627617e-23
51.64443875	7.908332666e-23
51.76190764	7.906100316e-23
51.87964371	7.903930231e-23
51.99764758	7.901822091e-23
52.11591986	7.899775573e-23
52.23446116	7.897790352e-23
52.35327209	7.895866108e-23
52.47235327	7.894002521e-23
52.5917053	7.892199269e-23
52.71132881	7.890456036e-23
52.8312244	7.888772503e-23
52.95139271	7.887148357e-23
53.07183435	7.885583279e-23
53.19254995	7.884076956e-23
53.31354012	7.882629079e-23
53.43480549	7.881239335e-23
53.55634668	7.879907411e-23
53.67816433	7.878633000e-23
53.80025907	7.877415795e-23
53.92263151	7.876255484e-23
54.04528231	7.875151770e-23
54.16821207	7.874104340e-23
54.29142146	7.873112898e-23
54.41491109	7.872177135e-23
54.5386816	7.871296755e-23
54.66273364	7.870471457e-23
54.78706785	7.869700941e-23
54.91168486	7.868984912e-23
55.03658532	7.868323074e-23
55.16176988	7.867715132e-23
55.28723918	7.867160790e-23
55.41299386	7.866659758e-23
55.53903459	7.866211747e-23
55.665362	7.865816461e-23
55.79197675	7.865473613e-23
55.9188795	7.865182922e-23
56.0460709	7.864944097e-23
56.1735516	7.864756849e-23
56.30132227	7.864620903e-23
56.42938355	7.864535969e-23
56.55773613	7.864501771e-23
56.68638065	7.864518027e-23
56.81531778	7.864584458e-23
56.94454819	7.864700789e-23
57.07407254	7.864866741e-23
57.2038915	7.865082040e-23
57.33400575	7.865346413e-23
57.46441595	7.865659588e-23
57.59512278	7.866021294e-23
57.72612691	7.866431262e-23
57.85742901	7.866889220e-23
57.98902978	7.867394909e-23
58.12092987	7.867948052e-23
58.25312999	7.868548392e-23
58.3856308	7.869195667e-23
58.518433	7.869889609e-23
58.65153726	7.870629959e-23
58.78494428	7.871416461e-23
58.91865474	7.872248856e-23
59.05266933	7.873126888e-23
59.18698875	7.874050295e-23
59.32161369	7.875018829e-23
59.45654485	7.876032240e-23
59.59178291	7.877090269e-23
59.72732858	7.878192670e-23
59.86318256	7.879339189e-23
59.99934555	7.880529589e-23
60.13581825	7.881763613e-23
60.27260137	7.883041022e-23
60.40969561	7.884361569e-23
60.54710168	7.885725014e-23
60.68482029	7.887131113e-23
60.82285216	7.888579631e-23
60.96119798	7.890070326e-23
61.09985848	7.891602958e-23
61.23883438	7.893177298e-23
61.37812638	7.894793104e-23
61.51773522	7.896450149e-23
61.6576616	7.898148198e-23
61.79790626	7.899887021e-23
61.93846991	7.901666388e-23
62.07935329	7.903486069e-23
62.22055711	7.905345843e-23
62.36208212	7.907245478e-23
62.50392903	7.909184753e-23
62.64609858	7.911163445e-23
62.78859151	7.913181332e-23
62.93140854	7.915238196e-23
63.07455043	7.917333813e-23
63.2180179	7.919467968e-23
63.36181169	7.921640446e-23
63.50593256	7.923851030e-23
63.65038124	7.926099504e-23
63.79515847	7.928385659e-23
63.94026502	7.930709281e-23
64.08570161	7.933070162e-23
64.23146902	7.935468093e-23
64.37756798	7.937902865e-23
64.52399925	7.940374273e-23
64.6707636	7.942882112e-23
64.81786177	7.945426178e-23
64.96529452	7.948006266e-23
65.11306262	7.950622180e-23
65.26116683	7.953273716e-23
65.40960791	7.955960677e-23
65.55838663	7.958682865e-23
65.70750376	7.961440083e-23
65.85696006	7.964232138e-23
66.00675632	7.967058836e-23
66.1568933	7.969919984e-23
66.30737177	7.972815390e-23
66.45819252	7.975744865e-23
66.60935632	7.978708219e-23
66.76086395	7.981705266e-23
66.9127162	7.984735822e-23
67.06491384	7.987799697e-23
67.21745767	7.990896711e-23
67.37034848	7.994026679e-23
67.52358704	7.997189422e-23
67.67717415	8.000384753e-23
67.83111061	8.003612503e-23
67.98539721	8.006872492e-23
68.14003474	8.010164540e-23
68.29502401	8.013488469e-23
68.45036581	8.016844114e-23
68.60606095	8.020231293e-23
68.76211023	8.023649840e-23
68.91851445	8.027099582e-23
69.07527442	8.030580346e-23
69.23239096	8.034091974e-23
69.38986487	8.037634291e-23
69.54769696	8.041207133e-23
69.70588805	8.044810336e-23
69.86443897	8.048443735e-23
70.02335051	8.052107168e-23
70.18262351	8.055800475e-23
70.34225879	8.059523497e-23
70.50225717	8.063276071e-23
70.66261948	8.067058042e-23
70.82334654	8.070869253e-23
70.98443919	8.074709546e-23
71.14589825	8.078578770e-23
71.30772457	8.082476774e-23
71.46991897	8.086403400e-23
71.63248229	8.090358503e-23
71.79541537	8.094341925e-23
71.95871906	8.098353527e-23
72.12239419	8.102393153e-23
72.28644161	8.106460661e-23
72.45086217	8.110555906e-23
72.61565672	8.114678740e-23
72.7808261	8.118829023e-23
72.94637117	8.123006611e-23
73.11229279	8.127211364e-23
73.2785918	8.131443141e-23
73.44526908	8.135701804e-23
73.61232547	8.139987214e-23
73.77976185	8.144299239e-23
73.94757907	8.148637733e-23
74.115778	8.153002573e-23
74.28435951	8.157393619e-23
74.45332448	8.161810737e-23
74.62267376	8.166253798e-23
74.79240825	8.170722673e-23
74.9625288	8.175217230e-23
75.13303631	8.179737343e-23
75.30393165	8.184282879e-23
75.4752157	8.188853720e-23
75.64688935	8.193449734e-23
75.81895348	8.198070804e-23
75.99140899	8.202716797e-23
76.16425675	8.207387590e-23
76.33749767	8.212083073e-23
76.51113264	8.216803119e-23
76.68516256	8.221547613e-23
76.85958832	8.226316427e-23
77.03441082	8.231109451e-23
77.20963096	8.235926566e-23
77.38524966	8.240767658e-23
77.56126782	8.245632614e-23
77.73768634	8.250521317e-23
77.91450613	8.255433656e-23
78.09172812	8.260369520e-23
78.26935321	8.265328799e-23
78.44738232	8.270311379e-23
78.62581637	8.275317157e-23
78.80465628	8.280346019e-23
78.98390297	8.285397866e-23
79.16355738	8.290472583e-23
79.34362042	8.295570071e-23
79.52409302	8.300690227e-23
79.70497612	8.305832941e-23
79.88627066	8.310998117e-23
80.06797756	8.316185652e-23
80.25009777	8.321395448e-23
80.43263222	8.326627396e-23
80.61558186	8.331881408e-23
80.79894763	8.337157381e-23
80.98273048	8.342455220e-23
81.16693135	8.347774826e-23
81.35155121	8.353116104e-23
81.53659099	8.358478962e-23
81.72205166	8.363863309e-23
81.90793418	8.369269048e-23
82.09423949	8.374696087e-23
82.28096857	8.380144339e-23
82.46812238	8.385613713e-23
82.65570189	8.391104117e-23
82.84370805	8.396615464e-23
83.03214185	8.402147666e-23
83.22100426	8.407700637e-23
83.41029624	8.413274291e-23
83.60001879	8.418868543e-23
83.79017287	8.424483311e-23
83.98075947	8.430118507e-23
84.17177957	8.435774055e-23
84.36323416	8.441449864e-23
84.55512423	8.447145858e-23
84.74745077	8.452861962e-23
84.94021476	8.458598087e-23
85.13341721	8.464354160e-23
85.32705911	8.470130102e-23
85.52114147	8.475925837e-23
85.71566528	8.481741289e-23
85.91063154	8.487576380e-23
86.10604128	8.493431035e-23
86.30189548	8.499305186e-23
86.49819517	8.505198751e-23
86.69494135	8.511111667e-23
86.89213505	8.517043853e-23
87.08977728	8.522995245e-23
87.28786906	8.528965764e-23
87.48641142	8.534955354e-23
87.68540537	8.540963933e-23
87.88485195	8.546991444e-23
88.08475218	8.553037814e-23
88.2851071	8.559102973e-23
88.48591774	8.565186866e-23
88.68718514	8.571289416e-23
88.88891034	8.577410565e-23
89.09109437	8.583550247e-23
89.29373829	8.589708403e-23
89.49684313	8.595884966e-23
89.70040995	8.602079873e-23
89.9044398	8.608293071e-23
90.10893373	8.614524494e-23
90.31389279	8.620774081e-23
90.51931805	8.627041782e-23
90.72521056	8.633327525e-23
90.93157138	8.639631262e-23
91.13840159	8.645952938e-23
91.34570225	8.652292491e-23
91.55347443	8.658649866e-23
91.7617192	8.665025012e-23
91.97043764	8.671417871e-23
92.17963082	8.677828389e-23
92.38929983	8.684256517e-23
92.59944575	8.690702201e-23
92.81006965	8.697165386e-23
93.02117264	8.703646032e-23
93.23275579	8.710144075e-23
93.44482021	8.716659469e-23
93.65736698	8.723192171e-23
93.8703972	8.729742130e-23
94.08391197	8.736309292e-23
94.2979124	8.742893620e-23
94.51239959	8.749495060e-23
94.72737464	8.756113564e-23
94.94283867	8.762749095e-23
95.15879279	8.769401604e-23
95.37523811	8.776071046e-23
95.59217575	8.782757375e-23
95.80960683	8.789460552e-23
96.02753247	8.796180538e-23
96.2459538	8.802917283e-23
96.46487194	8.809670749e-23
96.68428803	8.816440900e-23
96.90420319	8.823227689e-23
97.12461857	8.830031076e-23
97.3455353	8.836851029e-23
97.56695452	8.843687506e-23
97.78887737	8.850540469e-23
98.011305	8.857409884e-23
98.23423856	8.864295708e-23
98.45767919	8.871197904e-23
98.68162806	8.878116447e-23
98.90608632	8.885051294e-23
99.13105512	8.892002412e-23
99.35653562	8.898969763e-23
99.582529	8.905953323e-23
99.80903642	8.912953052e-23
100.036059	8.919968915e-23
100.263598	8.927000891e-23
100.4916546	8.934048942e-23
100.7202299	8.941113035e-23
100.9493251	8.948193142e-23
101.1789414	8.955289236e-23
101.4090799	8.962401280e-23
101.639742	8.969529260e-23
101.8709287	8.976673134e-23
102.1026412	8.983832876e-23
102.3348808	8.991008464e-23
102.5676486	8.998199867e-23
102.8009459	9.005407065e-23
103.0347738	9.012630027e-23
103.2691336	9.019868727e-23
103.5040265	9.027123149e-23
103.7394536	9.034393253e-23
103.9754163	9.041679034e-23
104.2119156	9.048980451e-23
104.4489529	9.056297494e-23
104.6865293	9.063630136e-23
104.9246461	9.070978351e-23
105.1633046	9.078342131e-23
105.4025059	9.085721444e-23
105.6422512	9.093116265e-23
105.8825419	9.100526589e-23
106.1233791	9.107952382e-23
106.3647642	9.115393642e-23
106.6066983	9.122850336e-23
106.8491826	9.130322448e-23
107.0922186	9.137809967e-23
107.3358073	9.145312865e-23
107.5799501	9.152831136e-23
107.8246482	9.160364761e-23
108.0699029	9.167913721e-23
108.3157154	9.175478001e-23
108.5620871	9.183057590e-23
108.8090191	9.190652469e-23
109.0565128	9.198262627e-23
109.3045695	9.205888053e-23
109.5531904	9.213528730e-23
109.8023768	9.221184642e-23
110.0521299	9.228855782e-23
110.3024512	9.236542137e-23
110.5533418	9.244243693e-23
110.8048031	9.251960446e-23
111.0568364	9.259692376e-23
111.3094429	9.267439479e-23
111.562624	9.275201742e-23
111.816381	9.282979161e-23
112.0707152	9.290771717e-23
112.3256278	9.298579413e-23
112.5811203	9.306402232e-23
112.8371939	9.314240168e-23
113.09385	9.322093220e-23
113.3510899	9.329961377e-23
113.6089148	9.337844626e-23
113.8673262	9.345742972e-23
114.1263254	9.353656400e-23
114.3859137	9.361584914e-23
114.6460925	9.369528502e-23
114.906863	9.377487158e-23
115.1682267	9.385460886e-23
115.4301849	9.393449678e-23
115.6927389	9.401453526e-23
115.9558901	9.409472432e-23
116.2196399	9.417506392e-23
116.4839896	9.425555405e-23
116.7489405	9.433619464e-23
117.0144942	9.441698584e-23
117.2806518	9.449792738e-23
117.5474148	9.457901945e-23
117.8147846	9.466026196e-23
118.0827626	9.474165499e-23
118.3513501	9.482319848e-23
118.6205485	9.490489242e-23
118.8903592	9.498673684e-23
119.1607836	9.506873179e-23
119.4318232	9.515087727e-23
119.7034792	9.523317326e-23
119.9757531	9.531561986e-23
120.2486463	9.539821702e-23
120.5221603	9.548096486e-23
120.7962964	9.556386333e-23
121.071056	9.564691252e-23
121.3464405	9.573011245e-23
121.6224515	9.581346322e-23
121.8990903	9.589696481e-23
122.1763582	9.598061729e-23
122.4542569	9.606442076e-23
122.7327877	9.614837529e-23
123.011952	9.623248087e-23
123.2917512	9.631673756e-23
123.5721869	9.640114553e-23
123.8532605	9.648570480e-23
124.1349734	9.657041545e-23
124.4173271	9.665527758e-23
124.700323	9.674029119e-23
124.9839626	9.682545649e-23
125.2682473	9.691077352e-23
125.5531787	9.699624235e-23
125.8387582	9.708186311e-23
126.1249872	9.716763589e-23
126.4118673	9.725356078e-23
126.6993999	9.733963792e-23
126.9875865	9.742586736e-23
127.2764287	9.751224938e-23
127.5659278	9.759878388e-23
127.8560854	9.768547113e-23
128.146903	9.777231119e-23
128.4383821	9.785930423e-23
128.7305242	9.794645032e-23
129.0233307	9.803374960e-23
129.3168033	9.812120230e-23
129.6109434	9.820880849e-23
129.9057525	9.829656828e-23
130.2012323	9.838448196e-23
130.497384	9.847254945e-23
130.7942095	9.856077110e-23
131.09171	9.864914701e-23
131.3898873	9.873767731e-23
131.6887427	9.882636217e-23
131.988278	9.891520181e-23
132.2884945	9.900419633e-23
132.589394	9.909334599e-23
132.8909778	9.918265083e-23
133.1932476	9.927211111e-23
133.496205	9.936172706e-23
133.7998514	9.945149876e-23
134.1041885	9.954142645e-23
134.4092178	9.963151038e-23
134.714941	9.972175061e-23
135.0213595	9.981214746e-23
135.3284751	9.990270109e-23
135.6362891	9.999341163e-23
135.9448033	1.000842794e-22
136.2540193	1.001753045e-22
136.5639386	1.002664873e-22
136.8745628	1.003578279e-22
137.1858935	1.004493265e-22
137.4979324	1.005409834e-22
137.8106811	1.006327987e-22
138.1241411	1.007247727e-22
138.4383141	1.008169058e-22
138.7532017	1.009091979e-22
139.0688056	1.010016495e-22
139.3851273	1.010942608e-22
139.7021685	1.011870318e-22
140.0199308	1.012799631e-22
140.3384159	1.013730547e-22
140.6576255	1.014663070e-22
140.977561	1.015597201e-22
141.2982244	1.016532944e-22
141.619617	1.017470301e-22
141.9417407	1.018409274e-22
142.2645971	1.019349867e-22
142.5881879	1.020292083e-22
142.9125147	1.021235923e-22
143.2375792	1.022181390e-22
143.5633831	1.023128488e-22
143.889928	1.024077218e-22
144.2172157	1.025027585e-22
144.5452478	1.025979589e-22
144.8740261	1.026933236e-22
145.2035522	1.027888528e-22
145.5338278	1.028845468e-22
145.8648547	1.029804057e-22
146.1966345	1.030764300e-22
146.5291689	1.031726199e-22
146.8624597	1.032689758e-22
147.1965087	1.033654980e-22
147.5313174	1.034621868e-22
147.8668877	1.035590425e-22
148.2032212	1.036560653e-22
148.5403198	1.037532558e-22
148.8781852	1.038506141e-22
149.216819	1.039481405e-22
149.5562231	1.040458355e-22
149.8963991	1.041436993e-22
150.237349	1.042417323e-22
150.5790743	1.043399349e-22
150.9215769	1.044383073e-22
151.2648586	1.045368500e-22
151.6089211	1.046355631e-22
151.9537662	1.047344472e-22
152.2993956	1.048335025e-22
152.6458112	1.049327295e-22
152.9930148	1.050321284e-22
153.3410081	1.051316997e-22
153.6897929	1.052314436e-22
154.0393711	1.053313607e-22
154.3897444	1.054314511e-22
154.7409146	1.055317154e-22
155.0928836	1.056321538e-22
155.4456532	1.057327669e-22
155.7992252	1.058335548e-22
156.1536015	1.059345182e-22
156.5087837	1.060356571e-22
156.8647739	1.061369723e-22
157.2215738	1.062384638e-22
157.5791852	1.063401324e-22
157.9376101	1.064419782e-22
158.2968502	1.065440017e-22
158.6569074	1.066462032e-22
159.0177837	1.067485834e-22
159.3794807	1.068511424e-22
159.7420005	1.069538808e-22
160.1053448	1.070567989e-22
160.4695156	1.071598972e-22
160.8345147	1.072631760e-22
161.2003441	1.073666359e-22
161.5670055	1.074702772e-22
161.9345009	1.075741004e-22
162.3028323	1.076781059e-22
162.6720014	1.077822942e-22
163.0420102	1.078866656e-22
163.4128607	1.079912207e-22
163.7845546	1.080959598e-22
164.157094	1.082008834e-22
164.5304808	1.083059920e-22
164.9047169	1.084112861e-22
165.2798042	1.085167660e-22
165.6557446	1.086224322e-22
166.0325402	1.087282854e-22
166.4101928	1.088343257e-22
166.7887044	1.089405538e-22
167.168077	1.090469701e-22
167.5483124	1.091535750e-22
167.9294128	1.092603692e-22
168.3113799	1.093673530e-22
168.6942159	1.094745269e-22
169.0779227	1.095818915e-22
169.4625022	1.096894471e-22
169.8479565	1.097971943e-22
170.2342876	1.099051337e-22
170.6214974	1.100132657e-22
171.0095879	1.101215907e-22
171.3985611	1.102301093e-22
171.7884191	1.103388221e-22
172.1791639	1.104477294e-22
172.5707974	1.105568319e-22
172.9633217	1.106661301e-22
173.3567389	1.107756244e-22
173.7510509	1.108853155e-22
174.1462598	1.109952037e-22
174.5423676	1.111052897e-22
174.9393764	1.112155740e-22
175.3372883	1.113260571e-22
175.7361052	1.114367395e-22
176.1358292	1.115476219e-22
176.5364625	1.116587047e-22
176.938007	1.117699885e-22
177.3404648	1.118814738e-22
177.7438381	1.119931613e-22
178.1481289	1.121050514e-22
178.5533392	1.122171447e-22
178.9594713	1.123294418e-22
179.3665271	1.124419432e-22
179.7745088	1.125546496e-22
180.1834184	1.126675614e-22
180.5932582	1.127806793e-22
181.0040302	1.128940039e-22
181.4157365	1.130075356e-22
181.8283793	1.131212753e-22
182.2419606	1.132352232e-22
182.6564827	1.133493802e-22
183.0719476	1.134637468e-22
183.4883575	1.135783235e-22
183.9057146	1.136931111e-22
184.324021	1.138081100e-22
184.7432789	1.139233210e-22
185.1634904	1.140387446e-22
185.5846576	1.141543813e-22
186.0067829	1.142702320e-22
186.4298683	1.143862971e-22
186.8539161	1.145025774e-22
187.2789284	1.146190733e-22
187.7049074	1.147357856e-22
188.1318553	1.148527149e-22
188.5597743	1.149698618e-22
188.9886667	1.150872270e-22
189.4185346	1.152048111e-22
189.8493803	1.153226148e-22
190.281206	1.154406386e-22
190.7140139	1.155588834e-22
191.1478062	1.156773497e-22
191.5825853	1.157960383e-22
192.0183532	1.159149495e-22
192.4551124	1.160340844e-22
192.892865	1.161534435e-22
193.3316133	1.162730275e-22
193.7713595	1.163928369e-22
194.212106	1.165128727e-22
194.653855	1.166331353e-22
195.0966088	1.167536256e-22
195.5403697	1.168743441e-22
195.9851399	1.169952918e-22
196.4309218	1.171164690e-22
196.8777176	1.172378767e-22
197.3255297	1.173595155e-22
197.7743604	1.174813862e-22
198.224212	1.176034894e-22
198.6750868	1.177258258e-22
199.1269872	1.178483962e-22
199.5799154	1.179712013e-22
200.0338739	1.180942419e-22
200.4888649	1.182175186e-22
200.9448908	1.183410322e-22
201.401954	1.184647835e-22
201.8600568	1.185887732e-22
202.3192016	1.187130020e-22
202.7793908	1.188374707e-22
203.2406267	1.189621800e-22
203.7029117	1.190871308e-22
204.1662482	1.192123237e-22
204.6306386	1.193377595e-22
205.0960852	1.194634391e-22
205.5625906	1.195893631e-22
206.0301571	1.197155323e-22
206.4987871	1.198419477e-22
206.968483	1.199686098e-22
207.4392472	1.200955194e-22
207.9110823	1.202226776e-22
208.3839906	1.203500849e-22
208.8579745	1.204777422e-22
209.3330366	1.206056504e-22
209.8091792	1.207338101e-22
210.2864048	1.208622223e-22
210.7647159	1.209908877e-22
211.244115	1.211198071e-22
211.7246045	1.212489815e-22
212.2061869	1.213784116e-22
212.6888647	1.215080982e-22
213.1726403	1.216380422e-22
213.6575164	1.217682444e-22
214.1434953	1.218987057e-22
214.6305797	1.220294269e-22
215.1187719	1.221604090e-22
215.6080746	1.222916525e-22
216.0984902	1.224231586e-22
216.5900213	1.225549281e-22
217.0826704	1.226869618e-22
217.5764401	1.228192605e-22
218.0713329	1.229518253e-22
218.5673514	1.230846570e-22
219.0644981	1.232177563e-22
219.5627756	1.233511243e-22
220.0621865	1.234847618e-22
220.5627333	1.236186697e-22
221.0644186	1.237528490e-22
221.5672451	1.238873005e-22
222.0712153	1.240220252e-22
222.5763318	1.241570240e-22
223.0825972	1.242922976e-22
223.5900141	1.244278472e-22
224.0985852	1.245636737e-22
224.6083131	1.246997779e-22
225.1192004	1.248361609e-22
225.6312497	1.249728235e-22
226.1444638	1.251097667e-22
226.6588452	1.252469915e-22
227.1743965	1.253844987e-22
227.6911206	1.255222895e-22
228.2090199	1.256603646e-22
228.7280973	1.257987253e-22
229.2483553	1.259373722e-22
229.7697967	1.260763065e-22
230.2924241	1.262155291e-22
230.8162403	1.263550411e-22
231.341248	1.264948434e-22
231.8674498	1.266349370e-22
232.3948485	1.267753230e-22
232.9234468	1.269160022e-22
233.4532475	1.270569759e-22
233.9842532	1.271982448e-22
234.5164667	1.273398101e-22
235.0498908	1.274816728e-22
235.5845282	1.276238340e-22
236.1203817	1.277662946e-22
236.657454	1.279090558e-22
237.1957479	1.280521185e-22
237.7352662	1.281954838e-22
238.2760116	1.283391527e-22
238.8179871	1.284831264e-22
239.3611953	1.286274058e-22
239.905639	1.287719921e-22
240.4513211	1.289168863e-22
240.9982445	1.290620895e-22
241.5464118	1.292076028e-22
242.095826	1.293534273e-22
242.6464898	1.294995640e-22
243.1984062	1.296460142e-22
243.751578	1.297927788e-22
244.306008	1.299398590e-22
244.8616991	1.300872559e-22
245.4186541	1.302349706e-22
245.976876	1.303830043e-22
246.5363675	1.305313580e-22
247.0971317	1.306800330e-22
247.6591714	1.308290303e-22
248.2224895	1.309783512e-22
248.7870889	1.311279966e-22
249.3529725	1.312779680e-22
249.9201432	1.314282662e-22
250.4886041	1.315788926e-22
251.0583579	1.317298483e-22
251.6294076	1.318811345e-22
252.2017563	1.320327525e-22
252.7754068	1.321847032e-22
253.3503621	1.323369881e-22
253.9266252	1.324896082e-22
254.5041991	1.326425647e-22
255.0830866	1.327958590e-22
255.6632909	1.329494921e-22
256.2448149	1.331034654e-22
256.8276617	1.332577800e-22
257.4118341	1.334124372e-22
257.9973353	1.335674382e-22
258.5841683	1.337227844e-22
259.172336	1.338784768e-22
259.7618416	1.340345168e-22
260.352688	1.341909056e-22
260.9448784	1.343476446e-22
261.5384158	1.345047349e-22
262.1333032	1.346621778e-22
262.7295437	1.348199749e-22
263.3271404	1.349781270e-22
263.9260963	1.351366357e-22
264.5264147	1.352955023e-22
265.1280985	1.354547280e-22
265.7311508	1.356143142e-22
266.3355749	1.357742622e-22
266.9413738	1.359345733e-22
267.5485506	1.360952489e-22
268.1571084	1.362562901e-22
268.7670505	1.364176986e-22
269.3783799	1.365794756e-22
269.9910999	1.367416224e-22
270.6052135	1.369041405e-22
271.2207239	1.370670310e-22
271.8376344	1.372302956e-22
272.4559481	1.373939355e-22
273.0756682	1.375579522e-22
273.6967979	1.377223471e-22
274.3193403	1.378871213e-22
274.9432988	1.380522766e-22
275.5686766	1.382178142e-22
276.1954768	1.383837356e-22
276.8237027	1.385500422e-22
277.4533575	1.387167355e-22
278.0844446	1.388838168e-22
278.716967	1.390512876e-22
279.3509283	1.392191495e-22
279.9863314	1.393874037e-22
280.6231799	1.395560520e-22
281.2614769	1.397250955e-22
281.9012258	1.398945360e-22
282.5424298	1.400643748e-22
283.1850923	1.402346134e-22
283.8292166	1.404052534e-22
284.474806	1.405762963e-22
285.1218638	1.407477435e-22
285.7703934	1.409195966e-22
286.4203981	1.410918571e-22
287.0718813	1.412645267e-22
287.7248463	1.414376066e-22
288.3792966	1.416110987e-22
289.0352354	1.417850043e-22
289.6926663	1.419593252e-22
290.3515925	1.421340627e-22
291.0120174	1.423092185e-22
291.6739446	1.424847943e-22
292.3373773	1.426607916e-22
293.0023191	1.428372119e-22
293.6687734	1.430140570e-22
294.3367435	1.431913283e-22
295.006233	1.433690276e-22
295.6772453	1.435471564e-22
296.3497838	1.437257165e-22
297.0238521	1.439047094e-22
297.6994536	1.440841367e-22
298.3765918	1.442640002e-22
299.0552702	1.444443015e-22
299.7354923	1.446250423e-22
300.4172616	1.448062242e-22
301.1005816	1.449878490e-22
301.7854559	1.451699183e-22
302.471888	1.453524339e-22
303.1598814	1.455353974e-22
303.8494398	1.457188106e-22
304.5405665	1.459026752e-22
305.2332653	1.460869930e-22
305.9275397	1.462717656e-22
306.6233933	1.464569948e-22
307.3208296	1.466426824e-22
308.0198523	1.468288301e-22
308.7204649	1.470154398e-22
309.4226712	1.472025132e-22
310.1264747	1.473900520e-22
310.831879	1.475780581e-22
311.5388878	1.477665333e-22
312.2475048	1.479554794e-22
312.9577335	1.481448982e-22
313.6695777	1.483347917e-22
314.3830411	1.485251614e-22
315.0981273	1.487160093e-22
315.81484	1.489073374e-22
316.5331829	1.490991475e-22
317.2531597	1.492914413e-22
317.9747742	1.494842208e-22
318.69803	1.496774880e-22
319.4229309	1.498712445e-22
320.1494807	1.500654924e-22
320.8776831	1.502602337e-22
321.6075418	1.504554702e-22
322.3390606	1.506512038e-22
323.0722433	1.508474365e-22
323.8070937	1.510441702e-22
324.5436155	1.512414069e-22
325.2818126	1.514391486e-22
326.0216888	1.516373971e-22
326.7632479	1.518361546e-22
327.5064937	1.520354229e-22
328.2514301	1.522352041e-22
328.9980609	1.524355003e-22
329.74639	1.526363133e-22
330.4964212	1.528376453e-22
331.2481584	1.530394982e-22
332.0016055	1.532418742e-22
332.7567663	1.534447753e-22
333.5136448	1.536482035e-22
334.2722449	1.538521609e-22
335.0325704	1.540566495e-22
335.7946254	1.542616716e-22
336.5584138	1.544672291e-22
337.3239394	1.546733242e-22
338.0912062	1.548799590e-22
338.8602183	1.550871357e-22
339.6309795	1.552948563e-22
340.4034939	1.555031230e-22
341.1777654	1.557119379e-22
341.9537981	1.559213035e-22
342.7315959	1.561312214e-22
343.5111628	1.563416942e-22
344.2925029	1.565527241e-22
345.0756203	1.567643131e-22
345.8605189	1.569764635e-22
346.6472028	1.571891775e-22
347.4356761	1.574024574e-22
348.2259428	1.576163054e-22
349.018007	1.578307238e-22
349.8118728	1.580457148e-22
350.6075444	1.582612807e-22
351.4050257	1.584774238e-22
352.204321	1.586941464e-22
353.0054343	1.589114508e-22
353.8083698	1.591293392e-22
354.6131317	1.593478140e-22
355.419724	1.595668777e-22
356.228151	1.597865324e-22
357.0384168	1.600067806e-22
357.8505256	1.602276246e-22
358.6644816	1.604490668e-22
359.480289	1.606711097e-22
360.297952	1.608937555e-22
361.1174749	1.611170067e-22
361.9388618	1.613408658e-22
362.762117	1.615653351e-22
363.5872448	1.617904171e-22
364.4142494	1.620161143e-22
365.243135	1.622424291e-22
366.0739061	1.624693640e-22
366.9065667	1.626969215e-22
367.7411213	1.629251040e-22
368.5775742	1.631539142e-22
369.4159296	1.633833545e-22
370.256192	1.636134274e-22
371.0983655	1.638441355e-22
371.9424547	1.640754814e-22
372.7884638	1.643074676e-22
373.6363972	1.645400968e-22
374.4862592	1.647733714e-22
375.3380544	1.650072941e-22
376.191787	1.652418675e-22
377.0474615	1.654770943e-22
377.9050823	1.657129772e-22
378.7646538	1.659495186e-22
379.6261804	1.661867214e-22
380.4896667	1.664245881e-22
381.355117	1.666631217e-22
382.2225359	1.669023245e-22
383.0919277	1.671421995e-22
383.9632971	1.673827494e-22
384.8366484	1.676239769e-22
385.7119862	1.678658847e-22
386.5893151	1.681084757e-22
387.4686395	1.683517526e-22
388.349964	1.685957183e-22
389.2332931	1.688403755e-22
390.1186314	1.690857271e-22
391.0059834	1.693317759e-22
391.8953539	1.695785248e-22
392.7867472	1.698259768e-22
393.6801681	1.700741346e-22
394.5756211	1.703230013e-22
395.4731109	1.705725796e-22
396.3726422	1.708228726e-22
397.2742194	1.710738832e-22
398.1778474	1.713256145e-22
399.0835307	1.715780694e-22
399.991274	1.718312509e-22
400.9010821	1.720851621e-22
401.8129596	1.723398060e-22
402.7269113	1.725951858e-22
403.6429418	1.728513045e-22
404.5610558	1.731081652e-22
405.4812582	1.733657710e-22
406.4035536	1.736241253e-22
407.3279469	1.738832310e-22
408.2544428	1.741430916e-22
409.183046	1.744037101e-22
410.1137614	1.746650900e-22
411.0465938	1.749272344e-22
411.981548	1.751901468e-22
412.9186288	1.754538305e-22
413.8578411	1.757182888e-22
414.7991896	1.759835253e-22
415.7426793	1.762495434e-22
416.6883151	1.765163467e-22
417.6361018	1.767839386e-22
418.5860443	1.770523229e-22
419.5381474	1.773215031e-22
420.4924163	1.775914830e-22
421.4488556	1.778622664e-22
422.4074705	1.781338571e-22
423.3682658	1.784062591e-22
424.3312465	1.786794762e-22
425.2964175	1.789535126e-22
426.2637839	1.792283724e-22
427.2333507	1.795040600e-22
428.2051228	1.797805795e-22
429.1791052	1.800579356e-22
430.1553031	1.803361329e-22
431.1337213	1.806151761e-22
432.1143651	1.808950702e-22
433.0972394	1.811758203e-22
434.0823493	1.814574316e-22
435.0696999	1.817399100e-22
436.0592964	1.820232612e-22
437.0511437	1.823074911e-22
438.045247	1.825926064e-22
439.0416115	1.828786141e-22
440.0402423	1.831655213e-22
441.0411446	1.834533360e-22
442.0443235	1.837420668e-22
443.0497842	1.840317228e-22
444.0575318	1.843223140e-22
445.0675717	1.846138515e-22
446.079909	1.849063475e-22
447.0945489	1.851998154e-22
448.1114967	1.854942707e-22
449.1307576	1.857897303e-22
450.1523368	1.860862140e-22
451.1762398	1.863837443e-22
452.2024716	1.866823473e-22
453.2310377	1.869820535e-22
454.2619434	1.872828987e-22
455.2951939	1.875849262e-22
456.3307946	1.878881875e-22
457.3687509	1.881927456e-22
458.409068	1.884986779e-22
459.4517515	1.888060809e-22
460.4968066	1.891150766e-22
461.5442387	1.894258207e-22
462.5940533	1.897385159e-22
463.6462558	1.900534296e-22
464.7008516	1.903709218e-22
465.7578461	1.906914865e-22
466.8172449	1.910158176e-22
467.8790533	1.913449159e-22
468.9432769	1.916802691e-22
470.0099211	1.920241687e-22
471.0789915	1.923802970e-22
472.1504936	1.927548837e-22
473.2244328	1.931591653e-22
474.3008149	1.936151385e-22
475.3796452	1.941708316e-22
476.4609294	1.949484799e-22
477.544673	1.963410634e-22
478.6308818	2.002533260e-22
479.7195611	2.319752109e-22
480.8107168	2.787034682e-22
481.9043543	2.030192484e-22
483.0004794	1.982676914e-22
484.0990978	1.972772737e-22
485.200215	1.970797448e-22
486.3038367	1.971477726e-22
487.4099688	1.973295443e-22
488.5186168	1.975682944e-22
489.6297865	1.978389333e-22
490.7434836	1.981289940e-22
491.859714	1.984317187e-22
492.9784832	1.987431897e-22
494.0997972	1.990610109e-22
495.2236617	1.993836516e-22
496.3500825	1.997100975e-22
497.4790654	2.000396561e-22
498.6106163	2.003718421e-22
499.744741	2.007063074e-22
500.8814453	2.010427982e-22
502.0207351	2.013811259e-22
503.1626164	2.017211481e-22
504.3070949	2.020627566e-22
505.4541766	2.024058680e-22
506.6038674	2.027504172e-22
507.7561733	2.030963535e-22
508.9111001	2.034436367e-22
510.068654	2.037922353e-22
511.2288408	2.041421242e-22
512.3916665	2.044932835e-22
513.5571371	2.048456973e-22
514.7252587	2.051993535e-22
515.8960372	2.055542421e-22
517.0694788	2.059103559e-22
518.2455894	2.062676892e-22
519.4243752	2.066262377e-22
520.6058422	2.069859986e-22
521.7899966	2.073469701e-22
522.9768444	2.077091511e-22
524.1663917	2.080725417e-22
525.3586448	2.084371420e-22
526.5536097	2.088029533e-22
527.7512927	2.091699768e-22
528.9516998	2.095382146e-22
530.1548374	2.099076688e-22
531.3607116	2.102783419e-22
532.5693287	2.106502367e-22
533.7806948	2.110233563e-22
534.9948163	2.113977039e-22
536.2116993	2.117732829e-22
537.4313503	2.121500969e-22
538.6537754	2.125281497e-22
539.8789811	2.129074451e-22
541.1069735	2.132879872e-22
542.3377591	2.136697800e-22
543.5713442	2.140528277e-22
544.8077352	2.144371345e-22
546.0469384	2.148227049e-22
547.2889603	2.152095433e-22
548.5338073	2.155976543e-22
549.7814857	2.159870422e-22
551.0320021	2.163777119e-22
552.2853629	2.167696681e-22
553.5415745	2.171629153e-22
554.8006435	2.175574585e-22
556.0625763	2.179533026e-22
557.3273795	2.183504522e-22
558.5950595	2.187489124e-22
559.865623	2.191486881e-22
561.1390765	2.195497843e-22
562.4154265	2.199522061e-22
563.6946796	2.203559586e-22
564.9768426	2.207610468e-22
566.2619218	2.211674759e-22
567.5499241	2.215752511e-22
568.8408561	2.219843774e-22
570.1347243	2.223948603e-22
571.4315356	2.228067049e-22
572.7312965	2.232199164e-22
574.0340138	2.236345004e-22
575.3396943	2.240504619e-22
576.6483446	2.244678066e-22
577.9599715	2.248865396e-22
579.2745818	2.253066665e-22
580.5921823	2.257281926e-22
581.9127798	2.261511236e-22
583.2363811	2.265754648e-22
584.5629929	2.270012217e-22
585.8926223	2.274284001e-22
587.225276	2.278570052e-22
588.5609609	2.282870428e-22
589.8996839	2.287185185e-22
591.2414519	2.291514379e-22
592.5862719	2.295858067e-22
593.9341507	2.300216306e-22
595.2850955	2.304589153e-22
596.639113	2.308976665e-22
597.9962103	2.313378899e-22
599.3563944	2.317795913e-22
600.7196724	2.322227767e-22
602.0860513	2.326674516e-22
603.455538	2.331136222e-22
604.8281398	2.335612941e-22
606.2038636	2.340104732e-22
607.5827167	2.344611655e-22
608.964706	2.349133770e-22
610.3498387	2.353671135e-22
611.7381221	2.358223810e-22
613.1295632	2.362791857e-22
614.5241692	2.367375336e-22
615.9219473	2.371974304e-22
617.3229048	2.376588824e-22
618.7270489	2.381218959e-22
620.1343867	2.385864767e-22
621.5449257	2.390526311e-22
622.958673	2.395203652e-22
624.3756361	2.399896853e-22
625.795822	2.404605974e-22
627.2192383	2.409331080e-22
628.6458923	2.414072232e-22
630.0757913	2.418829492e-22
631.5089427	2.423602924e-22
632.9453539	2.428392591e-22
634.3850323	2.433198557e-22
635.8279853	2.438020885e-22
637.2742205	2.442859639e-22
638.7237452	2.447714883e-22
640.176567	2.452586683e-22
641.6326933	2.457475102e-22
643.0921317	2.462380204e-22
644.5548896	2.467302056e-22
646.0209747	2.472240723e-22
647.4903946	2.477196270e-22
648.9631567	2.482168762e-22
650.4392687	2.487158267e-22
651.9187382	2.492164849e-22
653.4015729	2.497188576e-22
654.8877805	2.502229514e-22
656.3773684	2.507287731e-22
657.8703446	2.512363293e-22
659.3667167	2.517456268e-22
660.8664923	2.522566723e-22
662.3696793	2.527694727e-22
663.8762854	2.532840348e-22
665.3863184	2.538003653e-22
666.899786	2.543184713e-22
668.4166961	2.548383595e-22
669.9370566	2.553600368e-22
671.4608752	2.558835103e-22
672.9881599	2.564087867e-22
674.5189184	2.569358733e-22
676.0531588	2.574647768e-22
677.5908889	2.579955045e-22
679.1321167	2.585280634e-22
680.6768502	2.590624604e-22
682.2250972	2.595987028e-22
683.7768658	2.601367977e-22
685.3321641	2.606767520e-22
686.8909999	2.612185733e-22
688.4533815	2.617622685e-22
690.0193168	2.623078450e-22
691.5888139	2.628553100e-22
693.161881	2.634046707e-22
694.7385261	2.639559345e-22
696.3187574	2.645091087e-22
697.902583	2.650642008e-22
699.4900112	2.656212180e-22
701.0810501	2.661801677e-22
702.6757079	2.667410574e-22
704.2739928	2.673038947e-22
705.8759132	2.678686867e-22
707.4814773	2.684354413e-22
709.0906933	2.690041658e-22
710.7035696	2.695748679e-22
712.3201145	2.701475551e-22
713.9403364	2.707222351e-22
715.5642435	2.712989155e-22
717.1918444	2.718776039e-22
718.8231473	2.724583082e-22
720.4581607	2.730410357e-22
722.0968931	2.736257946e-22
723.739353	2.742125925e-22
725.3855487	2.748014372e-22
727.0354887	2.753923364e-22
728.6891817	2.759852982e-22
730.3466362	2.765803302e-22
732.0078606	2.771774406e-22
733.6728636	2.777766371e-22
735.3416538	2.783779277e-22
737.0142397	2.789813204e-22
738.6906301	2.795868234e-22
740.3708335	2.801944444e-22
742.0548587	2.808041918e-22
743.7427143	2.814160735e-22
745.434409	2.820300976e-22
747.1299516	2.826462724e-22
748.8293509	2.832646060e-22
750.5326155	2.838851065e-22
752.2397544	2.845077824e-22
753.9507762	2.851326417e-22
755.6656899	2.857596927e-22
757.3845043	2.863889440e-22
759.1072283	2.870204036e-22
760.8338707	2.876540801e-22
762.5644404	2.882899818e-22
764.2989465	2.889281172e-22
766.0373979	2.895684947e-22
767.7798034	2.902111227e-22
769.5261722	2.908560099e-22
771.2765132	2.915031647e-22
773.0308355	2.921525958e-22
774.7891481	2.928043117e-22
776.5514602	2.934583211e-22
778.3177807	2.941146326e-22
780.0881188	2.947732549e-22
781.8624837	2.954341966e-22
783.6408846	2.960974669e-22
785.4233305	2.967630740e-22
787.2098307	2.974310270e-22
789.0003944	2.981013348e-22
790.7950309	2.987740060e-22
792.5937495	2.994490498e-22
794.3965593	3.001264749e-22
796.2034697	3.008062903e-22
798.0144901	3.014885050e-22
799.8296298	3.021731281e-22
801.6488982	3.028601686e-22
803.4723046	3.035496355e-22
805.2998584	3.042415379e-22
807.1315692	3.049358850e-22
808.9674463	3.056326861e-22
810.8074993	3.063319501e-22
812.6517376	3.070336864e-22
814.5001707	3.077379043e-22
816.3528082	3.084446130e-22
818.2096597	3.091538218e-22
820.0707347	3.098655401e-22
821.9360429	3.105797773e-22
823.8055938	3.112965429e-22
825.6793972	3.120158461e-22
827.5574626	3.127376965e-22
829.4397998	3.134621037e-22
831.3264186	3.141890771e-22
833.2173286	3.149186265e-22
835.1125396	3.156507611e-22
837.0120614	3.163854910e-22
838.9159038	3.171228256e-22
840.8240766	3.178627745e-22
842.7365897	3.186053477e-22
844.6534529	3.193505549e-22
846.5746762	3.200984058e-22
848.5002694	3.208489104e-22
850.4302425	3.216020784e-22
852.3646055	3.223579197e-22
854.3033683	3.231164443e-22
856.246541	3.238776624e-22
858.1941335	3.246415836e-22
860.146156	3.254082181e-22
862.1026185	3.261775760e-22
864.0635311	3.269496675e-22
866.028904	3.277245026e-22
867.9987472	3.285020916e-22
869.973071	3.292824447e-22
871.9518855	3.300655720e-22
873.9352009	3.308514841e-22
875.9230276	3.316401912e-22
877.9153757	3.324317035e-22
879.9122555	3.332260317e-22
881.9136774	3.340231860e-22
883.9196516	3.348231772e-22
885.9301886	3.356260157e-22
887.9452987	3.364317121e-22
889.9649923	3.372402773e-22
891.9892798	3.380517216e-22
894.0181717	3.388660560e-22
896.0516785	3.396832913e-22
898.0898106	3.405034385e-22
900.1325786	3.413265086e-22
902.179993	3.421525126e-22
904.2320644	3.429814616e-22
906.2888034	3.438133671e-22
908.3502206	3.446482404e-22
910.4163266	3.454860932e-22
912.4871321	3.463269372e-22
914.5626478	3.471707845e-22
916.6428844	3.480176473e-22
918.7278527	3.488675385e-22
920.8175634	3.497204712e-22
922.9120272	3.505764594e-22
925.0112551	3.514355177e-22
927.1152578	3.522976624e-22
929.2240462	3.531629108e-22
931.3376312	3.540312835e-22
933.4560236	3.549028040e-22
935.5792346	3.557775021e-22
937.7072749	3.566554158e-22
939.8401555	3.575365978e-22
941.9778876	3.584211263e-22
944.1204821	3.593091240e-22
946.2679501	3.602008032e-22
948.4203026	3.610965652e-22
950.5775508	3.619972655e-22
952.7397059	3.629050363e-22
954.9067789	3.638265801e-22
957.078781	3.647933067e-22
959.2557235	3.661947646e-22
961.4376177	3.695851650e-22
963.6244747	3.675953637e-22
965.8163058	3.684013371e-22
968.0131225	3.692964720e-22
970.2149359	3.702116012e-22
972.4217576	3.711354316e-22
974.6335988	3.720648356e-22
976.8504709	3.729986753e-22
979.0723856	3.739364616e-22
981.2993541	3.748779596e-22
983.531388	3.758230485e-22
985.7684988	3.767716641e-22
988.0106981	3.777237721e-22
990.2579974	3.786793546e-22
992.5104084	3.796384045e-22
994.7679426	3.806009209e-22
997.0306118	3.815669065e-22
999.2984276	3.825363669e-22
1001.571402	3.835093099e-22
1003.849546	3.844857441e-22
1006.132872	3.854656795e-22
1008.421391	3.864491261e-22
1010.715116	3.874360954e-22
1013.014058	3.884265983e-22
1015.318229	3.894206467e-22
1017.627642	3.904182526e-22
1019.942307	3.914194280e-22
1022.262237	3.924241848e-22
1024.587444	3.934325360e-22
1026.917939	3.944444937e-22
1029.253736	3.954600708e-22
1031.594845	3.964792799e-22
1033.94128	3.975021340e-22
1036.293051	3.985286456e-22
1038.650172	3.995588282e-22
1041.012655	4.005926944e-22
1043.380511	4.016302576e-22
1045.753753	4.026715307e-22
1048.132393	4.037165270e-22
1050.516443	4.047652596e-22
1052.905916	4.058177421e-22
1055.300824	4.068739876e-22
1057.701179	4.079340099e-22
1060.106995	4.089978221e-22
1062.518282	4.100654377e-22
1064.935054	4.111368706e-22
1067.357323	4.122121342e-22
1069.785102	4.132912423e-22
1072.218403	4.143742084e-22
1074.657238	4.154610462e-22
1077.101621	4.165517699e-22
1079.551564	4.176463929e-22
1082.00708	4.187449295e-22
1084.46818	4.198473935e-22
1086.934879	4.209537988e-22
1089.407188	4.220641593e-22
1091.885121	4.231784895e-22
1094.36869	4.242968032e-22
1096.857908	4.254191148e-22
1099.352788	4.265454384e-22
1101.853343	4.276757882e-22
1104.359585	4.288101788e-22
1106.871528	4.299486241e-22
1109.389184	4.310911389e-22
1111.912568	4.322377378e-22
1114.44169	4.333884348e-22
1116.976566	4.345432448e-22
1119.517207	4.357021825e-22
1122.063627	4.368652623e-22
1124.615839	4.380324988e-22
1127.173857	4.392039073e-22
1129.737692	4.403795020e-22
1132.307359	4.415592979e-22
1134.882872	4.427433104e-22
1137.464242	4.439315537e-22
1140.051484	4.451240434e-22
1142.644611	4.463207940e-22
1145.243636	4.475218209e-22
1147.848572	4.487271393e-22
1150.459434	4.499367642e-22
1153.076234	4.511507110e-22
1155.698987	4.523689948e-22
1158.327705	4.535916312e-22
1160.962402	4.548186353e-22
1163.603092	4.560500227e-22
1166.249789	4.572858091e-22
1168.902505	4.585260095e-22
1171.561255	4.597706400e-22
1174.226053	4.610197160e-22
1176.896913	4.622732534e-22
1179.573847	4.635312676e-22
1182.25687	4.647937746e-22
1184.945996	4.660607902e-22
1187.641238	4.673323303e-22
1190.342611	4.686084109e-22
1193.050128	4.698890480e-22
1195.763804	4.711742576e-22
1198.483653	4.724640560e-22
1201.209687	4.737584589e-22
1203.941923	4.750574832e-22
1206.680373	4.763611445e-22
1209.425051	4.776694592e-22
1212.175973	4.789824443e-22
1214.933152	4.803001156e-22
1217.696602	4.816224897e-22
1220.466338	4.829495833e-22
1223.242374	4.842814128e-22
1226.024724	4.856179950e-22
1228.813403	4.869593466e-22
1231.608425	4.883054842e-22
1234.409805	4.896564248e-22
1237.217556	4.910121849e-22
1240.031694	4.923727818e-22
1242.852232	4.937382323e-22
1245.679186	4.951085533e-22
1248.512571	4.964837623e-22
1251.3524	4.978638760e-22
1254.198688	4.992489117e-22
1257.051451	5.006388869e-22
1259.910702	5.020338186e-22
1262.776457	5.034337242e-22
1265.64873	5.048386213e-22
1268.527537	5.062485274e-22
1271.412891	5.076634596e-22
1274.304809	5.090834362e-22
1277.203304	5.105084742e-22
1280.108392	5.119385914e-22
1283.020088	5.133738059e-22
1285.938407	5.148141354e-22
1288.863363	5.162595975e-22
1291.794973	5.177102106e-22
1294.733251	5.191659925e-22
1297.678212	5.206269610e-22
1300.629872	5.220931346e-22
1303.588245	5.235645311e-22
1306.553348	5.250411692e-22
1309.525195	5.265230670e-22
1312.503801	5.280102426e-22
1315.489183	5.295027148e-22
1318.481355	5.310005019e-22
1321.480333	5.325036223e-22
1324.486132	5.340120950e-22
1327.498768	5.355259382e-22
1330.518257	5.370451709e-22
1333.544614	5.385698120e-22
1336.577854	5.400998802e-22
1339.617994	5.416353943e-22
1342.665048	5.431763733e-22
1345.719034	5.447228367e-22
1348.779966	5.462748030e-22
1351.84786	5.478322917e-22
1354.922732	5.493953218e-22
1358.004599	5.509639133e-22
1361.093475	5.525380847e-22
1364.189377	5.541178560e-22
1367.292321	5.557032465e-22
1370.402323	5.572942761e-22
1373.519399	5.588909644e-22
1376.643564	5.604933309e-22
1379.774836	5.621013960e-22
1382.913231	5.637151795e-22
1386.058763	5.653347012e-22
1389.211451	5.669599819e-22
1392.371309	5.685910418e-22
1395.538355	5.702279018e-22
1398.712605	5.718705830e-22
1401.894074	5.735191066e-22
1405.08278	5.751734952e-22
1408.278739	5.768337721e-22
1411.481967	5.784999621e-22
1414.692482	5.801720938e-22
1417.910298	5.818502005e-22
1421.135434	5.835343287e-22
1424.367906	5.852245502e-22
1427.60773	5.869210058e-22
1430.854924	5.886240531e-22
1434.109503	5.903349849e-22
1437.371486	5.920625793e-22
1440.640887	5.947687823e-22
1443.917726	5.955252957e-22
1447.202017	5.972295551e-22
1450.49378	5.989638036e-22
1453.793029	6.007071033e-22
1457.099783	6.024573678e-22
1460.414058	6.042141363e-22
1463.735872	6.059772728e-22
1467.065241	6.077467346e-22
1470.402183	6.095225133e-22
1473.746716	6.113046154e-22
1477.098856	6.130930536e-22
1480.45862	6.148878446e-22
1483.826027	6.166890075e-22
1487.201093	6.184965618e-22
1490.583835	6.203105280e-22
1493.974272	6.221309278e-22
1497.372421	6.239577825e-22
1500.778299	6.257911137e-22
1504.191924	6.276309436e-22
1507.613314	6.294772943e-22
1511.042486	6.313301881e-22
1514.479458	6.331896473e-22
1517.924247	6.350556944e-22
1521.376872	6.369283523e-22
1524.837349	6.388076433e-22
1528.305698	6.406935906e-22
1531.781937	6.425862173e-22
1535.266082	6.444855457e-22
1538.758151	6.463915993e-22
1542.258164	6.483044012e-22
1545.766138	6.502239746e-22
1549.282091	6.521503429e-22
1552.806042	6.540835297e-22
1556.338007	6.560235579e-22
1559.878007	6.579704516e-22
1563.426058	6.599242341e-22
1566.98218	6.618849294e-22
1570.54639	6.638525610e-22
1574.118708	6.658271534e-22
1577.699151	6.678087298e-22
1581.287738	6.697973146e-22
1584.884487	6.717929316e-22
1588.489418	6.737956057e-22
1592.102548	6.758053607e-22
1595.723896	6.778222208e-22
1599.353482	6.798462110e-22
1602.991323	6.818773554e-22
1606.637438	6.839156785e-22
1610.291848	6.859612055e-22
1613.954569	6.880139608e-22
1617.625621	6.900739694e-22
1621.305024	6.921412562e-22
1624.992795	6.942158461e-22
1628.688955	6.962977646e-22
1632.393521	6.983870364e-22
1636.106515	7.004836872e-22
1639.827953	7.025877420e-22
1643.557856	7.046992265e-22
1647.296243	7.068181660e-22
1651.043134	7.089445863e-22
1654.798547	7.110785132e-22
1658.562502	7.132199724e-22
1662.335018	7.153689898e-22
1666.116115	7.175255908e-22
1669.905812	7.196898023e-22
1673.70413	7.218616502e-22
1677.511087	7.240411601e-22
1681.326703	7.262283591e-22
1685.150998	7.284232732e-22
1688.983991	7.306259289e-22
1692.825703	7.328363528e-22
1696.676154	7.350545721e-22
1700.535362	7.372806125e-22
1704.403349	7.395145015e-22
1708.280133	7.417562659e-22
1712.165735	7.440059328e-22
1716.060176	7.462635292e-22
1719.963475	7.485290826e-22
1723.875652	7.508026195e-22
1727.796727	7.530841683e-22
1731.726722	7.553737558e-22
1735.665655	7.576714096e-22
1739.613548	7.599771579e-22
1743.57042	7.622910278e-22
1747.536293	7.646130472e-22
1751.511186	7.669432446e-22
1755.495121	7.692816477e-22
1759.488117	7.716282842e-22
1763.490196	7.739831830e-22
1767.501377	7.763463721e-22
1771.521683	7.787178799e-22
1775.551132	7.810977349e-22
1779.589747	7.834859657e-22
1783.637549	7.858826013e-22
1787.694557	7.882876699e-22
1791.760793	7.907012011e-22
1795.836278	7.931232231e-22
1799.921033	7.955537656e-22
1804.015079	7.979928574e-22
1808.118437	8.004405281e-22
1812.231129	8.028968069e-22
1816.353175	8.053617231e-22
1820.484597	8.078353065e-22
1824.625417	8.103175871e-22
1828.775655	8.128085943e-22
1832.935333	8.153083579e-22
1837.104472	8.178169080e-22
1841.283094	8.203342745e-22
1845.471221	8.228604882e-22
1849.668875	8.253955791e-22
1853.876076	8.279395775e-22
1858.092846	8.304925141e-22
1862.319208	8.330544196e-22
1866.555183	8.356253248e-22
1870.800793	8.382052610e-22
1875.05606	8.407942593e-22
1879.321006	8.433923512e-22
1883.595653	8.459995691e-22
1887.880023	8.486159455e-22
1892.174138	8.512415151e-22
1896.47802	8.538763145e-22
1900.791692	8.565203877e-22
1905.115175	8.591737967e-22
1909.448493	8.618366667e-22
1913.791667	8.645094485e-22
1918.14472	8.671966991e-22
1922.507674	8.699715840e-22
1926.880552	8.725831737e-22
1931.263376	8.752907491e-22
1935.65617	8.780094265e-22
1940.058955	8.807379307e-22
1944.471754	8.834760950e-22
1948.894591	8.862238986e-22
1953.327488	8.889813555e-22
1957.770468	8.917484895e-22
1962.223553	8.945253300e-22
1966.686768	8.973119081e-22
1971.160134	9.001082554e-22
1975.643676	9.029144049e-22
1980.137415	9.057303892e-22
1984.641376	9.085562421e-22
1989.155582	9.113919969e-22
1993.680055	9.142376871e-22
1998.214819	9.170933464e-22
2002.759898	9.199590089e-22
2007.315316	9.228347092e-22
2011.881095	9.257204808e-22
2016.457259	9.286163584e-22
2021.043832	9.315223763e-22
2025.640837	9.344385694e-22
2030.248298	9.373649721e-22
2034.86624	9.403016197e-22
2039.494685	9.432485465e-22
2044.133658	9.462057881e-22
2048.783183	9.491733796e-22
2053.443284	9.521513564e-22
2058.113984	9.551397536e-22
2062.795308	9.581386071e-22
2067.48728	9.611479527e-22
2072.189924	9.641678256e-22
2076.903265	9.671982623e-22
2081.627326	9.702392983e-22
2086.362133	9.732909706e-22
2091.107709	9.763533146e-22
2095.86408	9.794263676e-22
2100.631269	9.825101653e-22
2105.409302	9.856047451e-22
2110.198202	9.887101431e-22
2114.997995	9.918263966e-22
2119.808706	9.949535426e-22
2124.630359	9.980916180e-22
2129.462979	1.001240660e-21
2134.306591	1.004400707e-21
2139.161221	1.007571796e-21
2144.026892	1.010753964e-21
2148.903631	1.013947250e-21
2153.791462	1.017151691e-21
2158.690412	1.020367325e-21
2163.600504	1.023594191e-21
2168.521764	1.026832326e-21
2173.454218	1.030081770e-21
2178.397892	1.033342560e-21
2183.35281	1.036614736e-21
2188.318998	1.039898335e-21
2193.296483	1.043193399e-21
2198.285289	1.046499965e-21
2203.285442	1.049818072e-21
2208.296969	1.053147761e-21
2213.319894	1.056489069e-21
2218.354245	1.059842037e-21
2223.400047	1.063206707e-21
2228.457325	1.066583114e-21
2233.526107	1.069971302e-21
2238.606418	1.073371309e-21
2243.698285	1.076783178e-21
2248.801733	1.080206946e-21
2253.91679	1.083642656e-21
2259.043481	1.087090348e-21
2264.181833	1.090550062e-21
2269.331873	1.094021841e-21
2274.493627	1.097505723e-21
2279.667121	1.101001752e-21
2284.852383	1.104509969e-21
2290.04944	1.108030415e-21
2295.258317	1.111563131e-21
2300.479043	1.115108161e-21
2305.711643	1.118665543e-21
2310.956145	1.122235323e-21
2316.212576	1.125817544e-21
2321.480963	1.129412243e-21
2326.761334	1.133019468e-21
2332.053715	1.136639260e-21
2337.358134	1.140271660e-21
2342.674618	1.143916713e-21
2348.003195	1.147574463e-21
2353.343893	1.151244951e-21
2358.696738	1.154928223e-21
2364.061758	1.158624322e-21
2369.438982	1.162333294e-21
2374.828436	1.166055184e-21
2380.230149	1.169790044e-21
2385.644149	1.173537935e-21
2391.070463	1.177298978e-21
2396.50912	1.181073825e-21
2401.960147	1.232990931e-21
2407.423573	1.188661165e-21
2412.899426	1.192473830e-21
2418.387735	1.196300452e-21
2423.888527	1.200140490e-21
2429.40183	1.203993918e-21
2434.927674	1.207860761e-21
2440.466087	1.211741062e-21
2446.017098	1.215634863e-21
2451.580735	1.219542209e-21
2457.157026	1.223463144e-21
2462.746002	1.227397716e-21
2468.347689	1.231345970e-21
2473.962118	1.235307952e-21
2479.589318	1.239283711e-21
2485.229317	1.243273290e-21
2490.882145	1.247276741e-21
2496.54783	1.251294107e-21
2502.226403	1.255325437e-21
2507.917891	1.259370779e-21
2513.622326	1.263430180e-21
2519.339735	1.267503688e-21
2525.070149	1.271591350e-21
2530.813598	1.275693218e-21
2536.57011	1.279809334e-21
2542.339716	1.283939754e-21
2548.122445	1.288084521e-21
2553.918328	1.292243686e-21
2559.727393	1.296417298e-21
2565.549672	1.300605406e-21
2571.385194	1.304808060e-21
2577.233989	1.309025308e-21
2583.096088	1.313257201e-21
2588.97152	1.317503789e-21
2594.860317	1.321765121e-21
2600.762508	1.326041248e-21
2606.678124	1.330332220e-21
2612.607195	1.334638088e-21
2618.549753	1.338958904e-21
2624.505827	1.343294715e-21
2630.475449	1.347645577e-21
2636.458649	1.352011537e-21
2642.455458	1.356392648e-21
2648.465908	1.360788962e-21
2654.490028	1.365200530e-21
2660.527851	1.369627406e-21
2666.579408	1.374069639e-21
2672.644729	1.378527284e-21
2678.723846	1.383000393e-21
2684.81679	1.387489017e-21
2690.923594	1.391993209e-21
2697.044287	1.396513024e-21
2703.178903	1.401048515e-21
2709.327472	1.405599733e-21
2715.490027	1.410166733e-21
2721.666598	1.414749570e-21
2727.857219	1.419348296e-21
2734.061921	1.423962966e-21
2740.280735	1.428593634e-21
2746.513695	1.433240354e-21
2752.760833	1.437903182e-21
2759.022179	1.442582172e-21
2765.297768	1.447277380e-21
2771.587631	1.451988860e-21
2777.891801	1.456716667e-21
2784.210309	1.461460858e-21
2790.54319	1.466221487e-21
2796.890476	1.470998613e-21
2803.252198	1.475792289e-21
2809.628391	1.480602575e-21
2816.019087	1.485429524e-21
2822.424319	1.490273194e-21
2828.84412	1.495133641e-21
2835.278524	1.500010925e-21
2841.727563	1.504905103e-21
2848.191271	1.509816231e-21
2854.669681	1.514744371e-21
2861.162826	1.519689583e-21
2867.670741	1.524651945e-21
2874.193458	1.529631620e-21
2880.731012	1.534634580e-21
2887.283436	1.539642814e-21
2893.850764	1.544673678e-21
2900.433029	1.549722425e-21
2907.030267	1.554788696e-21
2913.64251	1.559872516e-21
2920.269794	1.564973937e-21
2926.912151	1.570093016e-21
2933.569617	1.575229812e-21
2940.242226	1.580384383e-21
2946.930013	1.585556794e-21
2953.633011	1.590747101e-21
2960.351255	1.595955365e-21
2967.084781	1.601181650e-21
2973.833622	1.606426016e-21
2980.597815	1.611688524e-21
2987.377393	1.616969235e-21
2994.172391	1.622268214e-21
3000.982845	1.627585521e-21
3007.80879	1.632921217e-21
3014.650262	1.638275369e-21
3021.507294	1.643648035e-21
3028.379923	1.649039281e-21
3035.268185	1.654449170e-21
3042.172115	1.659877765e-21
3049.091747	1.665325129e-21
3056.02712	1.670791327e-21
3062.978267	1.676276422e-21
3069.945225	1.681780480e-21
3076.928029	1.687303563e-21
3083.926717	1.692845739e-21
3090.941324	1.698407071e-21
3097.971886	1.703987625e-21
3105.018439	1.709587466e-21
3112.08102	1.715206659e-21
3119.159666	1.720845271e-21
3126.254413	1.726503368e-21
3133.365297	1.732181017e-21
3140.492355	1.737878282e-21
3147.635624	1.743595233e-21
3154.795141	1.749331934e-21
3161.970943	1.755088455e-21
3169.163067	1.760864862e-21
3176.371549	1.766661223e-21
3183.596428	1.772477606e-21
3190.837741	1.778314080e-21
3198.095524	1.784170710e-21
3205.369816	1.790047570e-21
3212.660653	1.795944725e-21
3219.968074	1.801862245e-21
3227.292116	1.807800199e-21
3234.632818	1.813758658e-21
3241.990216	1.819737691e-21
3249.364349	1.825737368e-21
3256.755255	1.831757759e-21
3264.162972	1.837798935e-21
3271.587539	1.843860967e-21
3279.028993	1.849943925e-21
3286.487374	1.856047882e-21
3293.962719	1.862172907e-21
3301.455067	1.868319074e-21
3308.964457	1.874486455e-21
3316.490928	1.880675121e-21
3324.034518	1.886885146e-21
3331.595267	1.893116603e-21
3339.173213	1.899369567e-21
3346.768396	1.905644121e-21
3354.380854	1.911940397e-21
3362.010628	1.918276226e-21
3369.657756	1.924598065e-21
3377.322277	1.930959504e-21
3385.004233	1.937343006e-21
3392.703661	1.943748545e-21
3400.420603	1.950176186e-21
3408.155097	1.956625998e-21
3415.907184	1.963098061e-21
3423.676903	1.969592446e-21
3431.464295	1.976109230e-21
3439.269401	1.982648490e-21
3447.092259	1.989210301e-21
3454.932911	1.995794741e-21
3462.791397	2.002401887e-21
3470.667758	2.009031815e-21
3478.562034	2.015684605e-21
3486.474267	2.022360334e-21
3494.404496	2.029059078e-21
3502.352763	2.035780918e-21
3510.319109	2.042525932e-21
3518.303575	2.049294198e-21
3526.306202	2.056085796e-21
3534.327032	2.062900804e-21
3542.366105	2.069739305e-21
3550.423464	2.076601376e-21
3558.499151	2.083487100e-21
3566.593205	2.090396554e-21
3574.705671	2.097329820e-21
3582.836588	2.104286981e-21
3590.986	2.111268117e-21
3599.153949	2.118273310e-21
3607.340476	2.125302641e-21
3615.545624	2.132356194e-21
3623.769435	2.139434049e-21
3632.011951	2.146536290e-21
3640.273216	2.153663003e-21
3648.553272	2.160814266e-21
3656.852161	2.167990166e-21
3665.169927	2.175190787e-21
3673.506612	2.182416212e-21
3681.862259	2.189666525e-21
3690.236912	2.196941812e-21
3698.630613	2.204242158e-21
3707.043407	2.211567649e-21
3715.475336	2.218918368e-21
3723.926444	2.226294403e-21
3732.396775	2.233695841e-21
3740.886372	2.241122765e-21
3749.395279	2.248575268e-21
3757.923541	2.256053431e-21
3766.4712	2.263557343e-21
3775.038302	2.271087095e-21
3783.62489	2.278642770e-21
3792.23101	2.286224462e-21
3800.856704	2.293832254e-21
3809.502018	2.301466239e-21
3818.166996	2.309126507e-21
3826.851684	2.316813152e-21
3835.556125	2.324526316e-21
3844.280365	2.332269495e-21
3853.02445	2.340032205e-21
3861.788423	2.347825184e-21
3870.57233	2.355645013e-21
3879.376217	2.363491762e-21
3888.200129	2.371365516e-21
3897.044112	2.379266370e-21
3905.908211	2.387194414e-21
3914.792472	2.395149740e-21
3923.696941	2.403132439e-21
3932.621664	2.411142609e-21
3941.566686	2.419180341e-21
3950.532055	2.427245728e-21
3959.517816	2.435338866e-21
3968.524016	2.443459847e-21
3977.550701	2.451608770e-21
3986.597918	2.459785725e-21
3995.665713	2.467990812e-21
4004.754134	2.476224126e-21
4013.863227	2.484485760e-21
4022.993039	2.492775814e-21
4032.143618	2.501094382e-21
4041.31501	2.509441565e-21
4050.507263	2.517817457e-21
4059.720425	2.526222158e-21
4068.954542	2.534655763e-21
4078.209664	2.543118374e-21
4087.485836	2.551610089e-21
4096.783108	2.560131005e-21
4106.101528	2.568681225e-21
4115.441142	2.577260845e-21
4124.802001	2.585869967e-21
4134.184151	2.594508693e-21
4143.587641	2.603177122e-21
4153.012521	2.611875356e-21
4162.458838	2.620603495e-21
4171.926641	2.629361644e-21
4181.41598	2.638149902e-21
4190.926902	2.646968372e-21
4200.459458	2.655817160e-21
4210.013697	2.664696367e-21
4219.589667	2.673606097e-21
4229.187418	2.682546452e-21
4238.807	2.691517538e-21
4248.448463	2.700519463e-21
4258.111856	2.709552326e-21
4267.797228	2.718616237e-21
4277.504631	2.727711301e-21
4287.234114	2.736837622e-21
4296.985728	2.745995310e-21
4306.759522	2.755184475e-21
4316.555547	2.764405265e-21
4326.373854	2.773658002e-21
4336.214494	2.782941858e-21
4346.077516	2.792257965e-21
4355.962973	2.801606094e-21
4365.870915	2.810986346e-21
4375.801393	2.820398827e-21
4385.754459	2.829843650e-21
4395.730164	2.839320922e-21
4405.728559	2.848830755e-21
4415.749697	2.858373261e-21
4425.793628	2.867948549e-21
4435.860404	2.877556731e-21
4445.950079	2.887197921e-21
4456.062703	2.896872230e-21
4466.198328	2.906579771e-21
4476.357008	2.916320657e-21
4486.538795	2.926095004e-21
4496.743741	2.935902922e-21
4506.971899	2.945744529e-21
4517.223321	2.955619938e-21
4527.498061	2.965529263e-21
4537.796171	2.975472621e-21
4548.117706	2.985450130e-21
4558.462717	2.995461903e-21
4568.831259	3.005508059e-21
4579.223384	3.015588714e-21
4589.639148	3.025703986e-21
4600.078603	3.035853993e-21
4610.541803	3.046038853e-21
4621.028802	3.056258686e-21
4631.539655	3.066513609e-21
4642.074415	3.076803744e-21
4652.633138	3.087129209e-21
4663.215877	3.097490126e-21
4673.822687	3.107886615e-21
4684.453623	3.118318796e-21
4695.10874	3.128786794e-21
4705.788092	3.139290727e-21
4716.491736	3.149830722e-21
4727.219726	3.160406899e-21
4737.972117	3.171019380e-21
4748.748966	3.181668317e-21
4759.550327	3.192353759e-21
4770.376257	3.203075903e-21
4781.226811	3.213834850e-21
4792.102045	3.224630735e-21
4803.002016	3.235466463e-21
4813.926779	3.246333781e-21
4824.876392	3.257241182e-21
4835.85091	3.268186034e-21
4846.850391	3.279168449e-21
4857.87489	3.290188554e-21
4868.924466	3.301246478e-21
4879.999175	3.312342349e-21
4891.099074	3.323476301e-21
4902.22422	3.334648455e-21
4913.374672	3.345858948e-21
4924.550485	3.357107910e-21
4935.751719	3.368395470e-21
4946.978431	3.379721761e-21
4958.230679	3.391086914e-21
4969.508521	3.402491061e-21
4980.812015	3.413934337e-21
4992.14122	3.425416875e-21
5003.496194	3.436938808e-21
5014.876996	3.448500268e-21
5026.283683	3.460101394e-21
5037.716317	3.471742321e-21
5049.174954	3.483423181e-21
5060.659655	3.495144111e-21
5072.170479	3.506905251e-21
5083.707485	3.518706734e-21
5095.270733	3.530548702e-21
5106.860282	3.542431287e-21
5118.476192	3.554354633e-21
5130.118524	3.566318875e-21
5141.787337	3.578324155e-21
5153.482691	3.590370613e-21
5165.204647	3.602458388e-21
5176.953266	3.614587621e-21
5188.728608	3.626758453e-21
5200.530733	3.638971028e-21
5212.359704	3.651225485e-21
5224.21558	3.663521969e-21
5236.098423	3.675860623e-21
5248.008295	3.688241592e-21
5259.945256	3.700665017e-21
5271.909369	3.713131053e-21
5283.900695	3.725651420e-21
5295.919296	3.738191499e-21
5307.965234	3.750786200e-21
5320.038572	3.763424092e-21
5332.139371	3.776105320e-21
5344.267695	3.788830030e-21
5356.423605	3.801598372e-21
5368.607164	3.814410489e-21
5380.818436	3.827266536e-21
5393.057484	3.840166658e-21
5405.324369	3.853111009e-21
5417.619157	3.866099740e-21
5429.94191	3.879132998e-21
5442.292692	3.892210940e-21
5454.671567	3.905333716e-21
5467.078599	3.918501476e-21
5479.513851	3.931714379e-21
5491.977388	3.944972575e-21
5504.469274	3.958276221e-21
5516.989573	3.971625468e-21
5529.538352	3.985020474e-21
5542.115673	3.998461397e-21
5554.721602	4.011948391e-21
5567.356204	4.025481613e-21
5580.019545	4.039061221e-21
5592.711689	4.052687375e-21
5605.432702	4.066360230e-21
5618.18265	4.080079948e-21
5630.961599	4.093846689e-21
5643.769614	4.107660609e-21
5656.606762	4.121521877e-21
5669.47311	4.135430647e-21
5682.368722	4.149387084e-21
5695.293667	4.163391351e-21
5708.24801	4.177443609e-21
5721.231819	4.191544026e-21
5734.24516	4.205692761e-21
5747.288101	4.219889984e-21
5760.360709	4.234135905e-21
5773.463052	4.248430548e-21
5786.595197	4.262774206e-21
5799.757212	4.277167024e-21
5812.949164	4.291609157e-21
5826.171123	4.306100779e-21
5839.423156	4.320642055e-21
5852.705332	4.335233154e-21
5866.017719	4.349874244e-21
5879.360386	4.364565500e-21
5892.733402	4.379307091e-21
5906.136836	4.394099186e-21
5919.570756	4.408941963e-21
5933.035233	4.423835589e-21
5946.530336	4.438780240e-21
5960.056135	4.453776092e-21
5973.612699	4.468823317e-21
5987.200098	4.483922089e-21
6000.818403	4.499072588e-21
6014.467683	4.514274986e-21
6028.14801	4.529529461e-21
6041.859454	4.544836193e-21
6055.602085	4.560195358e-21
6069.375975	4.575607136e-21
6083.181194	4.591071705e-21
6097.017815	4.606589246e-21
6110.885908	4.622159941e-21
6124.785544	4.637783969e-21
6138.716797	4.653461512e-21
6152.679737	4.669192753e-21
6166.674437	4.684977875e-21
6180.700968	4.700817062e-21
6194.759404	4.716710500e-21
6208.849817	4.732658371e-21
6222.97228	4.748660864e-21
6237.126865	4.764718172e-21
6251.313645	4.780830470e-21
6265.532695	4.796997925e-21
6279.784087	4.813220766e-21
6294.067894	4.829499162e-21
6308.384191	4.845833308e-21
6322.733051	4.862223392e-21
6337.114549	4.878669603e-21
6351.528759	4.895172134e-21
6365.975755	4.911731177e-21
6380.455611	4.928346923e-21
6394.968403	4.945019567e-21
6409.514205	4.961749303e-21
6424.093093	4.978536327e-21
6438.705141	4.995380830e-21
6453.350426	5.012283014e-21
6468.029022	5.029243071e-21
6482.741006	5.046261200e-21
6497.486453	5.063337599e-21
6512.26544	5.080472468e-21
6527.078042	5.097666005e-21
6541.924337	5.114918408e-21
6556.804401	5.132229883e-21
6571.71831	5.149600625e-21
6586.666143	5.167030845e-21
6601.647975	5.184520736e-21
6616.663884	5.202070507e-21
6631.713948	5.219680364e-21
6646.798245	5.237350506e-21
6661.916851	5.255081141e-21
6677.069847	5.272872481e-21
6692.257308	5.290724725e-21
6707.479315	5.308638085e-21
6722.735945	5.326612843e-21
6738.027277	5.344648984e-21
6753.353391	5.362746940e-21
6768.714365	5.380906849e-21
6784.110278	5.399128924e-21
6799.541211	5.417413376e-21
6815.007242	5.435760416e-21
6830.508452	5.454170260e-21
6846.044921	5.472643118e-21
6861.616728	5.491179210e-21
6877.223955	5.509778751e-21
6892.866681	5.528441952e-21
6908.544987	5.547169035e-21
6924.258955	5.565960218e-21
6940.008666	5.584815718e-21
6955.7942	5.603735755e-21
6971.61564	5.622720550e-21
6987.473067	5.641770321e-21
7003.366562	5.660885292e-21
7019.296208	5.680065686e-21
7035.262088	5.699311724e-21
7051.264283	5.718623632e-21
7067.302876	5.738001631e-21
7083.37795	5.757445953e-21
7099.489588	5.776956818e-21
7115.637873	5.796534455e-21
7131.822888	5.816179093e-21
7148.044717	5.835890960e-21
7164.303444	5.855670285e-21
7180.599152	5.875517298e-21
7196.931927	5.895432234e-21
7213.301851	5.915415318e-21
7229.70901	5.935466777e-21
7246.153488	5.955586859e-21
7262.63537	5.975775791e-21
7279.154741	5.996033807e-21
7295.711687	6.016361144e-21
7312.306293	6.036758041e-21
7328.938644	6.057224731e-21
7345.608827	6.077761455e-21
7362.316927	6.098368448e-21
7379.063031	6.119045953e-21
7395.847226	6.139794215e-21
7412.669597	6.160613466e-21
7429.530231	6.181503953e-21
7446.429217	6.202465918e-21
7463.36664	6.223499606e-21
7480.342588	6.244605259e-21
7497.35715	6.265783125e-21
7514.410413	6.287033451e-21
7531.502464	6.308356484e-21
7548.633392	6.329752468e-21
7565.803286	6.351221656e-21
7583.012234	6.372764297e-21
7600.260325	6.394380642e-21
7617.547648	6.416070941e-21
7634.874292	6.437835445e-21
7652.240347	6.459674411e-21
7669.645902	6.481588094e-21
7687.091047	6.503577145e-21
7704.575872	6.525640614e-21
7722.100468	6.547779967e-21
7739.664925	6.569995061e-21
7757.269333	6.592286149e-21
7774.913784	6.614653497e-21
7792.598369	6.637097361e-21
7810.323178	6.659618001e-21
7828.088303	6.682215680e-21
7845.893837	6.704890663e-21
7863.73987	6.727643212e-21
7881.626496	6.750473592e-21
7899.553806	6.773382068e-21
7917.521893	6.796368905e-21
7935.530849	6.819434375e-21
7953.580768	6.842578742e-21
7971.671743	6.865802277e-21
7989.803867	6.889105247e-21
8007.977234	6.912487926e-21
8026.191938	6.935950587e-21
8044.448072	6.959493502e-21
8062.745731	6.983116942e-21
8081.085009	7.006821182e-21
8099.466001	7.030606503e-21
8117.888802	7.054473177e-21
8136.353507	7.078421484e-21
8154.860211	7.102451700e-21
8173.40901	7.126564109e-21
8192	7.150758977e-21
