1	1.239678349e-20
1.0030759	1.197826965e-20
1.0061612	1.157416435e-20
1.009256	1.118400237e-20
1.0123603	1.080733219e-20
1.0154742	1.044371675e-20
1.0185976	1.009273177e-20
1.0217307	9.753966803e-21
1.0248734	9.427023698e-21
1.0280258	9.111517024e-21
1.0311878	8.807073127e-21
1.0343596	8.513330335e-21
1.0375412	8.229938675e-21
1.0407325	7.956557895e-21
1.0439336	7.692859492e-21
1.0471446	7.438525184e-21
1.0503655	7.193247169e-21
1.0535963	6.956725977e-21
1.056837	6.728672917e-21
1.0600877	6.508808083e-21
1.0633483	6.296860020e-21
1.0666191	6.092567084e-21
1.0698998	5.895674017e-21
1.0731907	5.705935514e-21
1.0764917	5.523113161e-21
1.0798028	5.346975858e-21
1.0831241	5.177300641e-21
1.0864557	5.013871125e-21
1.0897974	4.856477704e-21
1.0931495	4.704917565e-21
1.0965119	4.558994561e-21
1.0998846	4.418518002e-21
1.1032677	4.283292072e-21
1.1066612	4.153123269e-21
1.1100651	4.027836425e-21
1.1134795	3.907262755e-21
1.1169044	3.791239276e-21
1.1203398	3.679607411e-21
1.1237859	3.572215250e-21
1.1272425	3.468914447e-21
1.1307097	3.369562768e-21
1.1341876	3.274022256e-21
1.1376762	3.182158847e-21
1.1411755	3.093843124e-21
1.1446856	3.008950485e-21
1.1482065	2.927359241e-21
1.1517382	2.848951901e-21
1.1552808	2.773615101e-21
1.1588343	2.701238358e-21
1.1623987	2.631714928e-21
1.1659741	2.564941298e-21
1.1695605	2.500817072e-21
1.1731579	2.439244894e-21
1.1767663	2.380130330e-21
1.1803859	2.323382009e-21
1.1840166	2.268911027e-21
1.1876585	2.216631280e-21
1.1913115	2.166459070e-21
1.1949758	2.118313535e-21
1.1986514	2.072116037e-21
1.2023383	2.027792327e-21
1.2060365	1.985275613e-21
1.2097461	1.944493808e-21
1.2134671	1.905376375e-21
1.2171996	1.867854990e-21
1.2209435	1.831863356e-21
1.2246989	1.797337444e-21
1.2284659	1.764215295e-21
1.2322445	1.732436935e-21
1.2360347	1.701944304e-21
1.2398366	1.672681476e-21
1.2436502	1.644594310e-21
1.2474755	1.617630568e-21
1.2513125	1.591739867e-21
1.2551614	1.566873798e-21
1.2590221	1.542985501e-21
1.2628946	1.520029970e-21
1.2667791	1.497964032e-21
1.2706756	1.476746005e-21
1.274584	1.456335921e-21
1.2785044	1.436695396e-21
1.2824369	1.417787697e-21
1.2863815	1.399577550e-21
1.2903382	1.382031161e-21
1.2943071	1.365116242e-21
1.2982882	1.348801866e-21
1.3022816	1.333058898e-21
1.3062872	1.317860660e-21
1.3103052	1.303180190e-21
1.3143355	1.288991529e-21
1.3183782	1.275269898e-21
1.3224333	1.261991767e-21
1.326501	1.249134823e-21
1.3305811	1.236677585e-21
1.3346738	1.224599904e-21
1.338779	1.212882498e-21
1.3428969	1.201507143e-21
1.3470275	1.190456517e-21
1.3511708	1.179714117e-21
1.3553268	1.169264414e-21
1.3594956	1.159092611e-21
1.3636772	1.149184731e-21
1.3678716	1.139527528e-21
1.372079	1.130108505e-21
1.3762993	1.120915752e-21
1.3805326	1.111938120e-21
1.384779	1.103165025e-21
1.3890384	1.094586377e-21
1.3933108	1.086192669e-21
1.3975965	1.077975122e-21
1.4018953	1.069925194e-21
1.4062073	1.062035261e-21
1.4105326	1.054297896e-21
1.4148712	1.046705861e-21
1.4192231	1.039252396e-21
1.4235885	1.031931138e-21
1.4279672	1.024736031e-21
1.4323594	1.017661469e-21
1.4367652	1.010702077e-21
1.4411845	1.003852747e-21
1.4456173	9.971087493e-22
1.4500639	9.904657050e-22
1.4545241	9.839192203e-22
1.458998	9.774654142e-22
1.4634856	9.711004397e-22
1.4679871	9.648208659e-22
1.4725024	9.586232346e-22
1.4770316	9.525044756e-22
1.4815748	9.464616242e-22
1.4861319	9.404917887e-22
1.490703	9.345923764e-22
1.4952882	9.287608706e-22
1.4998875	9.229949278e-22
1.5045009	9.172923798e-22
1.5091286	9.116512005e-22
1.5137704	9.060692917e-22
1.5184266	9.005448839e-22
1.523097	8.950760768e-22
1.5277819	8.896612981e-22
1.5324811	8.842988816e-22
1.5371948	8.789873632e-22
1.541923	8.737253382e-22
1.5466657	8.685113616e-22
1.5514231	8.633442917e-22
1.556195	8.582228343e-22
1.5609817	8.531458914e-22
1.565783	8.481123153e-22
1.5705991	8.431211578e-22
1.5754301	8.381714037e-22
1.5802759	8.332621720e-22
1.5851366	8.283925000e-22
1.5900122	8.235616516e-22
1.5949029	8.187687740e-22
1.5998086	8.140131283e-22
1.6047294	8.092940528e-22
1.6096653	8.046107916e-22
1.6146164	7.999627393e-22
1.6195827	7.953492942e-22
1.6245643	7.907698092e-22
1.6295613	7.862237639e-22
1.6345736	7.817106188e-22
1.6396013	7.772297802e-22
1.6446445	7.727808484e-22
1.6497031	7.683632741e-22
1.6547774	7.639766638e-22
1.6598673	7.596205280e-22
1.6649728	7.552944967e-22
1.670094	7.509981207e-22
1.675231	7.467310468e-22
1.6803837	7.424928748e-22
1.6855524	7.382833235e-22
1.6907369	7.341019322e-22
1.6959373	7.299484375e-22
1.7011538	7.258225278e-22
1.7063863	7.217238579e-22
1.7116349	7.176521570e-22
1.7168997	7.136071180e-22
1.7221806	7.095884574e-22
1.7274778	7.055959182e-22
1.7327913	7.016292676e-22
1.7381211	6.976881692e-22
1.7434673	6.937724064e-22
1.74883	6.898817949e-22
1.7542091	6.860160066e-22
1.7596048	6.821748730e-22
1.7650171	6.783581501e-22
1.770446	6.745655927e-22
1.7758917	6.707970603e-22
1.7813541	6.670522850e-22
1.7868333	6.633311041e-22
1.7923293	6.596332658e-22
1.7978423	6.559586219e-22
1.8033722	6.523069682e-22
1.8089191	6.486781005e-22
1.8144831	6.450718478e-22
1.8200642	6.414880542e-22
1.8256624	6.379265280e-22
1.8312779	6.343871111e-22
1.8369106	6.308695912e-22
1.8425607	6.273738417e-22
1.8482282	6.238997002e-22
1.8539131	6.204469675e-22
1.8596154	6.170155143e-22
1.8653353	6.136052078e-22
1.8710728	6.102158448e-22
1.876828	6.068472731e-22
1.8826009	6.034994284e-22
1.8883915	6.001720334e-22
1.8941999	5.968650382e-22
1.9000262	5.935782849e-22
1.9058704	5.903115986e-22
1.9117326	5.870648543e-22
1.9176128	5.838379463e-22
1.9235111	5.806306756e-22
1.9294276	5.774429853e-22
1.9353622	5.742746436e-22
1.9413151	5.711256420e-22
1.9472863	5.679957259e-22
1.9532759	5.648848694e-22
1.9592839	5.617928511e-22
1.9653104	5.587196436e-22
1.9713554	5.556650231e-22
1.977419	5.526289600e-22
1.9835012	5.496112283e-22
1.9896022	5.466118103e-22
1.9957219	5.436305366e-22
2.0018605	5.406672776e-22
2.0080179	5.377219354e-22
2.0141943	5.347943781e-22
2.0203897	5.318845191e-22
2.0266041	5.289921978e-22
2.0328377	5.261173520e-22
2.0390904	5.232598059e-22
2.0453623	5.204195194e-22
2.0516536	5.175963162e-22
2.0579642	5.147901285e-22
2.0642942	5.120008395e-22
2.0706437	5.092283305e-22
2.0770127	5.064724704e-22
2.0834013	5.037332128e-22
2.0898095	5.010104247e-22
2.0962375	4.983039583e-22
2.1026852	4.956137784e-22
2.1091528	4.929397350e-22
2.1156402	4.902817544e-22
2.1221476	4.876397218e-22
2.128675	4.850134985e-22
2.1352226	4.824030422e-22
2.1417902	4.798082276e-22
2.148378	4.772289737e-22
2.1549861	4.746651488e-22
2.1616146	4.721166967e-22
2.1682634	4.695834616e-22
2.1749327	4.670654347e-22
2.1816224	4.645624211e-22
2.1883328	4.620743822e-22
2.1950638	4.596011979e-22
2.2018155	4.571428061e-22
2.208588	4.546991067e-22
2.2153813	4.522699875e-22
2.2221955	4.498553844e-22
2.2290306	4.474551455e-22
2.2358868	4.450692536e-22
2.2427641	4.426975936e-22
2.2496625	4.403400881e-22
2.2565822	4.379966018e-22
2.2635231	4.356670844e-22
2.2704854	4.333514375e-22
2.2774691	4.310495416e-22
2.2844742	4.287613941e-22
2.2915009	4.264868154e-22
2.2985493	4.242258105e-22
2.3056193	4.219782086e-22
2.312711	4.197439748e-22
2.3198246	4.175230038e-22
2.3269601	4.153152493e-22
2.3341175	4.131205869e-22
2.3412969	4.109389384e-22
2.3484984	4.087702653e-22
2.355722	4.066144005e-22
2.3629679	4.044713523e-22
2.370236	4.023409830e-22
2.3775265	4.002232596e-22
2.3848395	3.981180442e-22
2.3921749	3.960253010e-22
2.3995329	3.939449426e-22
2.4069135	3.918768887e-22
2.4143168	3.898210581e-22
2.4217429	3.877773810e-22
2.4291919	3.857457829e-22
2.4366637	3.837261686e-22
2.4441586	3.817184901e-22
2.4516764	3.797226434e-22
2.4592175	3.777385825e-22
2.4667817	3.757662102e-22
2.4743691	3.738054560e-22
2.4819799	3.718562562e-22
2.4896142	3.699185428e-22
2.4972719	3.679922285e-22
2.5049531	3.660772397e-22
2.512658	3.641735181e-22
2.5203866	3.622809817e-22
2.5281389	3.603995642e-22
2.5359151	3.585291973e-22
2.5437152	3.566698050e-22
2.5515393	3.548213266e-22
2.5593875	3.529836882e-22
2.5672598	3.511568167e-22
2.5751563	3.493406454e-22
2.5830772	3.475351215e-22
2.5910223	3.457401488e-22
2.598992	3.439556867e-22
2.6069861	3.421816542e-22
2.6150048	3.404179838e-22
2.6230482	3.386646217e-22
2.6311163	3.369214901e-22
2.6392092	3.351885298e-22
2.6473271	3.334656787e-22
2.6554699	3.317528639e-22
2.6636377	3.300500288e-22
2.6718307	3.283571048e-22
2.6800489	3.266740366e-22
2.6882923	3.250007466e-22
2.6965611	3.233371864e-22
2.7048554	3.216832915e-22
2.7131751	3.200389942e-22
2.7215205	3.184042369e-22
2.7298915	3.167789594e-22
2.7382882	3.151630954e-22
2.7467108	3.135565925e-22
2.7551593	3.119593859e-22
2.7636338	3.103714165e-22
2.7721343	3.087926231e-22
2.780661	3.072229550e-22
2.7892139	3.056623456e-22
2.7977932	3.041107392e-22
2.8063988	3.025680796e-22
2.8150309	3.010343057e-22
2.8236895	2.995093619e-22
2.8323748	2.979931942e-22
2.8410868	2.964857418e-22
2.8498255	2.949869434e-22
2.8585912	2.934967617e-22
2.8673838	2.920151205e-22
2.8762035	2.905419806e-22
2.8850503	2.890772787e-22
2.8939243	2.876209608e-22
2.9028256	2.861729764e-22
2.9117543	2.847332661e-22
2.9207104	2.833017781e-22
2.9296941	2.818784657e-22
2.9387054	2.804632671e-22
2.9477444	2.790561343e-22
2.9568113	2.776570188e-22
2.965906	2.762658575e-22
2.9750287	2.748826096e-22
2.9841795	2.735072254e-22
2.9933584	2.721396405e-22
3.0025656	2.707798216e-22
3.011801	2.694276996e-22
3.0210649	2.680832402e-22
3.0303573	2.667463864e-22
3.0396782	2.654170855e-22
3.0490278	2.640952976e-22
3.0584062	2.627809687e-22
3.0678134	2.614740494e-22
3.0772496	2.601744936e-22
3.0867148	2.588822557e-22
3.0962091	2.575972845e-22
3.1057326	2.563195330e-22
3.1152853	2.550489498e-22
3.1248675	2.537854998e-22
3.1344792	2.525291307e-22
3.1441204	2.512797943e-22
3.1537913	2.500374455e-22
3.1634919	2.488020401e-22
3.1732223	2.475735327e-22
3.1829827	2.463518770e-22
3.1927731	2.451370320e-22
3.2025936	2.439289513e-22
3.2124443	2.427275878e-22
3.2223254	2.415329027e-22
3.2322368	2.403448498e-22
3.2421787	2.391633849e-22
3.2521512	2.379884732e-22
3.2621543	2.368200576e-22
3.2721882	2.356581063e-22
3.282253	2.345025741e-22
3.2923488	2.333534204e-22
3.3024756	2.322106051e-22
3.3126335	2.310740821e-22
3.3228227	2.299438128e-22
3.3330432	2.288197562e-22
3.3432952	2.277018781e-22
3.3535787	2.265901270e-22
3.3638938	2.254844692e-22
3.3742407	2.243848689e-22
3.3846194	2.232912787e-22
3.39503	2.222036638e-22
3.4054726	2.211219887e-22
3.4159474	2.200462068e-22
3.4264543	2.189762851e-22
3.4369936	2.179121842e-22
3.4475653	2.168538691e-22
3.4581695	2.158012930e-22
3.4688064	2.147544362e-22
3.4794759	2.137132404e-22
3.4901783	2.126776833e-22
3.5009136	2.116477283e-22
3.5116819	2.106233319e-22
3.5224834	2.096044629e-22
3.533318	2.085910808e-22
3.544186	2.075831569e-22
3.5550874	2.065806529e-22
3.5660224	2.055835314e-22
3.5769909	2.045917607e-22
3.5879932	2.036053007e-22
3.5990294	2.026241296e-22
3.6100995	2.016482029e-22
3.6212037	2.006774865e-22
3.632342	1.997119548e-22
3.6435145	1.987515607e-22
3.6547215	1.977962911e-22
3.6659629	1.968460926e-22
3.6772389	1.959009490e-22
3.6885495	1.949608140e-22
3.699895	1.940256684e-22
3.7112753	1.930954726e-22
3.7226907	1.921701969e-22
3.7341412	1.912498088e-22
3.7456268	1.903342752e-22
3.7571479	1.894235731e-22
3.7687043	1.885176640e-22
3.7802963	1.876165167e-22
3.791924	1.867201097e-22
3.8035874	1.858284038e-22
3.8152867	1.849413744e-22
3.827022	1.840589892e-22
3.8387933	1.831812183e-22
3.8506009	1.823080386e-22
3.8624448	1.814394096e-22
3.8743251	1.805753132e-22
3.886242	1.797157178e-22
3.8981955	1.788605926e-22
3.9101858	1.780099106e-22
3.922213	1.771636425e-22
3.9342772	1.763217688e-22
3.9463785	1.754842496e-22
3.958517	1.746510649e-22
3.9706928	1.738221895e-22
3.9829061	1.729975900e-22
3.9951569	1.721772384e-22
4.0074455	1.713611233e-22
4.0197718	1.705491988e-22
4.0321361	1.697414531e-22
4.0445383	1.689378501e-22
4.0569788	1.681383744e-22
4.0694575	1.673429947e-22
4.0819745	1.665516785e-22
4.0945301	1.657644179e-22
4.1071243	1.649811725e-22
4.1197572	1.642019248e-22
4.132429	1.634266485e-22
4.1451398	1.626553202e-22
4.1578896	1.618879147e-22
4.1706787	1.611244067e-22
4.1835071	1.603647757e-22
4.196375	1.596089995e-22
4.2092825	1.588570483e-22
4.2222296	1.581089012e-22
4.2352166	1.573645370e-22
4.2482435	1.566239341e-22
4.2613105	1.558870639e-22
4.2744177	1.551539117e-22
4.2875652	1.544244464e-22
4.3007531	1.536986475e-22
4.3139816	1.529765016e-22
4.3272508	1.522579770e-22
4.3405608	1.515430579e-22
4.3539118	1.508317194e-22
4.3673038	1.501239438e-22
4.380737	1.494197056e-22
4.3942115	1.487189830e-22
4.4077275	1.480217609e-22
4.4212851	1.473280173e-22
4.4348843	1.466377224e-22
4.4485254	1.459508678e-22
4.4622084	1.452674291e-22
4.4759335	1.445873794e-22
4.4897009	1.439107135e-22
4.5035105	1.432373938e-22
4.5173627	1.425674180e-22
4.5312575	1.419007551e-22
4.545195	1.412373869e-22
4.5591753	1.405773000e-22
4.5731987	1.399204678e-22
4.5872652	1.392668807e-22
4.601375	1.386165102e-22
4.6155282	1.379693422e-22
4.6297249	1.373253574e-22
4.6439653	1.366845431e-22
4.6582494	1.360468668e-22
4.6725776	1.354123297e-22
4.6869497	1.347808959e-22
4.7013661	1.341525608e-22
4.7158269	1.335272980e-22
4.7303321	1.329050967e-22
4.7448819	1.322859318e-22
4.7594765	1.316697950e-22
4.774116	1.310566650e-22
4.7888005	1.304465205e-22
4.8035301	1.298393513e-22
4.8183051	1.292351326e-22
4.8331255	1.286338584e-22
4.8479915	1.280355079e-22
4.8629033	1.274400603e-22
4.8778609	1.268475033e-22
4.8928645	1.262578214e-22
4.9079142	1.256709977e-22
4.9230103	1.250870176e-22
4.9381528	1.245058627e-22
4.9533418	1.239275155e-22
4.9685776	1.233519667e-22
4.9838602	1.227791975e-22
4.9991899	1.222091924e-22
5.0145667	1.216419380e-22
5.0299908	1.210774173e-22
5.0454623	1.205156122e-22
5.0609814	1.199565112e-22
5.0765483	1.194001027e-22
5.092163	1.188463727e-22
5.1078258	1.182952988e-22
5.1235368	1.177468679e-22
5.139296	1.172010713e-22
5.1551038	1.166578932e-22
5.1709601	1.161173178e-22
5.1868653	1.155793348e-22
5.2028193	1.150439223e-22
5.2188225	1.145110755e-22
5.2348748	1.139807722e-22
5.2509766	1.134530075e-22
5.2671278	1.129277589e-22
5.2833288	1.124050210e-22
5.2995795	1.118847713e-22
5.3158803	1.113670101e-22
5.3322312	1.108517095e-22
5.3486324	1.103388677e-22
5.365084	1.098284634e-22
5.3815862	1.093204885e-22
5.3981392	1.088149347e-22
5.4147431	1.083117806e-22
5.4313981	1.078110173e-22
5.4481043	1.073126294e-22
5.4648619	1.068166080e-22
5.4816711	1.063229440e-22
5.4985319	1.058316145e-22
5.5154446	1.053426173e-22
5.5324093	1.048559359e-22
5.5494262	1.043715611e-22
5.5664955	1.038894771e-22
5.5836172	1.034096724e-22
5.6007916	1.029321383e-22
5.6180189	1.024568647e-22
5.6352991	1.019838338e-22
5.6526325	1.015130364e-22
5.6700192	1.010444611e-22
5.6874594	1.005780978e-22
5.7049532	1.001139350e-22
5.7225008	9.965196225e-23
5.7401024	9.919216874e-23
5.7577581	9.873453668e-23
5.7754682	9.827906834e-23
5.7932327	9.782573860e-23
5.8110519	9.737454335e-23
5.8289258	9.692546965e-23
5.8468548	9.647850780e-23
5.8648389	9.603365094e-23
5.8828783	9.559088116e-23
5.9009732	9.515019306e-23
5.9191237	9.471158028e-23
5.9373301	9.427501921e-23
5.9555925	9.384051581e-23
5.9739111	9.340804537e-23
5.992286	9.297760117e-23
6.0107174	9.254918350e-23
6.0292055	9.212276722e-23
6.0477505	9.169835251e-23
6.0663525	9.127592589e-23
6.0850117	9.085548092e-23
6.1037284	9.043700555e-23
6.1225026	9.002048522e-23
6.1413345	8.960591327e-23
6.1602244	8.919328356e-23
6.1791724	8.878258857e-23
6.1981786	8.837380777e-23
6.2172433	8.796694114e-23
6.2363667	8.756197504e-23
6.2555489	8.715890809e-23
6.2747901	8.675771989e-23
6.2940904	8.635840233e-23
6.3134501	8.596094862e-23
6.3328694	8.556535748e-23
6.3523484	8.517160763e-23
6.3718874	8.477969835e-23
6.3914864	8.438962045e-23
6.4111457	8.400136007e-23
6.4308655	8.361490908e-23
6.4506459	8.323025872e-23
6.4704871	8.284740064e-23
6.4903894	8.246633378e-23
6.510353	8.208703645e-23
6.5303779	8.170951210e-23
6.5504644	8.133373949e-23
6.5706127	8.095972315e-23
6.590823	8.058744770e-23
6.6110954	8.021690360e-23
6.6314302	7.984808914e-23
6.6518275	7.948098801e-23
6.6722876	7.911559836e-23
6.6928106	7.875190365e-23
6.7133968	7.838990852e-23
6.7340462	7.802958907e-23
6.7547592	7.767095030e-23
6.7755359	7.731398212e-23
6.7963764	7.695866758e-23
6.8172811	7.660500477e-23
6.8382501	7.625299010e-23
6.8592836	7.590261361e-23
6.8803818	7.555386534e-23
6.9015449	7.520673521e-23
6.922773	7.486121252e-23
6.9440665	7.451730168e-23
6.9654255	7.417499186e-23
6.9868501	7.383426531e-23
7.0083407	7.349512625e-23
7.0298973	7.315755619e-23
7.0515203	7.282155925e-23
7.0732098	7.248711732e-23
7.094966	7.215423326e-23
7.1167891	7.182288941e-23
7.1386793	7.149308850e-23
7.1606369	7.116481309e-23
7.182662	7.083806536e-23
7.2047548	7.051283412e-23
7.2269156	7.018910855e-23
7.2491446	6.986688421e-23
7.2714419	6.954615751e-23
7.2938079	6.922691857e-23
7.3162426	6.890916041e-23
7.3387463	6.859287531e-23
7.3613192	6.827805779e-23
7.3839616	6.796469996e-23
7.4066736	6.765279577e-23
7.4294555	6.734233788e-23
7.4523074	6.703331867e-23
7.4752297	6.672573324e-23
7.4982224	6.641957340e-23
7.5212859	6.611483338e-23
7.5444203	6.581150532e-23
7.5676259	6.550958425e-23
7.5909028	6.520906218e-23
7.6142514	6.490993307e-23
7.6376717	6.461219046e-23
7.6611641	6.431582744e-23
7.6847288	6.402083901e-23
7.7083659	6.372721685e-23
7.7320757	6.343495555e-23
7.7558585	6.314404890e-23
7.7797144	6.285448982e-23
7.8036437	6.256627271e-23
7.8276466	6.227939145e-23
7.8517233	6.199383920e-23
7.8758741	6.170961013e-23
7.9000992	6.142669797e-23
7.9243988	6.114509709e-23
7.9487731	6.086480039e-23
7.9732224	6.058580250e-23
7.9977469	6.030809691e-23
8.0223468	6.003167848e-23
8.0470224	5.975654022e-23
8.0717739	5.948267687e-23
8.0966016	5.921008276e-23
8.1215056	5.893875070e-23
8.1464861	5.866867599e-23
8.1715436	5.839985278e-23
8.1966781	5.813227478e-23
8.2218899	5.786593603e-23
8.2471793	5.760083196e-23
8.2725464	5.733695502e-23
8.2979916	5.707430161e-23
8.323515	5.681286482e-23
8.349117	5.655263869e-23
8.3747977	5.629361843e-23
8.4005574	5.603579837e-23
8.4263963	5.577917320e-23
8.4523147	5.552373639e-23
8.4783128	5.526948327e-23
8.5043909	5.501640791e-23
8.5305492	5.476450554e-23
8.556788	5.451377016e-23
8.5831074	5.426419652e-23
8.6095078	5.401577882e-23
8.6359895	5.376851314e-23
8.6625525	5.352239227e-23
8.6891973	5.327741280e-23
8.7159241	5.303356806e-23
8.742733	5.279085329e-23
8.7696244	5.254926382e-23
8.7965985	5.230879359e-23
8.8236556	5.206943751e-23
8.8507959	5.183119172e-23
8.8780197	5.159404947e-23
8.9053272	5.135800603e-23
8.9327188	5.112305792e-23
8.9601945	5.088919820e-23
8.9877548	5.065642199e-23
9.0153999	5.042472593e-23
9.04313	5.019410344e-23
9.0709454	4.996455050e-23
9.0988463	4.973606127e-23
9.1268331	4.950863187e-23
9.1549059	4.928225685e-23
9.1830651	4.905693148e-23
9.2113109	4.883265124e-23
9.2396436	4.860941103e-23
9.2680634	4.838720624e-23
9.2965707	4.816603194e-23
9.3251656	4.794588394e-23
9.3538485	4.772675641e-23
9.3826196	4.750864534e-23
9.4114792	4.729154691e-23
9.4404276	4.707545487e-23
9.469465	4.686036589e-23
9.4985917	4.664627437e-23
9.527808	4.643317716e-23
9.5571142	4.622106778e-23
9.5865105	4.600994351e-23
9.6159973	4.579979883e-23
9.6455747	4.559062907e-23
9.6752431	4.538243104e-23
9.7050028	4.517519885e-23
9.734854	4.496892953e-23
9.764797	4.476361710e-23
9.7948322	4.455925817e-23
9.8249597	4.435584781e-23
9.8551799	4.415338255e-23
9.885493	4.395185761e-23
9.9158994	4.375126858e-23
9.9463993	4.355161142e-23
9.976993	4.335288142e-23
10.007681	4.315507508e-23
10.038463	4.295818715e-23
10.06934	4.276221429e-23
10.100312	4.256715262e-23
10.131379	4.237299658e-23
10.162542	4.217974349e-23
10.1938	4.198738731e-23
10.225155	4.179592727e-23
10.256606	4.160535646e-23
10.288154	4.141567197e-23
10.319799	4.122686968e-23
10.351541	4.103894458e-23
10.383381	4.085189359e-23
10.415319	4.066571333e-23
10.447355	4.048039865e-23
10.479489	4.029594526e-23
10.511723	4.011235265e-23
10.544055	3.992961089e-23
10.576487	3.974772192e-23
10.609019	3.956667872e-23
10.641651	3.938647930e-23
10.674383	3.920711747e-23
10.707216	3.902859130e-23
10.74015	3.885089622e-23
10.773185	3.867402839e-23
10.806322	3.849798497e-23
10.83956	3.832276029e-23
10.872901	3.814835230e-23
10.906345	3.797475876e-23
10.939891	3.780197224e-23
10.973541	3.762999220e-23
11.007294	3.745881287e-23
11.041151	3.728843106e-23
11.075112	3.711884437e-23
11.109177	3.695004693e-23
11.143347	3.678203799e-23
11.177623	3.661481325e-23
11.212004	3.644836854e-23
11.24649	3.628269785e-23
11.281083	3.611780276e-23
11.315782	3.595367642e-23
11.350587	3.579031449e-23
11.3855	3.562771656e-23
11.42052	3.546587752e-23
11.455648	3.530479443e-23
11.490884	3.514446367e-23
11.526229	3.498488225e-23
11.561682	3.482604581e-23
11.597244	3.466795039e-23
11.632915	3.451059398e-23
11.668696	3.435397345e-23
11.704588	3.419808642e-23
11.740589	3.404292523e-23
11.776702	3.388849213e-23
11.812925	3.373477946e-23
11.84926	3.358178700e-23
11.885707	3.342950990e-23
11.922265	3.327794364e-23
11.958937	3.312708929e-23
11.995721	3.297693999e-23
12.032618	3.282749302e-23
12.069628	3.267874519e-23
12.106753	3.253069592e-23
12.143991	3.238333834e-23
12.181345	3.223667317e-23
12.218813	3.209069348e-23
12.256396	3.194539812e-23
12.294095	3.180078409e-23
12.33191	3.165684800e-23
12.369841	3.151358636e-23
12.407889	3.137099696e-23
12.446054	3.122907720e-23
12.484336	3.108782262e-23
12.522736	3.094723091e-23
12.561254	3.080729847e-23
12.599891	3.066802473e-23
12.638646	3.052940297e-23
12.677521	3.039143377e-23
12.716515	3.025411224e-23
12.75563	3.011743698e-23
12.794864	2.998140281e-23
12.834219	2.984600828e-23
12.873696	2.971125167e-23
12.913293	2.957712679e-23
12.953013	2.944363416e-23
12.992854	2.931076851e-23
13.032818	2.917852819e-23
13.072906	2.904691221e-23
13.113116	2.891591434e-23
13.15345	2.878553374e-23
13.193908	2.865576823e-23
13.234491	2.852661390e-23
13.275198	2.839806651e-23
13.316031	2.827012690e-23
13.356989	2.814278985e-23
13.398073	2.801605416e-23
13.439284	2.788991664e-23
13.480621	2.776437298e-23
13.522086	2.763942287e-23
13.563678	2.751506292e-23
13.605398	2.739128982e-23
13.647246	2.726810114e-23
13.689223	2.714549546e-23
13.731329	2.702346836e-23
13.773565	2.690201928e-23
13.81593	2.678114375e-23
13.858426	2.666084023e-23
13.901052	2.654110614e-23
13.94381	2.642193888e-23
13.986699	2.630333580e-23
14.02972	2.618529427e-23
14.072874	2.606781255e-23
14.11616	2.595088704e-23
14.159579	2.583451592e-23
14.203132	2.571869739e-23
14.246819	2.560342771e-23
14.29064	2.548870508e-23
14.334596	2.537452760e-23
14.378687	2.526089145e-23
14.422914	2.514779565e-23
14.467277	2.503523635e-23
14.511776	2.492321260e-23
14.556412	2.481172140e-23
14.601186	2.470076161e-23
14.646097	2.459032846e-23
14.691146	2.448042079e-23
14.736334	2.437103741e-23
14.781661	2.426217431e-23
14.827127	2.415382943e-23
14.872734	2.404600232e-23
14.91848	2.393868925e-23
14.964367	2.383188675e-23
15.010395	2.372559465e-23
15.056565	2.361981059e-23
15.102877	2.351453038e-23
15.149331	2.340975383e-23
15.195929	2.330547926e-23
15.242669	2.320170088e-23
15.289553	2.309841997e-23
15.336582	2.299563398e-23
15.383755	2.289333886e-23
15.431073	2.279153404e-23
15.478537	2.269021692e-23
15.526147	2.258938612e-23
15.573903	2.248903724e-23
15.621806	2.238917065e-23
15.669857	2.228978360e-23
15.718055	2.219087294e-23
15.766401	2.209243796e-23
15.814897	2.199447655e-23
15.863541	2.189698479e-23
15.912335	2.179996260e-23
15.961279	2.170340639e-23
16.010374	2.160731635e-23
16.059619	2.151168819e-23
16.109016	2.141652170e-23
16.158565	2.132181321e-23
16.208267	2.122756178e-23
16.258121	2.113376514e-23
16.308129	2.104042191e-23
16.35829	2.094752876e-23
16.408606	2.085508424e-23
16.459077	2.076308771e-23
16.509702	2.067153580e-23
16.560484	2.058042761e-23
16.611422	2.048975972e-23
16.662516	2.039953143e-23
16.713768	2.030974113e-23
16.765177	2.022038536e-23
16.816744	2.013146398e-23
16.86847	2.004297471e-23
16.920355	1.995491463e-23
16.9724	1.986728354e-23
17.024604	1.978007684e-23
17.07697	1.969329650e-23
17.129496	1.960693734e-23
17.182184	1.952099963e-23
17.235034	1.943548143e-23
17.288046	1.935037970e-23
17.341222	1.926569358e-23
17.394561	1.918142051e-23
17.448064	1.909756012e-23
17.501732	1.901410983e-23
17.555565	1.893106761e-23
17.609563	1.884843138e-23
17.663728	1.876620121e-23
17.718059	1.868437340e-23
17.772557	1.860294744e-23
17.827223	1.852192065e-23
17.882057	1.844129195e-23
17.93706	1.836105970e-23
17.992231	1.828122230e-23
18.047573	1.820177799e-23
18.103085	1.812272405e-23
18.158767	1.804406044e-23
18.214621	1.796578481e-23
18.270647	1.788789601e-23
18.326845	1.781039174e-23
18.383215	1.773326974e-23
18.439759	1.765652974e-23
18.496478	1.758016991e-23
18.55337	1.750418805e-23
18.610438	1.742858324e-23
18.667681	1.735335261e-23
18.7251	1.727849648e-23
18.782696	1.720401180e-23
18.840468	1.712989790e-23
18.898419	1.705615261e-23
18.956548	1.698277526e-23
19.014856	1.690976269e-23
19.073343	1.683711468e-23
19.132009	1.676482873e-23
19.190857	1.669290589e-23
19.249885	1.662134050e-23
19.309095	1.655013540e-23
19.368487	1.647928576e-23
19.428062	1.640879170e-23
19.48782	1.633865062e-23
19.547762	1.626886260e-23
19.607888	1.619942617e-23
19.668199	1.613033795e-23
19.728695	1.606159759e-23
19.789378	1.599320435e-23
19.850247	1.592515516e-23
19.911304	1.585745040e-23
19.972548	1.579008812e-23
20.033981	1.572306637e-23
20.095603	1.565638355e-23
20.157414	1.559003923e-23
20.219415	1.552403099e-23
20.281607	1.545835877e-23
20.343991	1.539302012e-23
20.406566	1.532801417e-23
20.469333	1.526333846e-23
20.532294	1.519899322e-23
20.595449	1.513497673e-23
20.658797	1.507128693e-23
20.722341	1.500792317e-23
20.78608	1.494488337e-23
20.850015	1.488216729e-23
20.914147	1.481977235e-23
20.978475	1.475769759e-23
21.043002	1.469594348e-23
21.107728	1.463450582e-23
21.172652	1.457338601e-23
21.237776	1.451258053e-23
21.3031	1.445208992e-23
21.368626	1.439191181e-23
21.434353	1.433204519e-23
21.500282	1.427248849e-23
21.566413	1.421324103e-23
21.632749	1.415430069e-23
21.699288	1.409566848e-23
21.766032	1.403734073e-23
21.832981	1.397931670e-23
21.900136	1.392159594e-23
21.967498	1.386417679e-23
22.035067	1.380705850e-23
22.102844	1.375023937e-23
22.170829	1.369371860e-23
22.239023	1.363749327e-23
22.307427	1.358156530e-23
22.376042	1.352593173e-23
22.444867	1.347059019e-23
22.513904	1.341554166e-23
22.583154	1.336078435e-23
22.652617	1.330631738e-23
22.722293	1.325213866e-23
22.792183	1.319824757e-23
22.862289	1.314464380e-23
22.93261	1.309132368e-23
23.003147	1.303828903e-23
23.073902	1.298553702e-23
23.144874	1.293306766e-23
23.216064	1.288087904e-23
23.287474	1.282896950e-23
23.359102	1.277734001e-23
23.430952	1.272598692e-23
23.503022	1.267491121e-23
23.575314	1.262410991e-23
23.647828	1.257358449e-23
23.720566	1.252333171e-23
23.793527	1.247335115e-23
23.866712	1.242364177e-23
23.940123	1.237420265e-23
24.013759	1.232503260e-23
24.087622	1.227613081e-23
24.161712	1.222749593e-23
24.23603	1.217912711e-23
24.310577	1.213102350e-23
24.385353	1.208318373e-23
24.460359	1.203560692e-23
24.535595	1.198829193e-23
24.611063	1.194123798e-23
24.686763	1.189444405e-23
24.762696	1.184790907e-23
24.838863	1.180163223e-23
24.915264	1.175561236e-23
24.9919	1.170984836e-23
25.068771	1.166433928e-23
25.145879	1.161908438e-23
25.223224	1.157408269e-23
25.300807	1.152933295e-23
25.378629	1.148483465e-23
25.45669	1.144058641e-23
25.534991	1.139658745e-23
25.613533	1.135283687e-23
25.692317	1.130933384e-23
25.771343	1.126607721e-23
25.850612	1.122306603e-23
25.930124	1.118029926e-23
26.009882	1.113777660e-23
26.089885	1.109549665e-23
26.170133	1.105345832e-23
26.250629	1.101166131e-23
26.331372	1.097010403e-23
26.412364	1.092878620e-23
26.493604	1.088770637e-23
26.575095	1.084686417e-23
26.656836	1.080625839e-23
26.738829	1.076588829e-23
26.821074	1.072575285e-23
26.903571	1.068585108e-23
26.986323	1.064618264e-23
27.069329	1.060674617e-23
27.152591	1.056754115e-23
27.236108	1.052856618e-23
27.319882	1.048982086e-23
27.403915	1.045130463e-23
27.488205	1.041301588e-23
27.572755	1.037495423e-23
27.657565	1.033711884e-23
27.742636	1.029950879e-23
27.827968	1.026212310e-23
27.913563	1.022496114e-23
27.999421	1.018802219e-23
28.085543	1.015130515e-23
28.17193	1.011480931e-23
28.258583	1.007853397e-23
28.345503	1.004247827e-23
28.432689	1.000664127e-23
28.520144	9.971022308e-24
28.607868	9.935620467e-24
28.695862	9.900435263e-24
28.784126	9.865465351e-24
28.872662	9.830710402e-24
28.96147	9.796169462e-24
29.050552	9.761841913e-24
29.139907	9.727726617e-24
29.229537	9.693823071e-24
29.319443	9.660130596e-24
29.409626	9.626648226e-24
29.500085	9.593375079e-24
29.590824	9.560310654e-24
29.681841	9.527454172e-24
29.773138	9.494804653e-24
29.864716	9.462361509e-24
29.956575	9.430123838e-24
30.048718	9.398091210e-24
30.141143	9.366262535e-24
30.233853	9.334637361e-24
30.326848	9.303214620e-24
30.420129	9.271993953e-24
30.513697	9.240974288e-24
30.607553	9.210155106e-24
30.701697	9.179535450e-24
30.796131	9.149114937e-24
30.890856	9.118892601e-24
30.985872	9.088867747e-24
31.08118	9.059039680e-24
31.176781	9.029407544e-24
31.272677	8.999971063e-24
31.368867	8.970728934e-24
31.465353	8.941680856e-24
31.562136	8.912826099e-24
31.659217	8.884163761e-24
31.756596	8.855693242e-24
31.854275	8.827413917e-24
31.952254	8.799324879e-24
32.050535	8.771425631e-24
32.149118	8.743715537e-24
32.248004	8.716193661e-24
32.347194	8.688859342e-24
32.446689	8.661712067e-24
32.546491	8.634751145e-24
32.646599	8.607975782e-24
32.747015	8.581385277e-24
32.847741	8.554979205e-24
32.948776	8.528756463e-24
33.050121	8.502716632e-24
33.151779	8.476859253e-24
33.253749	8.451183195e-24
33.356033	8.425688150e-24
33.458631	8.400373249e-24
33.561545	8.375237871e-24
33.664776	8.350281413e-24
33.768324	8.325503128e-24
33.87219	8.300902397e-24
33.976376	8.276478724e-24
34.080883	8.252231310e-24
34.185711	8.228159397e-24
34.290861	8.204262331e-24
34.396335	8.180539730e-24
34.502133	8.156990655e-24
34.608257	8.133614706e-24
34.714707	8.110410932e-24
34.821485	8.087379068e-24
34.92859	8.064518036e-24
35.036026	8.041827635e-24
35.143792	8.019306925e-24
35.251889	7.996955346e-24
35.360319	7.974772286e-24
35.469082	7.952757060e-24
35.57818	7.930909196e-24
35.687613	7.909227684e-24
35.797383	7.887712346e-24
35.907491	7.866362426e-24
36.017937	7.845177046e-24
36.128724	7.824155963e-24
36.23985	7.803298075e-24
36.351319	7.782603226e-24
36.46313	7.762070411e-24
36.575286	7.741699354e-24
36.687786	7.721489036e-24
36.800633	7.701439319e-24
36.913826	7.681549176e-24
37.027368	7.661818299e-24
37.141259	7.642245748e-24
37.2555	7.622831154e-24
37.370093	7.603573769e-24
37.485038	7.584473109e-24
37.600336	7.565528310e-24
37.71599	7.546739179e-24
37.831999	7.528104796e-24
37.948365	7.509624693e-24
38.065088	7.491297882e-24
38.182171	7.473124298e-24
38.299614	7.455103097e-24
38.417418	7.437233687e-24
38.535585	7.419515407e-24
38.654115	7.401947715e-24
38.773009	7.384529999e-24
38.89227	7.367261670e-24
39.011897	7.350142077e-24
39.131892	7.333170682e-24
39.252256	7.316346849e-24
39.37299	7.299669936e-24
39.494096	7.283139547e-24
39.615574	7.266754931e-24
39.737426	7.250515358e-24
39.859653	7.234420484e-24
39.982255	7.218469542e-24
40.105235	7.202662196e-24
40.228593	7.186997505e-24
40.352331	7.171475024e-24
40.476449	7.156094297e-24
40.600948	7.140854451e-24
40.725831	7.125755279e-24
40.851098	7.110795810e-24
40.97675	7.095975646e-24
41.102789	7.081294310e-24
41.229215	7.066750976e-24
41.35603	7.052345318e-24
41.483236	7.038076505e-24
41.610832	7.023944110e-24
41.738821	7.009947373e-24
41.867204	6.996086023e-24
41.995982	6.982359284e-24
42.125155	6.968766463e-24
42.254726	6.955307271e-24
42.384696	6.941980913e-24
42.515065	6.928786844e-24
42.645835	6.915724510e-24
42.777008	6.902793512e-24
42.908584	6.889992956e-24
43.040565	6.877322430e-24
43.172951	6.864781368e-24
43.305745	6.852369259e-24
43.438947	6.840085350e-24
43.572559	6.827929210e-24
43.706582	6.815900328e-24
43.841018	6.803998088e-24
43.975866	6.792221639e-24
44.11113	6.780571023e-24
44.24681	6.769045114e-24
44.382906	6.757643463e-24
44.519422	6.746365750e-24
44.656357	6.735211098e-24
44.793714	6.724179273e-24
44.931493	6.713269458e-24
45.069696	6.702481335e-24
45.208324	6.691813981e-24
45.347378	6.681267158e-24
45.48686	6.670840183e-24
45.626772	6.660532538e-24
45.767113	6.650343648e-24
45.907886	6.640272885e-24
46.049092	6.630319814e-24
46.190733	6.620484067e-24
46.332809	6.610764603e-24
46.475322	6.601161218e-24
46.618273	6.591673283e-24
46.761665	6.582300302e-24
46.905497	6.573041492e-24
47.049772	6.563896699e-24
47.19449	6.554865028e-24
47.339654	6.545946311e-24
47.485264	6.537139463e-24
47.631321	6.528444523e-24
47.777829	6.519860489e-24
47.924786	6.511387194e-24
48.072196	6.503023796e-24
48.22006	6.494769964e-24
48.368378	6.486625115e-24
48.517152	6.478588612e-24
48.666384	6.470660179e-24
48.816075	6.462838923e-24
48.966226	6.455124483e-24
49.116839	6.447516571e-24
49.267916	6.440014340e-24
49.419457	6.432617173e-24
49.571464	6.425324942e-24
49.723939	6.418136786e-24
49.876882	6.411052438e-24
50.030297	6.404071339e-24
50.184183	6.397192594e-24
50.338542	6.390416241e-24
50.493376	6.383741386e-24
50.648687	6.377167686e-24
50.804475	6.370694482e-24
50.960742	6.364321416e-24
51.11749	6.358047762e-24
51.27472	6.351873276e-24
51.432434	6.345797401e-24
51.590633	6.339819521e-24
51.749319	6.333939252e-24
51.908492	6.328155906e-24
52.068155	6.322469147e-24
52.228309	6.316878530e-24
52.388956	6.311383276e-24
52.550097	6.305983109e-24
52.711734	6.300677621e-24
52.873868	6.295466152e-24
53.0365	6.290348038e-24
53.199633	6.285323288e-24
53.363268	6.280391040e-24
53.527405	6.275550748e-24
53.692048	6.270802275e-24
53.857197	6.266144875e-24
54.022854	6.261578102e-24
54.189021	6.257101504e-24
54.355699	6.252714570e-24
54.522889	6.248416970e-24
54.690594	6.244208104e-24
54.858814	6.240087582e-24
55.027552	6.236054792e-24
55.196809	6.232109392e-24
55.366587	6.228250897e-24
55.536886	6.224478707e-24
55.70771	6.220792630e-24
55.879059	6.217191871e-24
56.050935	6.213676307e-24
56.22334	6.210245239e-24
56.396275	6.206898491e-24
56.569742	6.203635159e-24
56.743742	6.200455248e-24
56.918278	6.197358093e-24
57.09335	6.194343254e-24
57.268961	6.191410248e-24
57.445113	6.188558932e-24
57.621806	6.185788453e-24
57.799042	6.183098464e-24
57.976824	6.180488859e-24
58.155152	6.177958779e-24
58.334029	6.175507914e-24
58.513456	6.173136038e-24
58.693435	6.170842583e-24
58.873968	6.168627175e-24
59.055056	6.166489381e-24
59.236701	6.164428617e-24
59.418905	6.162444696e-24
59.601669	6.160537171e-24
59.784995	6.158705451e-24
59.968885	6.156949133e-24
60.153341	6.155268014e-24
60.338364	6.153661634e-24
60.523956	6.152129582e-24
60.710119	6.150671242e-24
60.896855	6.149286596e-24
61.084165	6.147974766e-24
61.272051	6.146735931e-24
61.460516	6.145569304e-24
61.649559	6.144474505e-24
61.839185	6.143451241e-24
62.029393	6.142499126e-24
62.220187	6.141617810e-24
62.411567	6.140806744e-24
62.603536	6.140065931e-24
62.796096	6.139394505e-24
62.989248	6.138792364e-24
63.182994	6.138259246e-24
63.377336	6.137794476e-24
63.572275	6.137397945e-24
63.767815	6.137069067e-24
63.963955	6.136807832e-24
64.160699	6.136613443e-24
64.358049	6.136485823e-24
64.556005	6.136424591e-24
64.75457	6.136429301e-24
64.953746	6.136499661e-24
65.153534	6.136635328e-24
65.353937	6.136835845e-24
65.554957	6.137101117e-24
65.756594	6.137430538e-24
65.958852	6.137824102e-24
66.161732	6.138281034e-24
66.365237	6.138801483e-24
66.569367	6.139384621e-24
66.774125	6.140030382e-24
66.979512	6.140738609e-24
67.185532	6.141508643e-24
67.392185	6.142340484e-24
67.599474	6.143233423e-24
67.8074	6.144187500e-24
68.015966	6.145202208e-24
68.225173	6.146277374e-24
68.435024	6.147412696e-24
68.645521	6.148607825e-24
68.856665	6.149862150e-24
69.068458	6.151175957e-24
69.280903	6.152548506e-24
69.494001	6.153979604e-24
69.707755	6.155468932e-24
69.922166	6.157016293e-24
70.137236	6.158621532e-24
70.352969	6.160284150e-24
70.569364	6.162003637e-24
70.786426	6.163780395e-24
71.004155	6.165613523e-24
71.222553	6.167502850e-24
71.441624	6.169448511e-24
71.661368	6.171449813e-24
71.881788	6.173506402e-24
72.102886	6.175618540e-24
72.324665	6.177785429e-24
72.547125	6.180007243e-24
72.77027	6.182283440e-24
72.994101	6.184613789e-24
73.21862	6.186998101e-24
73.44383	6.189436003e-24
73.669733	6.191927522e-24
73.896331	6.194472238e-24
74.123625	6.197069909e-24
74.351619	6.199720193e-24
74.580314	6.202423067e-24
74.809713	6.205178140e-24
75.039817	6.207985386e-24
75.270628	6.210844144e-24
75.50215	6.213754730e-24
75.734384	6.216716439e-24
75.967332	6.219729273e-24
76.200997	6.222793055e-24
76.43538	6.225907516e-24
76.670485	6.229072515e-24
76.906312	6.232287740e-24
77.142865	6.235552817e-24
77.380146	6.238867964e-24
77.618156	6.242232679e-24
77.856898	6.245646538e-24
78.096375	6.249109797e-24
78.336589	6.252622212e-24
78.577541	6.256183271e-24
78.819234	6.259792998e-24
79.061671	6.263451184e-24
79.304853	6.267157537e-24
79.548784	6.270911883e-24
79.793465	6.274714160e-24
80.038898	6.278564340e-24
80.285086	6.282461740e-24
80.532032	6.286406602e-24
80.779737	6.290398625e-24
81.028204	6.294437579e-24
81.277435	6.298523198e-24
81.527433	6.302655715e-24
81.7782	6.306834628e-24
82.029738	6.311059661e-24
82.28205	6.315331044e-24
82.535138	6.319648501e-24
82.789004	6.324011517e-24
83.043651	6.328420553e-24
83.299082	6.332874893e-24
83.555298	6.337374684e-24
83.812302	6.341919675e-24
84.070097	6.346509616e-24
84.328684	6.351144652e-24
84.588067	6.355824562e-24
84.848248	6.360549053e-24
85.10923	6.365318100e-24
85.371013	6.370131331e-24
85.633603	6.374989071e-24
85.896999	6.379890906e-24
86.161206	6.384836641e-24
86.426226	6.389826208e-24
86.692061	6.394859781e-24
86.958713	6.399936808e-24
87.226186	6.405057292e-24
87.494481	6.410221362e-24
87.763602	6.415428536e-24
88.03355	6.420678943e-24
88.304329	6.425972337e-24
88.57594	6.431308843e-24
88.848387	6.436688214e-24
89.121672	6.442110124e-24
89.395798	6.447574770e-24
89.670767	6.453082068e-24
89.946581	6.458631686e-24
90.223244	6.464223858e-24
90.500758	6.469858002e-24
90.779126	6.475534556e-24
91.058349	6.481253150e-24
91.338432	6.487013550e-24
91.619376	6.492816121e-24
91.901184	6.498660310e-24
92.183859	6.504546302e-24
92.467404	6.510474039e-24
92.75182	6.516443383e-24
93.037112	6.522454095e-24
93.32328	6.528506499e-24
93.61033	6.534600137e-24
93.898262	6.540735083e-24
94.187079	6.546911269e-24
94.476786	6.553128693e-24
94.767383	6.559387178e-24
95.058874	6.565686686e-24
95.351261	6.572027107e-24
95.644548	6.578408653e-24
95.938737	6.584831210e-24
96.233831	6.591294451e-24
96.529833	6.597798546e-24
96.826745	6.604343382e-24
97.12457	6.610928876e-24
97.423312	6.617554981e-24
97.722972	6.624221797e-24
98.023554	6.630929019e-24
98.32506	6.637677036e-24
98.627494	6.644465284e-24
98.930858	6.651294153e-24
99.235156	6.658163587e-24
99.540389	6.665073169e-24
99.846561	6.672023358e-24
100.15367	6.679013635e-24
100.46173	6.686044531e-24
100.77074	6.693115816e-24
101.0807	6.700227297e-24
101.39161	6.707379033e-24
101.70347	6.714570569e-24
102.0163	6.721802887e-24
102.33008	6.729075128e-24
102.64484	6.736388080e-24
102.96056	6.743740623e-24
103.27725	6.751133668e-24
103.59492	6.758567077e-24
103.91356	6.766040321e-24
104.23318	6.773553786e-24
104.55379	6.781107853e-24
104.87538	6.788701731e-24
105.19796	6.796336064e-24
105.52154	6.804010703e-24
105.84611	6.811725383e-24
106.17168	6.819480218e-24
106.49824	6.827275208e-24
106.82582	6.835110840e-24
107.1544	6.842986263e-24
107.48399	6.850902384e-24
107.8146	6.858858778e-24
108.14622	6.866855180e-24
108.47886	6.874891962e-24
108.81253	6.882969496e-24
109.14722	6.891087251e-24
109.48294	6.899245328e-24
109.81969	6.907444050e-24
110.15748	6.915683245e-24
110.49631	6.923962967e-24
110.83618	6.932282996e-24
111.1771	6.940643969e-24
111.51906	6.949045356e-24
111.86208	6.957487833e-24
112.20615	6.965970595e-24
112.55128	6.974494278e-24
112.89747	6.983058934e-24
113.24473	6.991664376e-24
113.59306	7.000310930e-24
113.94245	7.008998064e-24
114.29292	7.017726446e-24
114.64447	7.026496128e-24
114.9971	7.035306606e-24
115.35082	7.044158515e-24
115.70562	7.053051601e-24
116.06151	7.061985942e-24
116.4185	7.070961893e-24
116.77659	7.079979226e-24
117.13578	7.089037991e-24
117.49607	7.098138519e-24
117.85747	7.107280604e-24
118.21998	7.116464295e-24
118.58361	7.125689943e-24
118.94836	7.134957599e-24
119.31423	7.144267312e-24
119.68122	7.153618853e-24
120.04934	7.163012569e-24
120.4186	7.172448811e-24
120.78899	7.181927046e-24
121.16052	7.191447905e-24
121.53319	7.201011155e-24
121.90701	7.210616859e-24
122.28198	7.220265636e-24
122.6581	7.229956681e-24
123.03538	7.239690910e-24
123.41382	7.249468086e-24
123.79342	7.259288262e-24
124.17419	7.269151781e-24
124.55613	7.279058405e-24
124.93925	7.289008479e-24
125.32355	7.299002339e-24
125.70902	7.309039169e-24
126.09569	7.319120470e-24
126.48354	7.329245133e-24
126.87259	7.339413788e-24
127.26283	7.349626780e-24
127.65427	7.359883574e-24
128.04692	7.370184803e-24
128.44077	7.380530521e-24
128.83584	7.390920770e-24
129.23212	7.401355902e-24
129.62962	7.411835375e-24
130.02834	7.422360121e-24
130.42829	7.432929892e-24
130.82947	7.443544738e-24
131.23188	7.454205008e-24
131.63553	7.464910744e-24
132.04042	7.475661998e-24
132.44656	7.486459108e-24
132.85395	7.497302125e-24
133.26259	7.508191104e-24
133.67248	7.519126396e-24
134.08364	7.530107726e-24
134.49606	7.541135761e-24
134.90975	7.552210537e-24
135.32472	7.563332091e-24
135.74096	7.574500496e-24
136.15848	7.585715787e-24
136.57728	7.596978321e-24
136.99737	7.608288433e-24
137.41876	7.619646154e-24
137.84144	7.631051565e-24
138.26542	7.642505001e-24
138.6907	7.654006216e-24
139.1173	7.665556123e-24
139.5452	7.677153923e-24
139.97442	7.688800531e-24
140.40496	7.700496004e-24
140.83683	7.712240372e-24
141.27002	7.724033722e-24
141.70455	7.735876358e-24
142.14041	7.747768677e-24
142.57762	7.759710673e-24
143.01617	7.771702440e-24
143.45606	7.783744039e-24
143.89731	7.795835767e-24
144.33992	7.807978303e-24
144.78389	7.820171400e-24
145.22922	7.832415120e-24
145.67593	7.844710065e-24
146.12401	7.857056029e-24
146.57346	7.869453078e-24
147.0243	7.881902121e-24
147.47653	7.894403227e-24
147.93015	7.906956147e-24
148.38516	7.919561259e-24
148.84157	7.932218582e-24
149.29939	7.944928764e-24
149.75861	7.957691605e-24
150.21925	7.970508021e-24
150.6813	7.983377182e-24
151.14477	7.996300054e-24
151.60967	8.009276655e-24
152.076	8.022307370e-24
152.54377	8.035392215e-24
153.01297	8.048531316e-24
153.48362	8.061725270e-24
153.95571	8.074973886e-24
154.42926	8.088277759e-24
154.90426	8.101637023e-24
155.38072	8.115051691e-24
155.85865	8.128522419e-24
156.33805	8.142048959e-24
156.81892	8.155632031e-24
157.30128	8.169271583e-24
157.78511	8.182967823e-24
158.27044	8.196721601e-24
158.75725	8.210532155e-24
159.24557	8.224400339e-24
159.73539	8.238326622e-24
160.22671	8.252310755e-24
160.71954	8.266353082e-24
161.21389	8.280454263e-24
161.70976	8.294614048e-24
162.20716	8.308833111e-24
162.70609	8.323111858e-24
163.20655	8.337450046e-24
163.70855	8.351848007e-24
164.21209	8.366306166e-24
164.71719	8.380825107e-24
165.22383	8.395404414e-24
165.73204	8.410045267e-24
166.24181	8.424747165e-24
166.75314	8.439510527e-24
167.26605	8.454335948e-24
167.78054	8.469223856e-24
168.29661	8.484174004e-24
168.81426	8.499186479e-24
169.33351	8.514262552e-24
169.85436	8.529401976e-24
170.37681	8.544604843e-24
170.90086	8.559871927e-24
171.42653	8.575203139e-24
171.95381	8.590598671e-24
172.48272	8.606059451e-24
173.01325	8.621585330e-24
173.54541	8.637176653e-24
174.07921	8.652833767e-24
174.61466	8.668557362e-24
175.15175	8.684346949e-24
175.69049	8.700203557e-24
176.23089	8.716127198e-24
176.77295	8.732118311e-24
177.31668	8.748177254e-24
177.86208	8.764304129e-24
178.40916	8.780499629e-24
178.95792	8.796763860e-24
179.50837	8.813097181e-24
180.06051	8.829499695e-24
180.61435	8.845972100e-24
181.16989	8.862514512e-24
181.72715	8.879127874e-24
182.28611	8.895811460e-24
182.8468	8.912566469e-24
183.40921	8.929393111e-24
183.97335	8.946291403e-24
184.53923	8.963262397e-24
185.10684	8.980305269e-24
185.67621	8.997421568e-24
186.24732	9.014611273e-24
186.82019	9.031874287e-24
187.39482	9.049211435e-24
187.97122	9.066623080e-24
188.54939	9.084109698e-24
189.12935	9.101671539e-24
189.71108	9.119308603e-24
190.2946	9.137021849e-24
190.87992	9.154811289e-24
191.46704	9.172677406e-24
192.05597	9.190620922e-24
192.64671	9.208641615e-24
193.23926	9.226740327e-24
193.83364	9.244917310e-24
194.42984	9.263172819e-24
195.02788	9.281507819e-24
195.62776	9.299922093e-24
196.22948	9.318416132e-24
196.83305	9.336990311e-24
197.43849	9.355645968e-24
198.04578	9.374382038e-24
198.65494	9.393199870e-24
199.26597	9.412099603e-24
199.87889	9.431081847e-24
200.49369	9.450146881e-24
201.11038	9.469295081e-24
201.72896	9.488526963e-24
202.34945	9.507842773e-24
202.97185	9.527243400e-24
203.59616	9.546728993e-24
204.2224	9.566300169e-24
204.85056	9.585956847e-24
205.48065	9.605699783e-24
206.11268	9.625529738e-24
206.74665	9.645446494e-24
207.38257	9.665451188e-24
208.02045	9.685543836e-24
208.66029	9.705725345e-24
209.3021	9.725995733e-24
209.94589	9.746355770e-24
210.59165	9.766805387e-24
211.2394	9.787345585e-24
211.88914	9.807976533e-24
212.54088	9.828699005e-24
213.19463	9.849513399e-24
213.85039	9.870420265e-24
214.50816	9.891419396e-24
215.16796	9.912512557e-24
215.82978	9.933698938e-24
216.49364	9.954979558e-24
217.15955	9.976355193e-24
217.8275	9.997826177e-24
218.4975	1.001939254e-23
219.16957	1.004105530e-23
219.84371	1.006281503e-23
220.51991	1.008467206e-23
221.1982	1.010662687e-23
221.87858	1.012868005e-23
222.56104	1.015083154e-23
223.24561	1.017308300e-23
223.93228	1.019543400e-23
224.62107	1.021788557e-23
225.31197	1.024043769e-23
226.005	1.026309177e-23
226.70016	1.028584762e-23
227.39745	1.030870545e-23
228.09689	1.033166708e-23
228.79849	1.035473215e-23
229.50224	1.037790103e-23
230.20816	1.040117515e-23
230.91624	1.042455412e-23
231.62651	1.044803919e-23
232.33896	1.047163037e-23
233.0536	1.049532847e-23
233.77044	1.051913434e-23
234.48949	1.054304800e-23
235.21074	1.056707025e-23
235.93422	1.059120198e-23
236.65992	1.061544358e-23
237.38785	1.063979508e-23
238.11802	1.066425774e-23
238.85044	1.068883201e-23
239.58511	1.071351850e-23
240.32204	1.073831728e-23
241.06123	1.076322975e-23
241.8027	1.078825581e-23
242.54646	1.081339671e-23
243.29249	1.083865265e-23
244.04083	1.086402433e-23
244.79146	1.088951197e-23
245.54441	1.091511727e-23
246.29967	1.094083944e-23
247.05725	1.096668016e-23
247.81716	1.099263950e-23
248.57941	1.101871832e-23
249.34401	1.104491751e-23
250.11095	1.107123667e-23
250.88026	1.109767796e-23
251.65193	1.112424100e-23
252.42598	1.115092648e-23
253.2024	1.117773526e-23
253.98122	1.120466825e-23
254.76243	1.123172551e-23
255.54604	1.125890833e-23
256.33206	1.128621678e-23
257.1205	1.131365178e-23
257.91137	1.134121421e-23
258.70467	1.136890434e-23
259.50041	1.139672309e-23
260.29859	1.142467115e-23
261.09924	1.145274902e-23
261.90234	1.148095780e-23
262.70792	1.150929760e-23
263.51597	1.153776972e-23
264.3265	1.156637384e-23
265.13954	1.159511214e-23
265.95507	1.162398449e-23
266.77311	1.165299119e-23
267.59366	1.168213336e-23
268.41674	1.171141217e-23
269.24236	1.174082813e-23
270.07051	1.177038131e-23
270.90121	1.180007288e-23
271.73446	1.182990356e-23
272.57028	1.185987451e-23
273.40866	1.188998540e-23
274.24963	1.192023803e-23
275.09318	1.195063251e-23
275.93933	1.198117000e-23
276.78808	1.201185125e-23
277.63944	1.204267636e-23
278.49342	1.207364673e-23
279.35003	1.210476331e-23
280.20927	1.213602602e-23
281.07115	1.216743581e-23
281.93569	1.219899430e-23
282.80288	1.223070162e-23
283.67274	1.226255853e-23
284.54528	1.229456601e-23
285.4205	1.232672483e-23
286.29841	1.235903511e-23
287.17903	1.239149893e-23
288.06235	1.242411641e-23
288.94839	1.245688790e-23
289.83715	1.248981505e-23
290.72865	1.252289777e-23
291.62289	1.255613772e-23
292.51988	1.258953548e-23
293.41963	1.262309162e-23
294.32215	1.265680715e-23
295.22744	1.269068287e-23
296.13552	1.272471958e-23
297.04639	1.275891809e-23
297.96006	1.279327942e-23
298.87654	1.282780416e-23
299.79584	1.286249333e-23
300.71797	1.289734799e-23
301.64294	1.293236870e-23
302.57075	1.296755632e-23
303.50142	1.300291163e-23
304.43494	1.303843572e-23
305.37134	1.307412916e-23
306.31062	1.310999370e-23
307.25279	1.314602903e-23
308.19785	1.318223690e-23
309.14583	1.321861791e-23
310.09672	1.325517268e-23
311.05053	1.329190276e-23
312.00728	1.332880850e-23
312.96697	1.336589077e-23
313.92961	1.340315066e-23
314.89521	1.344058924e-23
315.86378	1.347820759e-23
316.83534	1.351600611e-23
317.80988	1.355398638e-23
318.78741	1.359214811e-23
319.76796	1.363049375e-23
320.75152	1.366902352e-23
321.73811	1.370773826e-23
322.72773	1.374663887e-23
323.72039	1.378572647e-23
324.71611	1.382500238e-23
325.71489	1.386446705e-23
326.71674	1.390412159e-23
327.72168	1.394396735e-23
328.7297	1.398400456e-23
329.74083	1.402423523e-23
330.75506	1.406465916e-23
331.77242	1.410527837e-23
332.7929	1.414609310e-23
333.81653	1.418710493e-23
334.8433	1.422831411e-23
335.87323	1.426972248e-23
336.90633	1.431133071e-23
337.94261	1.435313998e-23
338.98207	1.439515123e-23
340.02473	1.443736488e-23
341.0706	1.447978307e-23
342.11968	1.452240580e-23
343.17199	1.456523493e-23
344.22754	1.460827117e-23
345.28634	1.465151571e-23
346.34839	1.469496952e-23
347.41371	1.473863304e-23
348.4823	1.478250822e-23
349.55418	1.482659598e-23
350.62936	1.487089706e-23
351.70785	1.491541314e-23
352.78965	1.496014472e-23
353.87478	1.500509277e-23
354.96325	1.505025896e-23
356.05507	1.509564406e-23
357.15024	1.514124906e-23
358.24879	1.518707561e-23
359.35071	1.523312405e-23
360.45602	1.527939631e-23
361.56473	1.532589314e-23
362.67685	1.537261528e-23
363.7924	1.541956471e-23
364.91137	1.546674174e-23
366.03379	1.551414806e-23
367.15965	1.556178451e-23
368.28898	1.560965278e-23
369.42179	1.565775313e-23
370.55808	1.570608763e-23
371.69786	1.575465705e-23
372.84115	1.580346240e-23
373.98796	1.585250544e-23
375.13829	1.590178626e-23
376.29216	1.595130737e-23
377.44959	1.600106926e-23
378.61057	1.605107332e-23
379.77512	1.610132055e-23
380.94325	1.615181229e-23
382.11498	1.620255002e-23
383.29031	1.625353438e-23
384.46926	1.630476738e-23
385.65183	1.635624914e-23
386.83804	1.640798220e-23
388.0279	1.645996689e-23
389.22142	1.651220505e-23
390.41861	1.656469752e-23
391.61948	1.661744564e-23
392.82405	1.667045097e-23
394.03232	1.672371465e-23
395.24431	1.677723775e-23
396.46002	1.683102141e-23
397.67948	1.688506742e-23
398.90268	1.693937727e-23
400.12965	1.699395118e-23
401.36039	1.704879189e-23
402.59492	1.710389943e-23
403.83324	1.715927551e-23
405.07538	1.721492246e-23
406.32133	1.727084021e-23
407.57112	1.732703059e-23
408.82475	1.738349533e-23
410.08224	1.744023552e-23
411.34359	1.749725236e-23
412.60883	1.755454718e-23
413.87795	1.761212150e-23
415.15098	1.766997718e-23
416.42793	1.772811461e-23
417.7088	1.778653606e-23
418.99361	1.784524213e-23
420.28238	1.790423500e-23
421.57511	1.796351594e-23
422.87181	1.802308587e-23
424.17251	1.808294665e-23
425.4772	1.814309935e-23
426.78591	1.820354587e-23
428.09864	1.826428692e-23
429.41541	1.832532474e-23
430.73623	1.838666082e-23
432.06111	1.844829558e-23
433.39007	1.851023179e-23
434.72312	1.857246990e-23
436.06027	1.863501193e-23
437.40153	1.869785940e-23
438.74691	1.876101329e-23
440.09643	1.882447587e-23
441.45011	1.888824780e-23
442.80795	1.895233148e-23
444.16996	1.901672736e-23
445.53616	1.908143773e-23
446.90657	1.914646381e-23
448.28119	1.921180750e-23
449.66004	1.927746999e-23
451.04313	1.934345341e-23
452.43047	1.940975822e-23
453.82209	1.947638698e-23
455.21798	1.954334083e-23
456.61816	1.961062102e-23
458.02266	1.967823010e-23
459.43147	1.974616924e-23
460.84462	1.981443938e-23
462.26211	1.988304299e-23
463.68396	1.995198136e-23
465.11019	2.002125573e-23
466.5408	2.009086865e-23
467.97581	2.016082082e-23
469.41524	2.023111409e-23
470.8591	2.030175067e-23
472.30739	2.037273139e-23
473.76014	2.044405891e-23
475.21736	2.051573375e-23
476.67906	2.058775869e-23
478.14526	2.066013449e-23
479.61597	2.073286393e-23
481.0912	2.080594757e-23
482.57096	2.087938706e-23
484.05528	2.095318567e-23
485.54417	2.102734338e-23
487.03763	2.110186280e-23
488.53569	2.117674551e-23
490.03836	2.125199376e-23
491.54565	2.132760814e-23
493.05757	2.140359149e-23
494.57415	2.147994484e-23
496.09539	2.155667027e-23
497.62131	2.163376972e-23
499.15192	2.171124495e-23
500.68724	2.178909732e-23
502.22728	2.186732918e-23
503.77206	2.194594191e-23
505.32159	2.202493786e-23
506.87589	2.210431844e-23
508.43497	2.218408600e-23
509.99884	2.226424174e-23
511.56753	2.234478788e-23
513.14103	2.242572578e-23
514.71938	2.250705789e-23
516.30259	2.258878601e-23
517.89066	2.267091175e-23
519.48362	2.275343734e-23
521.08148	2.283636461e-23
522.68425	2.291969539e-23
524.29195	2.300343174e-23
525.9046	2.308757512e-23
527.52221	2.317212797e-23
529.14479	2.325709215e-23
530.77236	2.334246913e-23
532.40495	2.342826182e-23
534.04255	2.351447166e-23
535.68519	2.360110096e-23
537.33288	2.368815040e-23
538.98564	2.377562390e-23
540.64348	2.386352215e-23
542.30642	2.395184727e-23
543.97448	2.404060200e-23
545.64767	2.412978825e-23
547.326	2.421940736e-23
549.0095	2.430946167e-23
550.69818	2.439995374e-23
552.39205	2.449088550e-23
554.09112	2.458225831e-23
555.79543	2.467407477e-23
557.50498	2.476633724e-23
559.21978	2.485904707e-23
560.93986	2.495220731e-23
562.66524	2.504581952e-23
564.39591	2.513988589e-23
566.13192	2.523440867e-23
567.87326	2.532939003e-23
569.61995	2.542483221e-23
571.37202	2.552073706e-23
573.12948	2.561710721e-23
574.89235	2.571394429e-23
576.66064	2.581125097e-23
578.43436	2.590902929e-23
580.21354	2.600728174e-23
581.9982	2.610600997e-23
583.78834	2.620521709e-23
585.58399	2.630490435e-23
587.38517	2.640507469e-23
589.19188	2.650573057e-23
591.00415	2.660687334e-23
592.82199	2.670850566e-23
594.64543	2.681063075e-23
596.47448	2.691325008e-23
598.30915	2.701636578e-23
600.14946	2.711998020e-23
601.99543	2.722409632e-23
603.84709	2.732871613e-23
605.70443	2.743384195e-23
607.5675	2.753947683e-23
609.43629	2.764562185e-23
611.31083	2.775228028e-23
613.19113	2.785945492e-23
615.07722	2.796714717e-23
616.96911	2.807535984e-23
618.86682	2.818409534e-23
620.77037	2.829335678e-23
622.67977	2.840314572e-23
624.59504	2.851346462e-23
626.51621	2.862431681e-23
628.44328	2.873570429e-23
630.37629	2.884763001e-23
632.31523	2.896009512e-23
634.26014	2.907310386e-23
636.21104	2.918665807e-23
638.16793	2.930075917e-23
640.13085	2.941541208e-23
642.0998	2.953061757e-23
644.07481	2.964637837e-23
646.05589	2.976269814e-23
648.04307	2.987957832e-23
650.03635	2.999702233e-23
652.03577	3.011503188e-23
654.04134	3.023361063e-23
656.05308	3.035276117e-23
658.07101	3.047248540e-23
660.09514	3.059278639e-23
662.1255	3.071366696e-23
664.1621	3.083513014e-23
666.20497	3.095717748e-23
668.25412	3.107981270e-23
670.30958	3.120303867e-23
672.37136	3.132685782e-23
674.43947	3.145127190e-23
676.51395	3.157628537e-23
678.59481	3.170190002e-23
680.68208	3.182811944e-23
682.77576	3.195494583e-23
684.87588	3.208238147e-23
686.98246	3.221043044e-23
689.09552	3.233909475e-23
691.21508	3.246837780e-23
693.34116	3.259828169e-23
695.47378	3.272880980e-23
697.61296	3.285996561e-23
699.75872	3.299175117e-23
701.91107	3.312416970e-23
704.07005	3.325722446e-23
706.23567	3.339091734e-23
708.40795	3.352525250e-23
710.58691	3.366023272e-23
712.77258	3.379586041e-23
714.96497	3.393213951e-23
717.1641	3.406907221e-23
719.36999	3.420666130e-23
721.58267	3.434491128e-23
723.80216	3.448382364e-23
726.02847	3.462340170e-23
728.26163	3.476365000e-23
730.50166	3.490457000e-23
732.74858	3.504616533e-23
735.00241	3.518843959e-23
737.26317	3.533139501e-23
739.53089	3.547503546e-23
741.80558	3.561936434e-23
744.08727	3.576438416e-23
746.37598	3.591009855e-23
748.67172	3.605651027e-23
750.97453	3.620362349e-23
753.28442	3.635144025e-23
755.60142	3.649996519e-23
757.92554	3.664919969e-23
760.25681	3.679914913e-23
762.59525	3.694981511e-23
764.94089	3.710120237e-23
767.29374	3.725331369e-23
769.65382	3.740615143e-23
772.02117	3.755972059e-23
774.3958	3.771402398e-23
776.77773	3.786906402e-23
779.16699	3.802484547e-23
781.56359	3.818137119e-23
783.96757	3.833864481e-23
786.37895	3.849666947e-23
788.79774	3.865544879e-23
791.22397	3.881498615e-23
793.65766	3.897528548e-23
796.09884	3.913634946e-23
798.54752	3.929818248e-23
801.00374	3.946078823e-23
803.46752	3.962416995e-23
805.93887	3.978833059e-23
808.41782	3.995327437e-23
810.9044	4.011900476e-23
813.39863	4.028552578e-23
815.90052	4.045284043e-23
818.41012	4.062095347e-23
820.92743	4.078986770e-23
823.45249	4.095958618e-23
825.98531	4.113011416e-23
828.52592	4.130145450e-23
831.07435	4.147361078e-23
833.63062	4.164658782e-23
836.19475	4.182038822e-23
838.76676	4.199501612e-23
841.34669	4.217047614e-23
843.93456	4.234677092e-23
846.53038	4.252390509e-23
849.13419	4.270188183e-23
851.746	4.288070582e-23
854.36585	4.306038101e-23
856.99376	4.324091084e-23
859.62975	4.342229875e-23
862.27385	4.360455001e-23
864.92608	4.378766734e-23
867.58647	4.397165597e-23
870.25504	4.415651870e-23
872.93182	4.434226080e-23
875.61684	4.452888530e-23
878.31011	4.471639701e-23
881.01167	4.490479924e-23
883.72154	4.509409710e-23
886.43974	4.528429338e-23
889.1663	4.547539349e-23
891.90125	4.566740127e-23
894.64461	4.586032037e-23
897.39641	4.605415542e-23
900.15667	4.624891084e-23
902.92543	4.644459005e-23
905.7027	4.664119876e-23
908.48851	4.683874015e-23
911.28289	4.703721818e-23
914.08587	4.723663835e-23
916.89747	4.743700441e-23
919.71771	4.763832007e-23
922.54664	4.784059144e-23
925.38426	4.804382095e-23
928.23061	4.824801448e-23
931.08571	4.845317582e-23
933.9496	4.865930929e-23
936.8223	4.886641948e-23
939.70383	4.907451181e-23
942.59423	4.928358905e-23
945.49351	4.949365718e-23
948.40172	4.970472083e-23
951.31886	4.991678338e-23
954.24499	5.012985056e-23
957.18011	5.034392575e-23
960.12426	5.055901500e-23
963.07746	5.077512225e-23
966.03975	5.099225274e-23
969.01115	5.121041049e-23
971.99169	5.142960051e-23
974.9814	5.164982707e-23
977.98031	5.187109604e-23
980.98844	5.209341145e-23
984.00582	5.231677839e-23
987.03248	5.254120200e-23
990.06845	5.276668581e-23
993.11376	5.299323656e-23
996.16844	5.322085784e-23
999.23251	5.344955535e-23
1002.306	5.367933267e-23
1005.389	5.391019828e-23
1008.4814	5.414215201e-23
1011.5833	5.437520180e-23
1014.6948	5.460935318e-23
1017.8159	5.484461226e-23
1020.9465	5.508097921e-23
1024.0868	5.531846391e-23
1027.2368	5.555707171e-23
1030.3964	5.579680365e-23
1033.5658	5.603766886e-23
1036.7449	5.627967002e-23
1039.9337	5.652281089e-23
1043.1324	5.676710235e-23
1046.341	5.701254734e-23
1049.5594	5.725914862e-23
1052.7876	5.750691085e-23
1056.0259	5.775584603e-23
1059.2741	5.800595424e-23
1062.5322	5.825723933e-23
1065.8004	5.850971066e-23
1069.0787	5.876337466e-23
1072.367	5.901823162e-23
1075.6655	5.927429184e-23
1078.9741	5.953155819e-23
1082.2928	5.979003461e-23
1085.6218	6.004973230e-23
1088.961	6.031065164e-23
1092.3105	6.057280193e-23
1095.6703	6.083618636e-23
1099.0404	6.110081067e-23
1102.4209	6.136668252e-23
1105.8118	6.163380599e-23
1109.2131	6.190218689e-23
1112.6249	6.217183209e-23
1116.0472	6.244274655e-23
1119.48	6.271493616e-23
1122.9234	6.298840784e-23
1126.3773	6.326316469e-23
1129.8419	6.353921563e-23
1133.3171	6.381656465e-23
1136.803	6.409521877e-23
1140.2997	6.437518506e-23
1143.8071	6.465646752e-23
1147.3253	6.493907327e-23
1150.8543	6.522300744e-23
1154.3942	6.550827893e-23
1157.9449	6.579488834e-23
1161.5066	6.608284742e-23
1165.0792	6.637215944e-23
1168.6628	6.666283073e-23
1172.2575	6.695487117e-23
1175.8632	6.724828232e-23
1179.48	6.754307320e-23
1183.1079	6.783924738e-23
1186.7469	6.813681285e-23
1190.3972	6.843577803e-23
1194.0587	6.873614724e-23
1197.7314	6.903792585e-23
1201.4155	6.934112505e-23
1205.1109	6.964574649e-23
1208.8176	6.995179743e-23
1212.5358	7.025928731e-23
1216.2654	7.056821967e-23
1220.0064	7.087860088e-23
1223.759	7.119044141e-23
1227.5231	7.150374479e-23
1231.2988	7.181851953e-23
1235.0861	7.213477031e-23
1238.885	7.245250363e-23
1242.6957	7.277173190e-23
1246.518	7.309245401e-23
1250.3521	7.341468149e-23
1254.1981	7.373842390e-23
1258.0558	7.406368106e-23
1261.9254	7.439046461e-23
1265.8069	7.471878030e-23
1269.7003	7.504863481e-23
1273.6058	7.538003988e-23
1277.5232	7.571299448e-23
1281.4527	7.604751221e-23
1285.3942	7.638359506e-23
1289.3479	7.672125577e-23
1293.3138	7.706049932e-23
1297.2918	7.740133052e-23
1301.2821	7.774376128e-23
1305.2847	7.808779665e-23
1309.2995	7.843344054e-23
1313.3268	7.878070797e-23
1317.3664	7.912959990e-23
1321.4184	7.948012635e-23
1325.4829	7.983229451e-23
1329.5599	8.018611236e-23
1333.6494	8.054158508e-23
1337.7515	8.089872373e-23
1341.8663	8.125753750e-23
1345.9937	8.161802862e-23
1350.1337	8.198020517e-23
1354.2866	8.234408159e-23
1358.4522	8.270965994e-23
1362.6306	8.307694855e-23
1366.8218	8.344595381e-23
1371.026	8.381668998e-23
1375.2431	8.418915947e-23
1379.4731	8.456337052e-23
1383.7162	8.493933376e-23
1387.9723	8.531705543e-23
1392.2415	8.569654408e-23
1396.5238	8.607780713e-23
1400.8193	8.646085318e-23
1405.1281	8.684569481e-23
1409.45	8.723233036e-23
1413.7853	8.762077863e-23
1418.1339	8.801104113e-23
1422.4959	8.840312860e-23
1426.8713	8.879704961e-23
1431.2601	8.919281081e-23
1435.6625	8.959042411e-23
1440.0784	8.998989514e-23
1444.5079	9.039123372e-23
1448.951	9.079444759e-23
1453.4077	9.119954353e-23
1457.8782	9.160653466e-23
1462.3624	9.201542660e-23
1466.8604	9.242622939e-23
1471.3723	9.283895303e-23
1475.898	9.325360332e-23
1480.4377	9.367019252e-23
1484.9913	9.408872540e-23
1489.5589	9.450921310e-23
1494.1406	9.493166683e-23
1498.7364	9.535609262e-23
1503.3463	9.578250056e-23
1507.9703	9.621089574e-23
1512.6086	9.664129466e-23
1517.2612	9.707370447e-23
1521.9281	9.750813234e-23
1526.6093	9.794458651e-23
1531.305	9.838308062e-23
1536.015	9.882361749e-23
1540.7396	9.926621510e-23
1545.4787	9.971087650e-23
1550.2324	1.001576133e-22
1555.0007	1.006064348e-22
1559.7836	1.010573486e-22
1564.5813	1.015103694e-22
1569.3937	1.019655016e-22
1574.221	1.024227610e-22
1579.063	1.028821457e-22
1583.92	1.033436781e-22
1588.7919	1.038073728e-22
1593.6788	1.042732179e-22
1598.5807	1.047412397e-22
1603.4978	1.052114502e-22
1608.4299	1.056838383e-22
1613.3772	1.061584367e-22
1618.3397	1.066352513e-22
1623.3175	1.071142908e-22
1628.3106	1.075955612e-22
1633.319	1.080790784e-22
1638.3429	1.085648445e-22
1643.3822	1.090528725e-22
1648.437	1.095431818e-22
1653.5074	1.100357817e-22
1658.5933	1.105306642e-22
1663.6949	1.110278629e-22
1668.8122	1.115273732e-22
1673.9452	1.120292116e-22
1679.0941	1.125333908e-22
1684.2587	1.130399206e-22
1689.4393	1.135488066e-22
1694.6357	1.140600694e-22
1699.8482	1.145737144e-22
1705.0767	1.150897445e-22
1710.3213	1.156081905e-22
1715.582	1.161290372e-22
1720.8588	1.166523122e-22
1726.152	1.171780319e-22
1731.4614	1.177061957e-22
1736.7871	1.182368241e-22
1742.1292	1.187699162e-22
1747.4877	1.193054997e-22
1752.8628	1.198435771e-22
1758.2543	1.203841480e-22
1763.6625	1.209272506e-22
1769.0872	1.214728739e-22
1774.5287	1.220210345e-22
1779.9869	1.225717465e-22
1785.4619	1.231250306e-22
1790.9537	1.236808827e-22
1796.4624	1.242393237e-22
1801.9881	1.248003746e-22
1807.5308	1.253640202e-22
1813.0905	1.259303002e-22
1818.6673	1.264992137e-22
1824.2612	1.270707676e-22
1829.8724	1.276449865e-22
1835.5008	1.282218850e-22
1841.1466	1.288014658e-22
1846.8097	1.293837322e-22
1852.4902	1.299687170e-22
1858.1882	1.305564195e-22
1863.9037	1.311468578e-22
1869.6368	1.317400424e-22
1875.3876	1.323359839e-22
1881.156	1.329346969e-22
1886.9422	1.335361959e-22
1892.7461	1.341404955e-22
1898.5679	1.347475988e-22
1904.4077	1.353575390e-22
1910.2653	1.359703051e-22
1916.1411	1.365859299e-22
1922.0348	1.372043987e-22
1927.9467	1.378257633e-22
1933.8768	1.384500088e-22
1939.8252	1.390771573e-22
1945.7918	1.397072240e-22
1951.7768	1.403402123e-22
1957.7802	1.409761526e-22
1963.802	1.416150409e-22
1969.8424	1.422569149e-22
1975.9013	1.429017557e-22
1981.9789	1.435496012e-22
1988.0752	1.442004591e-22
1994.1903	1.448543408e-22
2000.3241	1.455112618e-22
2006.4768	1.461712257e-22
2012.6484	1.468342635e-22
2018.8391	1.475003904e-22
2025.0487	1.481696070e-22
2031.2775	1.488419322e-22
2037.5254	1.495173819e-22
2043.7926	1.501959832e-22
2050.079	1.508777171e-22
2056.3847	1.515626305e-22
2062.7099	1.522507272e-22
2069.0545	1.529420115e-22
2075.4186	1.536365073e-22
2081.8023	1.543342381e-22
2088.2056	1.550352005e-22
2094.6286	1.557394302e-22
2101.0714	1.564469273e-22
2107.534	1.571577003e-22
2114.0165	1.578717851e-22
2120.5189	1.585891901e-22
2127.0413	1.593099157e-22
2133.5838	1.600339980e-22
2140.1464	1.607614337e-22
2146.7292	1.614922590e-22
2153.3322	1.622264707e-22
2159.9556	1.629640971e-22
2166.5993	1.637051430e-22
2173.2634	1.644496210e-22
2179.9481	1.651975716e-22
2186.6533	1.659489879e-22
2193.3791	1.667038946e-22
2200.1256	1.674623046e-22
2206.8929	1.682242426e-22
2213.681	1.689897057e-22
2220.49	1.697587309e-22
2227.3199	1.705313275e-22
2234.1708	1.713074962e-22
2241.0428	1.720872867e-22
2247.9359	1.728706838e-22
2254.8503	1.736577167e-22
2261.7859	1.744484154e-22
2268.7428	1.752427686e-22
2275.7211	1.760408142e-22
2282.7209	1.768425655e-22
2289.7422	1.776480320e-22
2296.7852	1.784572434e-22
2303.8497	1.792702014e-22
2310.9361	1.800869438e-22
2318.0442	1.809074723e-22
2325.1741	1.817318006e-22
2332.3261	1.825599628e-22
2339.5	1.833919606e-22
2346.6959	1.842278206e-22
2353.914	1.850675602e-22
2361.1543	1.859111896e-22
2368.4169	1.867587352e-22
2375.7018	1.876102197e-22
2383.0091	1.884656444e-22
2390.3389	1.893250487e-22
2397.6913	1.901884342e-22
2405.0662	1.910558196e-22
2412.4639	1.919272399e-22
2419.8843	1.928026888e-22
2427.3275	1.936822059e-22
2434.7936	1.945658058e-22
2442.2827	1.954534901e-22
2449.7948	1.963453077e-22
2457.33	1.972412475e-22
2464.8884	1.981413498e-22
2472.4701	1.990456293e-22
2480.075	1.999540926e-22
2487.7034	2.008667755e-22
2495.3552	2.017836846e-22
2503.0306	2.027048520e-22
2510.7295	2.036302844e-22
2518.4522	2.045600180e-22
2526.1986	2.054940595e-22
2533.9688	2.064324244e-22
2541.763	2.073751447e-22
2549.5811	2.083222405e-22
2557.4232	2.092737141e-22
2565.2895	2.102296111e-22
2573.1799	2.111899388e-22
2581.0947	2.121547076e-22
2589.0338	2.131239643e-22
2596.9973	2.140976983e-22
2604.9852	2.150759603e-22
2612.9978	2.160587482e-22
2621.035	2.170460958e-22
2629.097	2.180380231e-22
2637.1837	2.190345377e-22
2645.2953	2.200356728e-22
2653.4318	2.210414537e-22
2661.5934	2.220518874e-22
2669.7801	2.230670123e-22
2677.992	2.240868447e-22
2686.2291	2.251113968e-22
2694.4915	2.261406980e-22
2702.7794	2.271747692e-22
2711.0928	2.282136358e-22
2719.4317	2.292573102e-22
2727.7963	2.303058267e-22
2736.1866	2.313592112e-22
2744.6027	2.324174534e-22
2753.0448	2.334806147e-22
2761.5127	2.345486993e-22
2770.0067	2.356217327e-22
2778.5269	2.366997452e-22
2787.0732	2.377827456e-22
2795.6459	2.388707593e-22
2804.2449	2.399638222e-22
2812.8704	2.410619422e-22
2821.5223	2.421651554e-22
2830.201	2.432734783e-22
2838.9062	2.443869248e-22
2847.6383	2.455055391e-22
2856.3972	2.466293438e-22
2865.1831	2.477583472e-22
2873.996	2.488925764e-22
2882.836	2.500320630e-22
2891.7032	2.511768248e-22
2900.5977	2.523268935e-22
2909.5195	2.534822829e-22
2918.4688	2.546430291e-22
2927.4456	2.558091599e-22
2936.45	2.569806794e-22
2945.4821	2.581576200e-22
2954.542	2.593400279e-22
2963.6297	2.605279029e-22
2972.7454	2.617212823e-22
2981.8892	2.629201843e-22
2991.061	2.641246328e-22
3000.2611	2.653346694e-22
3009.4895	2.665503086e-22
3018.7463	2.677715833e-22
3028.0315	2.689985078e-22
3037.3453	2.702311197e-22
3046.6877	2.714694196e-22
3056.0589	2.727134736e-22
3065.4589	2.739632822e-22
3074.8878	2.752188789e-22
3084.3457	2.764802832e-22
3093.8327	2.777475429e-22
3103.3489	2.790206489e-22
3112.8944	2.802996639e-22
3122.4692	2.815846029e-22
3132.0735	2.828754904e-22
3141.7073	2.841723414e-22
3151.3708	2.854752093e-22
3161.0639	2.867841050e-22
3170.7869	2.880990721e-22
3180.5398	2.894201115e-22
3190.3227	2.907472726e-22
3200.1357	2.920805757e-22
3209.9788	2.934200511e-22
3219.8523	2.947657283e-22
3229.7561	2.961176334e-22
3239.6903	2.974758014e-22
3249.6552	2.988402625e-22
3259.6506	3.002110232e-22
3269.6769	3.015881333e-22
3279.7339	3.029716290e-22
3289.8219	3.043615112e-22
3299.941	3.057578452e-22
3310.0911	3.071606282e-22
3320.2725	3.085699203e-22
3330.4852	3.099857234e-22
3340.7293	3.114080736e-22
3351.0049	3.128370224e-22
3361.3121	3.142725764e-22
3371.651	3.157147720e-22
3382.0217	3.171636462e-22
3392.4243	3.186192205e-22
3402.859	3.200815520e-22
3413.3257	3.215506377e-22
3423.8246	3.230265198e-22
3434.3558	3.245092207e-22
3444.9194	3.259988074e-22
3455.5154	3.274952676e-22
3466.1441	3.289986634e-22
3476.8055	3.305090127e-22
3487.4996	3.320263485e-22
3498.2267	3.335507183e-22
3508.9867	3.350821353e-22
3519.7799	3.366206320e-22
3530.6062	3.381662522e-22
3541.4659	3.397190288e-22
3552.3589	3.412789907e-22
3563.2855	3.428461706e-22
3574.2456	3.444205977e-22
3585.2395	3.460023049e-22
3596.2672	3.475913421e-22
3607.3288	3.491877170e-22
3618.4244	3.507914848e-22
3629.5542	3.524026893e-22
3640.7182	3.540213342e-22
3651.9165	3.556474590e-22
3663.1493	3.572811239e-22
3674.4166	3.589223324e-22
3685.7186	3.605711450e-22
3697.0553	3.622275814e-22
3708.427	3.638916913e-22
3719.8336	3.655634896e-22
3731.2752	3.672430167e-22
3742.7521	3.689303228e-22
3754.2643	3.706254282e-22
3765.8119	3.723283891e-22
3777.395	3.740392149e-22
3789.0137	3.757579627e-22
3800.6682	3.774846623e-22
3812.3585	3.792193343e-22
3824.0848	3.809620410e-22
3835.8471	3.827128191e-22
3847.6456	3.844716830e-22
3859.4804	3.862386906e-22
3871.3516	3.880138679e-22
3883.2594	3.897972618e-22
3895.2037	3.915888885e-22
3907.1848	3.933888162e-22
3919.2028	3.951970715e-22
3931.2577	3.970136755e-22
3943.3497	3.988387084e-22
3955.4788	4.006721595e-22
3967.6453	4.025140979e-22
3979.8493	4.043645505e-22
3992.0907	4.062235665e-22
4004.3698	4.080911833e-22
4016.6867	4.099674444e-22
4029.0414	4.118523721e-22
4041.4342	4.137460200e-22
4053.8651	4.156484270e-22
4066.3342	4.175596373e-22
4078.8417	4.194796835e-22
4091.3876	4.214086052e-22
4103.9721	4.233464514e-22
4116.5954	4.252932556e-22
4129.2574	4.272490687e-22
4141.9584	4.292139294e-22
4154.6985	4.311878660e-22
4167.4778	4.331709403e-22
4180.2963	4.351631924e-22
4193.1543	4.371646447e-22
4206.0519	4.391753596e-22
4218.9891	4.411953607e-22
4231.9661	4.432247158e-22
4244.983	4.452634543e-22
4258.04	4.473116105e-22
4271.1371	4.493692425e-22
4284.2745	4.514364018e-22
4297.4524	4.535131068e-22
4310.6707	4.555994101e-22
4323.9297	4.576953694e-22
4337.2295	4.598010147e-22
4350.5702	4.619164103e-22
4363.9519	4.640415692e-22
4377.3748	4.661765613e-22
4390.839	4.683214344e-22
4404.3446	4.704762188e-22
4417.8918	4.726409683e-22
4431.4806	4.748157251e-22
4445.1112	4.770005430e-22
4458.7837	4.791954531e-22
4472.4983	4.814005092e-22
4486.2551	4.836157776e-22
4500.0541	4.858412667e-22
4513.8957	4.880770592e-22
4527.7798	4.903231935e-22
4541.7066	4.925797070e-22
4555.6762	4.948466489e-22
4569.6888	4.971240744e-22
4583.7446	4.994120387e-22
4597.8435	5.017105634e-22
4611.9858	5.040197269e-22
4626.1716	5.063395621e-22
4640.4011	5.086701245e-22
4654.6743	5.110114597e-22
4668.9914	5.133636059e-22
4683.3526	5.157266551e-22
4697.7579	5.181005996e-22
4712.2075	5.204855317e-22
4726.7016	5.228814904e-22
4741.2403	5.252885275e-22
4755.8236	5.277066890e-22
4770.4519	5.301360436e-22
4785.1251	5.325766143e-22
4799.8435	5.350284644e-22
4814.6071	5.374916588e-22
4829.4162	5.399662252e-22
4844.2708	5.424522467e-22
4859.1711	5.449497640e-22
4874.1172	5.474588119e-22
4889.1093	5.499794675e-22
4904.1475	5.525117661e-22
4919.2319	5.550557612e-22
4934.3628	5.576115360e-22
4949.5402	5.601791208e-22
4964.7643	5.627585753e-22
4980.0352	5.653499537e-22
4995.3531	5.679532982e-22
5010.7181	5.705686996e-22
5026.1303	5.731961581e-22
5041.59	5.758357951e-22
5057.0972	5.784876048e-22
5072.6521	5.811516853e-22
5088.2549	5.838280793e-22
5103.9056	5.865168554e-22
5119.6045	5.892180438e-22
5135.3517	5.919317195e-22
5151.1473	5.946579386e-22
5166.9915	5.973967630e-22
5182.8844	6.001482499e-22
5198.8262	6.029124431e-22
5214.8171	6.056894239e-22
5230.8571	6.084792254e-22
5246.9465	6.112819350e-22
5263.0854	6.140975918e-22
5279.2739	6.169262724e-22
5295.5122	6.197680214e-22
5311.8004	6.226228973e-22
5328.1387	6.254909646e-22
5344.5273	6.283722870e-22
5360.9663	6.312669426e-22
5377.4559	6.341749774e-22
5393.9962	6.370964313e-22
5410.5874	6.400314077e-22
5427.2296	6.429799469e-22
5443.923	6.459420959e-22
5460.6677	6.489179524e-22
5477.4639	6.519075447e-22
5494.3118	6.549109575e-22
5511.2116	6.579282772e-22
5528.1633	6.609595198e-22
5545.1671	6.640047712e-22
5562.2233	6.670640860e-22
5579.3319	6.701375571e-22
5596.4931	6.732252337e-22
5613.7071	6.763271639e-22
5630.9741	6.794434346e-22
5648.2942	6.825741086e-22
5665.6675	6.857192477e-22
5683.0943	6.888789273e-22
5700.5747	6.920532097e-22
5718.1088	6.952421579e-22
5735.6969	6.984458474e-22
5753.3391	7.016643419e-22
5771.0356	7.048977105e-22
5788.7865	7.081459980e-22
5806.5919	7.114093273e-22
5824.4522	7.146877219e-22
5842.3674	7.179819904e-22
5860.3377	7.212914948e-22
5878.3632	7.246162810e-22
5896.4443	7.279564321e-22
5914.5809	7.313120215e-22
5932.7733	7.346831069e-22
5951.0217	7.380697802e-22
5969.3262	7.414720881e-22
5987.687	7.448901222e-22
6006.1042	7.483239296e-22
6024.5781	7.517736093e-22
6043.1089	7.552392347e-22
6061.6966	7.587208665e-22
6080.3416	7.622185908e-22
6099.0438	7.657324630e-22
6117.8036	7.692625696e-22
6136.6211	7.728089789e-22
6155.4965	7.763717857e-22
6174.4299	7.799510380e-22
6193.4216	7.835468377e-22
6212.4717	7.871592541e-22
6231.5804	7.907883422e-22
6250.7478	7.944341921e-22
6269.9742	7.980969063e-22
6289.2598	8.017765207e-22
6308.6046	8.054731397e-22
6328.009	8.091868531e-22
6347.4731	8.129176910e-22
6366.997	8.166657852e-22
6386.581	8.204312000e-22
6406.2252	8.242139851e-22
6425.9298	8.280142612e-22
6445.6951	8.318320920e-22
6465.5211	8.356675635e-22
6485.4081	8.395207407e-22
6505.3563	8.433917239e-22
6525.3659	8.472805918e-22
6545.437	8.511874388e-22
6565.5698	8.551123033e-22
6585.7646	8.590553137e-22
6606.0215	8.630165433e-22
6626.3406	8.669960676e-22
6646.7223	8.709939801e-22
6667.1667	8.750103550e-22
6687.674	8.790452745e-22
6708.2443	8.830988348e-22
6728.8779	8.871711244e-22
6749.575	8.912622476e-22
6770.3357	8.953722366e-22
6791.1603	8.995012251e-22
6812.0489	9.036492882e-22
6833.0018	9.078164958e-22
6854.0192	9.120029737e-22
6875.1012	9.162087779e-22
6896.248	9.204340146e-22
6917.4599	9.246787745e-22
6938.737	9.289431364e-22
6960.0796	9.332271917e-22
6981.4878	9.375310409e-22
7002.9619	9.418547765e-22
7024.502	9.461984774e-22
7046.1083	9.505622305e-22
7067.7812	9.549461786e-22
7089.5207	9.593503524e-22
7111.327	9.637748603e-22
7133.2004	9.682197967e-22
7155.1412	9.726852999e-22
7177.1494	9.771714224e-22
7199.2252	9.816782307e-22
7221.369	9.862058927e-22
7243.5809	9.907544687e-22
7265.8612	9.953240333e-22
7288.2099	9.999147277e-22
7310.6274	1.004526612e-21
7333.1139	1.009159798e-21
7355.6695	1.013814391e-21
7378.2945	1.018490490e-21
7400.9891	1.023188186e-21
7423.7535	1.027907568e-21
7446.5879	1.032648753e-21
7469.4925	1.037411832e-21
7492.4676	1.042196926e-21
7515.5134	1.047004106e-21
7538.63	1.051833502e-21
7561.8178	1.056685222e-21
7585.0769	1.061559330e-21
7608.4075	1.066455942e-21
7631.8099	1.071375183e-21
7655.2842	1.076317139e-21
7678.8308	1.081281942e-21
7702.4498	1.086269658e-21
7726.1414	1.091280405e-21
7749.906	1.096314316e-21
7773.7436	1.101371473e-21
7797.6545	1.106451980e-21
7821.639	1.111555962e-21
7845.6972	1.116683511e-21
7869.8295	1.121834761e-21
7894.0359	1.127009772e-21
7918.3169	1.132208710e-21
7942.6725	1.137431661e-21
7967.103	1.142678705e-21
7991.6087	1.147950019e-21
8016.1898	1.153245681e-21
8040.8464	1.158565781e-21
8065.5789	1.163910459e-21
8090.3875	1.169279814e-21
8115.2724	1.174673994e-21
8140.2338	1.180093078e-21
8165.272	1.185537173e-21
8190.3872	1.191006430e-21
8215.5797	1.196500957e-21
8240.8496	1.202020826e-21
8266.1973	1.207566226e-21
8291.623	1.213137236e-21
8317.1268	1.218733953e-21
8342.7091	1.224356520e-21
8368.3701	1.230005087e-21
8394.11	1.235679713e-21
8419.9291	1.241380558e-21
8445.8276	1.247107726e-21
8471.8058	1.252861356e-21
8497.8639	1.258641578e-21
8524.0021	1.264448450e-21
8550.2207	1.270282183e-21
8576.52	1.276142843e-21
8602.9001	1.282030555e-21
8629.3614	1.287945491e-21
8655.9041	1.293887734e-21
8682.5285	1.299857425e-21
8709.2347	1.305854666e-21
8736.0231	1.311879631e-21
8762.8938	1.317932397e-21
8789.8472	1.324013138e-21
8816.8836	1.330121950e-21
8844.003	1.336258999e-21
8871.2059	1.342424374e-21
8898.4925	1.348618210e-21
8925.863	1.354840667e-21
8953.3177	1.361091867e-21
8980.8568	1.367371948e-21
9008.4807	1.373681014e-21
9036.1895	1.380019221e-21
9063.9835	1.386386714e-21
9091.863	1.392783593e-21
9119.8283	1.399210029e-21
9147.8796	1.405666138e-21
9176.0172	1.412152069e-21
9204.2413	1.418667962e-21
9232.5522	1.425213943e-21
9260.9503	1.431790145e-21
9289.4356	1.438396719e-21
9318.0086	1.445033832e-21
9346.6695	1.451701578e-21
9375.4185	1.458400100e-21
9404.256	1.465129584e-21
9433.1821	1.471890142e-21
9462.1973	1.478681917e-21
9491.3016	1.485505066e-21
9520.4955	1.492359732e-21
9549.7792	1.499246038e-21
9579.153	1.506164163e-21
9608.6171	1.513114230e-21
9638.1718	1.520096396e-21
9667.8175	1.527110800e-21
9697.5543	1.534157608e-21
9727.3826	1.541236960e-21
9757.3027	1.548349015e-21
9787.3147	1.555493890e-21
9817.4191	1.562671785e-21
9847.6161	1.569882827e-21
9877.906	1.577127175e-21
9908.289	1.584404957e-21
9938.7655	1.591716368e-21
9969.3357	1.599061534e-21
10000	1.606440628e-21
