1 0.00012480733807344099 4.98726e-20
3 0.0001720919355327018 3.00641e-20
2 0.00024347743077881892 1.7564e-20
4 0.0003048149057635929 1.21099e-20
5 0.00039204564492815254 8.0373e-21
6 0.0005313043161136585 5.20849e-21
7 0.0007642417972596262 2.99971e-21
9 0.0009911052057306074 1.92737e-21
8 0.001281134334129667 1.34756e-21
10 0.001646689877421182 9.29316e-22
11 0.00218982412057767 6.1151e-22
12 0.0029784183068453946 3.78732e-22
13 0.003944218413754164 2.51461e-22
14 0.005104803710061123 1.78734e-22
15 0.006688192002389396 1.11774e-22
16 0.00970855324353968 6.56796e-23
17 0.01391100658878573 3.85877e-23
18 0.01938013533914824 2.40655e-23
19 0.024699131834123145 1.55171e-23
20 0.032254312490169905 1.07096e-23
21 0.04908022446772082 5.82171e-24
22 0.0701551227051238 3.37435e-24
23 0.09504344646405107 2.25454e-24
24 0.12658812191650692 1.59892e-24
25 0.20130871053659374 1.22623e-24
26 0.32314859389740075 1.32333e-24
27 0.5254584157756255 1.61707e-24
28 0.8495780938694252 2.04956e-24
29 1.4007861747781358 2.70049e-24
30 2.3235759691731124 3.60589e-24
31 3.65634890948009 4.81828e-24
32 6.187021273377879 7.30692e-24
33 9.839005869979385 1.1911e-23
34 16.16836690766415 2.20165e-23
35 26.445150675689003 4.33783e-23
36 42.202865630277294 8.65214e-23
37 68.1835852471937 1.75828e-22
38 109.0031055688276 3.53838e-22
39 175.70963671355375 7.28514e-22
40 274.05282547246503 1.41274e-21
41 450.34901827232727 2.62974e-21
